          -7.43041
           3.86479
           9.60089
          12.68212
           6.44173
         -10.74395
          19.71145
           0.34398
          17.65551
          13.01741
          -7.12278
           4.41770
          10.85526
           5.03301
          -5.18250
          27.51321
          12.27469
          17.68623
           8.89479
          -7.29779
          -5.02413
          -4.73167
          18.82681
           9.40072
           3.39624
           8.33003
           5.90057
           3.60361
           4.45573
         -13.94631
           5.71405
          12.71555
          -9.85340
          29.03747
          -7.50536
          -3.34573
          -6.32935
          -0.89205
           1.97025
          11.58726
          22.26089
         -15.09682
           5.97387
          12.46977
           1.24553
          29.96213
          -5.32046
         -10.58989
          -8.59172
           1.81808
          16.66913
           0.83119
          -3.27016
          15.02930
          11.66764
          -6.92392
           6.28813
           9.53212
         -12.92951
          -8.43738
               NaN
          15.92811
          28.39807
           7.10216
           8.52028
           9.28229
          -4.29914
          -2.71125
          -2.21042
          27.51021
          28.02623
          22.35432
          29.19523
           5.22675
           1.66755
         -26.18445
          -2.93369
         -17.50670
          22.27400
           6.14441
           6.20900
         -23.50925
           2.98920
          -3.24933
           8.06923
           4.26697
         -24.64801
           6.01495
          33.92024
          13.60821
          -0.12130
          -2.00333
           6.26103
         -16.60811
           9.23051
           5.92720
          16.45851
           5.54076
          10.53281
         -10.61516
         -16.59377
           2.28670
          22.46452
           5.66415
           2.55908
          13.75021
          -0.09073
          13.70764
         -17.02684
          30.61003
          -3.63016
           5.35556
          -8.88093
           6.22502
          -0.91103
          17.67342
           8.73670
          -0.77018
           2.01356
         -10.15464
          10.83878
           8.48151
         -15.12449
          -2.36099
           5.91764
          25.39569
           2.16535
           8.12345
          -2.27533
           2.77849
          20.95432
         -16.56587
           7.07812
          29.55639
          11.36931
          -7.29386
           2.22189
          -5.69895
          -1.83024
           6.56688
           0.69458
          15.75709
           3.85728
         -10.62808
          21.47675
          -8.80328
         -19.88069
           4.40341
           8.15283
           4.50308
          -3.80294
          17.82174
          12.73459
           5.35413
          15.62317
          -4.75450
           5.70227
          -1.45804
          -7.85750
          12.03276
         -24.83414
           7.67039
          13.59520
          10.10875
         -15.19896
           0.33184
           2.51994
          -5.77290
               NaN
          -5.90843
          14.29579
           3.43116
          24.14216
          12.31818
           2.94325
          13.69978
         -16.99354
         -10.44758
          -2.54101
          -4.27750
           5.53838
          -6.11454
           8.97778
          15.16398
          -5.60386
         -15.38337
         -15.05354
          11.31128
          -0.07152
          16.24750
          -8.87062
          20.53796
           6.73071
          10.29439
         -10.15133
          14.88294
          -2.81327
         -19.41059
           5.79228
          14.65118
          28.17417
          -3.11803
           5.43305
          -1.09240
           0.66129
          11.30936
           2.33842
          18.57236
          29.66975
          -0.73085
          -8.71646
          -2.50001
          15.39813
         -21.13610
          10.26155
           9.05094
          -2.50965
          28.55569
           8.81996
          12.17511
          -2.89327
           3.69384
          -6.17164
           8.98686
          13.15132
          -0.59853
          -1.42313
          17.16964
          12.07599
           4.43108
          -2.98764
           5.47177
          -6.62743
          -8.81014
           2.00558
          14.64383
           5.34012
          10.75327
          -7.39632
          -3.99550
         -10.22666
           8.16512
          -1.89141
          14.81921
           8.23206
           5.52492
           1.54478
          -4.12032
         -12.24151
          10.34608
          -1.02505
          19.57774
           5.22994
          -4.49854
          -4.14707
           3.45737
           6.33527
          -7.46737
         -10.99548
           6.62175
           8.92423
          17.62471
          -8.86013
           3.00701
          13.33398
          28.52720
         -28.87604
          12.26006
          -2.39947
          -4.51349
          -7.17883
           6.00030
          12.18856
           0.54964
          -1.01725
          10.78259
           6.26712
          21.26504
           6.70415
          30.68903
          -9.14806
          -4.52418
          32.74471
          -9.72089
          17.98100
           4.62840
          -7.42207
         -12.14108
          12.42081
           4.83536
           1.97668
         -21.66133
           9.30431
          -5.27437
           1.74933
          14.36945
           0.03936
         -14.69014
           3.98762
           1.81055
           8.82726
          11.79820
          -0.30008
           2.39173
           9.52188
         -17.59140
          -4.68618
          22.69730
          12.43189
          12.24482
          11.78043
          23.82361
          15.54967
         -16.81515
          -2.84666
           7.34774
          14.83280
          15.19074
          -5.24757
          28.74786
          20.69130
          20.45554
          -8.51124
           6.87461
          -8.84232
          12.44992
           3.25601
          20.66221
           1.84353
         -11.82426
           9.06124
          30.45434
           2.08128
          11.32758
          13.69122
           4.52073
          -5.11815
          19.72313
          13.72733
           6.36700
          -2.78699
          23.49224
           2.73271
         -14.16258
         -14.57263
          15.19069
          15.30908
          -9.04247
           7.83404
          -3.73930
           8.74902
           1.82538
           4.01243
          -8.32189
           9.37856
          24.59282
           0.65279
           8.95717
          -4.62438
          18.44305
          -1.36141
          -5.84082
           1.59135
          32.20943
          17.31550
          -3.62360
          27.99895
         -15.25470
           6.92647
         -27.28179
          -9.16417
          -7.78983
           4.13670
          10.55778
          17.93926
          10.86300
           4.67023
          21.52477
          14.18263
         -15.16677
           2.01787
          12.19361
          -3.10865
          25.19789
           3.49926
          10.28838
          -3.51896
          -8.96285
          16.63719
          16.11577
           6.00918
          14.43428
          -2.89474
         -13.99316
               NaN
          16.63334
           9.43447
         -16.12256
           0.76748
          20.19795
           6.38803
          26.27285
           7.62170
           1.91477
           7.55884
          14.95780
          18.34067
           9.86860
           4.54939
           6.72793
         -27.45456
          35.93415
          -9.13602
          -6.51004
          -1.98275
           0.03160
          26.14883
         -11.70169
          22.80531
          13.37410
          12.16316
          20.37180
          -4.10358
          -4.21693
           5.94933
           9.37237
          21.71999
          -3.89350
          -7.87189
          14.85080
          17.26129
         -20.83287
          -9.49243
          27.05397
          11.67577
           5.27985
          -0.28835
          16.13618
          13.11435
           3.14033
          20.67793
          10.62735
          12.30634
         -10.08660
           3.90085
          -0.46998
           5.58970
           3.55693
         -11.34373
          31.92803
          -1.62004
          22.06571
           5.40522
         -19.49611
          18.53443
           4.15300
          -8.82477
           2.43313
          -2.65136
          -2.53434
          14.10362
          -1.90283
          15.07385
           5.60786
         -11.10220
         -11.14162
          -4.68416
          -5.59469
          11.85081
         -14.53744
         -11.51627
          26.05094
          14.71130
         -17.75775
         -15.69825
          11.11710
           2.00954
           8.71276
           7.63793
          -6.28267
           5.94280
           7.69443
          -8.27674
           9.06046
         -12.33388
          -3.37188
          12.05587
         -13.29970
          -1.55273
         -13.95239
           6.53565
          14.09815
           3.47549
           1.17562
          -1.51439
          -9.19670
         -14.14691
           8.28326
           0.41198
         -21.16313
           7.77937
           6.41899
           5.19622
          15.49823
          10.94359
          -1.41182
          -2.31829
          -1.22137
          17.79917
           4.83191
           8.22506
         -20.83966
           5.41885
          -1.60623
          -3.12128
          11.14036
          18.67860
          -4.57851
           0.30721
          -4.31018
           6.30428
          15.50622
          11.41347
           4.37987
         -12.72047
           7.31964
          18.35345
           5.11411
          11.69713
         -16.28151
           0.14352
          12.87131
           3.05074
           0.43780
          16.70356
          -8.05230
           3.72757
          14.12135
          11.98297
           3.27352
         -26.77993
          19.82307
         -12.80864
          -4.71953
           9.38574
           6.55579
          -1.92830
           8.84770
           9.27936
           6.42153
           0.99482
           3.98102
           5.83186
          21.65239
         -14.46342
         -11.64275
          16.15858
           3.38268
          -1.80609
         -12.98413
          -9.04964
           7.00527
          17.03723
           8.35088
          10.24195
           6.90763
          11.77781
          15.14286
          24.70924
          20.06621
          22.56679
           1.07562
           8.95352
          -7.59337
          -6.23464
          -3.98128
          13.22053
          36.26668
          10.10295
          -3.04210
          23.90081
           0.73096
          -5.41314
          -9.56595
           1.51007
           2.64398
          17.96462
           5.42532
           6.55416
          -0.96731
          -0.50607
           5.78765
          10.09353
          24.85271
          13.42744
           0.85809
           9.20859
          -6.81895
          -7.68765
           8.32590
         -15.12115
          13.84530
          22.94212
          11.23209
           1.71241
           1.12730
          10.35288
           3.05205
         -12.77627
          -6.33439
          16.07708
          17.16361
          11.95409
           1.74265
          15.29116
          25.36633
          -7.78401
           8.43262
          -3.58606
          -1.54373
          -9.09084
          13.75508
          -8.63708
          14.40126
           7.81928
         -10.71033
         -10.77996
           4.43230
         -15.35044
           3.20788
         -11.62883
          27.03296
           4.40992
           5.01084
         -11.20409
          -3.03132
          13.63026
           4.69448
          -3.49022
           1.09844
          18.67192
           5.67403
          18.80531
         -11.99892
           1.19178
          -2.44071
           7.27948
          -8.59672
           3.29298
           2.54591
          15.61958
          -0.58939
          13.48902
          -7.54164
          13.13157
          12.42244
          15.85634
           7.44462
          -2.65023
           5.97758
           7.60328
         -22.98282
          20.44318
          19.79819
         -10.36047
           0.87060
           9.10700
         -16.45713
         -17.50780
          -9.87689
         -14.47009
         -19.18620
          -4.30381
          -0.96587
         -16.51312
           3.68199
           1.97779
          14.49808
          -6.79325
          11.39916
           4.08734
          26.36993
         -21.18138
           3.27286
          16.28465
           3.91100
          25.69846
           0.95434
           7.83077
          27.41995
         -10.64206
          32.06110
           3.93396
          12.86543
          -9.26210
          13.63868
           2.69126
           3.03361
          15.69465
         -24.59980
           3.61283
          -7.38089
          -9.59553
          23.90088
           3.63104
           5.80107
          19.23668
          -2.63619
           0.84814
          -8.11685
          -7.02240
          12.18103
          -0.47085
          -2.81829
          -9.32607
           5.33995
           3.43408
         -10.98516
         -14.85236
           1.05159
          13.93919
           1.21878
          20.14123
          -4.78832
          11.38020
          25.33849
          14.20560
          12.60608
          20.36481
           0.80281
          16.19484
           1.53621
          19.64201
           4.59092
          17.37995
          14.90882
         -14.38425
           5.51408
           0.38527
          -9.42875
          -8.89276
           5.99037
          23.85393
           7.09808
           9.31953
          10.04920
         -20.67922
           2.69091
          -9.46558
           8.86181
         -16.90480
         -13.22146
          29.94321
           7.26727
           7.11352
          -1.26278
          12.17860
           4.77648
         -12.26967
          14.24445
          -9.42868
         -17.36072
           5.56336
          15.42309
           4.69190
          15.18783
          15.32749
          23.29279
           5.01708
           4.54041
         -29.34428
          21.12263
          -2.70164
          13.80711
          18.91127
          -4.71510
         -15.34087
          -8.49705
           1.58888
          -3.71936
          13.37772
          11.14105
         -12.66385
           3.81800
          -5.44353
         -15.50349
         -10.32230
           4.34112
          19.38583
           0.76964
           5.06997
          -5.17030
          -7.28525
          -4.55754
          -1.96147
          10.11410
         -10.89406
          -4.71751
         -12.48521
           4.11214
         -19.48982
         -14.84164
          10.40696
          17.70312
          32.32655
          -6.14673
          10.96937
           0.66967
           3.56414
          -1.69946
          13.08447
          -7.61686
          13.56221
          11.52324
           8.29459
          10.77634
           3.49240
           0.96577
          -2.62979
           1.69700
         -13.19827
         -12.47651
           1.44824
          26.73601
          -5.12079
           1.79454
         -10.53438
           1.55891
         -20.51917
           0.27011
           0.93391
           2.57116
          -5.97129
          -4.01920
          16.60472
          10.85714
         -10.56075
           8.55096
          -2.00376
          15.44450
          16.08682
          20.80673
           9.23531
          17.90334
           8.97181
          -0.35650
          -8.00792
           0.21519
         -20.83012
          -7.58678
           6.99224
           8.91387
           3.70416
           7.63733
          15.00520
           4.43015
          10.01178
           1.15612
           6.40610
           2.85739
          -0.37747
         -13.19886
          14.46670
           4.05392
          -2.54217
           5.82473
          16.25634
          -8.39197
         -17.30228
           2.97352
          24.51507
           3.19689
          -3.64935
           1.75860
          16.98270
          -5.17364
          20.52582
          -7.49432
          -0.67625
           0.98593
           5.08388
         -23.23783
           1.76924
           9.57459
           7.77536
          -9.67710
          -2.33122
          -1.01356
         -24.20586
           3.17546
          18.66321
         -15.07679
          24.29013
          20.06843
          -2.66331
           2.21526
           3.63747
          -0.25982
         -13.30498
          16.18279
           6.79754
          -3.85748
          12.17049
           1.33794
           1.54318
          31.15680
          13.74257
          13.13637
           6.48414
          15.74840
          19.35009
          -2.70379
          -7.98480
          16.93833
          21.53957
          13.57317
         -13.74877
          12.56912
          19.65963
          29.23118
          15.27775
           8.22144
           7.84037
          -1.35497
          16.38644
           7.82289
         -16.98673
          10.18522
           1.92221
           9.82601
           0.14156
           5.70072
          15.53858
         -12.22647
           5.64571
          14.50906
           3.41161
         -13.11194
           1.21073
           4.18668
          16.56704
          -2.30294
          -9.12948
           3.67676
           3.02344
          18.31630
          17.58021
          -0.82159
          -5.50394
           7.86607
           5.26801
          -1.58207
           7.35112
           5.28061
         -14.61298
           1.58506
          -6.00070
          12.23454
          16.00522
          -8.14387
          -3.46668
          -2.45531
         -15.61277
          -2.98770
           8.95406
          16.31614
          -9.02522
          17.24745
          18.68902
           7.60765
           2.29848
          -6.60113
           9.06161
          -9.58565
          -1.86184
         -11.97151
          17.40277
           0.00899
         -14.67490
         -18.65493
         -17.96911
          10.40607
          15.26420
           6.29726
           7.86529
         -24.17300
         -12.69273
         -12.79455
         -11.15378
           6.30062
          -9.00809
          -3.82934
           2.98863
          -6.61355
         -10.21776
         -10.74811
          -4.34659
          -3.82999
          -9.59243
          13.95597
          -1.42508
           2.55600
           1.43674
          -1.28555
           2.19524
          -2.78179
          -1.59801
           1.78677
           0.97947
          -2.07450
          -1.37110
          -0.20341
           2.47007
           0.04190
           1.79560
           0.13651
          -1.62015
          -0.14191
           0.38433
          -0.22284
          -0.81121
          -2.39369
           0.31597
           0.37665
          -0.37447
          -1.12753
          -1.48787
           0.88532
          -1.16950
           2.42340
           0.63107
          -0.86256
          -0.47664
          -1.67047
          -3.16636
          -2.14244
               NaN
           0.71841
          -2.49789
           0.33770
          -0.51206
           2.67336
           1.67564
           1.16312
          -0.09534
           1.84797
          -0.39016
           0.44720
          -0.70080
           2.75430
           1.23863
           1.64582
               NaN
           0.18743
          -1.39925
           0.62324
          -1.25032
          -1.03062
           1.26601
          -0.00882
           0.00070
           0.10207
          -0.55246
           1.42309
          -2.28747
               NaN
          -1.93314
           0.79211
          -0.21595
          -2.78180
               NaN
          -2.49711
          -0.82773
           0.74633
          -0.17002
           1.26630
           0.13998
          -0.46768
           0.74801
           0.97204
           0.56490
           0.82717
           0.13215
          -1.05794
          -3.07020
           0.07638
          -0.19243
          -2.53394
           0.17773
           1.99353
          -1.44859
          -0.20099
          -1.06441
           1.22294
               NaN
           0.88874
          -1.28082
          -0.33204
           1.21392
          -0.71134
           1.87910
          -0.06866
          -0.58853
           1.70656
          -0.16046
           0.72746
          -2.20089
          -1.17230
           1.11061
          -0.43492
          -1.76964
          -1.81833
           0.57594
          -0.12119
          -0.82356
          -1.10257
           1.92511
           0.35622
          -0.33767
           1.89529
          -3.21289
          -2.42330
          -0.17881
           0.48443
          -0.19804
          -2.79939
           0.25866
           0.56068
          -1.93384
           0.15496
          -0.78548
           1.33493
          -0.19396
           0.37993
           0.20881
           0.69554
           0.29064
           1.03179
          -0.38004
           0.17379
           0.90170
           2.06903
           0.18903
          -0.62961
           1.70874
          -1.08252
           0.61733
          -2.22699
          -0.50431
           1.79871
           0.27988
           1.21004
          -0.58231
           1.82091
           3.41780
           0.87613
          -1.10422
           1.80405
          -1.19163
          -1.42031
          -1.39897
           0.47677
          -0.20621
           0.65742
           0.18922
          -0.87128
           2.15006
          -0.10337
          -1.30853
          -1.54605
          -0.40581
           0.00819
           0.09219
          -0.29732
          -0.36907
          -0.90543
          -1.81436
           1.76863
           1.97411
          -0.23936
          -0.93540
           1.39082
           0.27627
           0.64892
          -1.45465
           1.64459
          -0.80125
           0.01773
           0.27773
           1.28066
           2.63901
           2.14187
          -1.79078
          -2.09389
          -1.28920
           1.65714
          -1.06836
           0.10971
           0.44652
           0.80652
          -0.34327
           1.53263
           2.03193
           0.15862
          -0.92185
          -2.61363
          -2.54814
          -0.70195
          -0.56433
          -0.16861
           0.04267
           0.85353
           1.67404
           0.33712
           1.78705
          -2.46082
           2.25224
           0.47350
          -0.38923
           0.18054
          -0.32777
           1.78977
           2.69521
           0.44437
          -1.62991
          -0.44926
          -2.13186
           0.72814
          -1.06267
          -0.83383
           1.86706
          -0.80391
          -0.05466
          -1.68740
           0.78813
           0.71388
          -2.45566
           0.49420
           0.92918
          -2.42944
          -2.34105
           0.59495
           0.38359
          -0.39606
           0.84144
           2.01337
           1.24911
          -1.25997
          -0.37245
           0.81483
          -1.52897
          -2.38711
          -1.29081
           0.38422
           1.79812
          -1.54875
          -1.54818
          -0.05445
           1.85876
          -1.13336
           1.76922
           0.44235
           0.00048
           0.43855
          -1.08183
           0.41409
           1.11941
           3.02948
          -0.86250
           2.82435
           3.67396
          -1.20023
           1.12701
          -0.67417
           0.43892
          -0.09967
           2.22165
           0.39969
           0.81191
          -0.40483
          -0.69246
           0.44750
          -0.65405
           0.92200
           1.28145
          -2.90646
          -0.59996
          -0.17371
           0.62844
          -1.57059
          -3.27004
          -2.81358
          -0.24691
          -0.88618
           0.61216
          -0.46889
          -2.60136
          -0.24048
           0.74355
           1.67509
           0.13343
           1.45810
           2.38787
           0.64803
          -0.18011
           1.01769
          -0.54587
          -1.40249
          -0.05261
           0.63189
           0.39221
          -1.02093
          -0.82226
           0.78893
           0.89466
           0.94293
           0.07834
           2.02895
          -0.52788
           0.20666
          -1.82538
           1.45257
           1.41696
           0.42451
           0.39383
           0.90497
           0.21254
           0.48190
          -2.94084
           0.96819
          -0.22579
          -1.16167
           0.04993
           1.28692
           0.98544
          -1.38451
           1.14877
           0.75152
          -0.72832
           0.02318
           2.88434
          -0.22006
          -2.59683
          -1.27342
          -1.18559
          -1.09583
          -0.12737
          -1.05985
          -2.59213
          -1.20757
          -0.40810
          -0.36243
           1.39028
          -0.76072
          -0.17216
          -0.37023
           1.21638
          -1.50154
          -1.24271
          -1.81997
          -3.78167
           2.14610
           3.09200
          -0.32001
           0.46092
           0.84780
          -0.45101
           1.14490
           0.55032
          -2.33008
           0.25606
          -0.50929
           0.41747
          -0.59826
           0.16739
           0.91207
          -2.32648
          -0.09127
          -0.82517
          -0.59305
          -1.04126
          -1.17786
          -0.25099
          -1.75726
           0.30516
          -0.79765
          -3.19017
          -2.77650
           1.31633
          -1.79171
           0.17508
           0.72474
           2.05322
          -0.11868
          -0.81644
           2.61075
          -0.15507
          -1.25704
          -1.13254
          -1.69139
           1.60468
          -2.40217
          -2.44979
           0.54117
           0.49299
          -1.32885
           0.21142
          -2.15158
          -1.86941
           0.20040
          -1.43681
           1.31197
          -1.12284
           1.13977
           2.48718
           0.55911
          -0.26477
          -0.52297
           0.85441
           2.07059
          -0.02624
           1.11806
          -0.21690
          -2.56299
          -1.64264
          -2.23218
          -1.99266
          -0.27690
           0.46293
          -1.41526
          -2.53821
          -0.27731
          -2.52718
          -3.00908
          -1.25340
          -0.41043
           0.40463
          -0.53054
           0.32750
           0.37341
          -0.39135
           0.38127
           0.50447
          -0.38349
           0.03194
           0.40562
          -0.26612
           0.61093
          -1.80085
          -0.10762
          -1.03720
          -0.25808
          -0.41008
          -0.44872
          -2.28424
          -0.16062
               NaN
           2.47119
          -0.39996
           0.46415
           0.42226
           1.29300
          -0.51959
           3.32809
          -0.49063
          -1.87884
          -0.40683
           0.81806
          -1.20774
           0.08801
           1.42070
          -3.08580
           0.53455
           0.06340
           2.72899
           0.28033
           0.98149
           0.13207
          -3.37581
          -0.43306
          -0.65356
          -2.77947
           1.66402
          -0.87957
          -0.69158
          -1.11691
          -1.30813
          -0.07264
          -2.51278
          -0.07985
          -0.65501
          -0.48780
          -0.41093
          -0.61666
          -2.58011
          -0.59058
           2.65014
           1.28781
          -0.65672
           2.39707
           1.08216
           0.75059
           0.23887
          -2.00482
           1.24748
           1.35861
           2.08291
          -1.54021
          -0.43462
           1.08596
          -0.22653
           1.19848
           0.58075
           1.53554
           1.65567
           1.03720
          -1.46852
           1.05486
           2.40010
          -0.22904
          -0.67358
           1.44576
          -1.47819
           1.84341
           1.79933
          -1.76372
           0.26688
           0.54326
          -3.29947
          -0.50828
          -3.73538
           1.57386
           0.38031
          -0.58351
          -0.67629
          -2.34624
           2.47478
           0.47245
          -0.07959
          -1.34045
           1.68659
           1.21972
           2.17126
           1.53488
          -0.52551
          -1.03202
           3.07763
          -1.23506
           1.19656
          -0.15275
          -1.53980
           0.61779
           0.36476
          -1.94262
          -1.80918
           0.59295
          -0.80145
           0.58597
           0.24138
           1.38443
           1.21059
          -0.57541
           0.28221
          -1.78684
           0.08333
           1.03520
           3.26294
           1.34815
           1.93487
           1.07537
           0.69676
          -0.81928
          -1.22210
          -0.07853
          -0.96304
          -0.50790
          -1.86090
          -0.05388
          -0.04944
           2.35894
          -0.74124
          -1.10826
          -1.16718
          -1.38577
          -0.47240
          -2.60695
          -0.20812
           1.53041
          -1.13163
           0.85803
           0.00718
           1.99600
           0.00742
          -2.45115
          -0.67399
          -1.94583
           1.61788
           2.81061
           2.42651
               NaN
           1.46618
          -1.13698
          -0.17183
          -0.73394
           1.38146
           0.59523
          -1.39965
           0.42300
          -0.51634
           1.46755
          -0.19611
           0.32003
          -2.10076
          -2.48332
           2.66613
          -0.61962
           0.65520
           0.20880
           0.83336
           0.41229
          -0.42290
           0.48297
          -0.37236
           1.45398
               NaN
          -0.89243
           1.16310
           0.92196
          -0.35453
           1.29723
           0.66099
          -2.07675
          -2.50578
           0.19827
           3.69932
          -0.41175
           1.68218
           0.50882
           2.09114
          -0.01542
           1.43758
          -0.45484
          -1.44849
          -1.14072
           0.75046
          -1.97622
           0.48986
           1.22753
          -0.52305
           0.73369
           3.64876
          -0.83552
           2.55052
           0.07012
           1.19895
          -0.25288
               NaN
           0.58245
          -0.70174
          -0.32406
          -0.33872
           0.26327
          -1.24178
          -1.04388
           0.77504
          -1.05221
          -1.42160
          -0.64200
           3.33409
           0.23197
          -0.82453
           1.44893
          -0.55047
          -0.13914
          -2.41518
           1.43755
          -0.45576
           0.21131
          -2.35918
          -0.13579
           1.18112
           1.04320
           1.10304
           2.24502
           3.08626
           1.18206
          -1.97863
           0.08898
          -2.72885
          -1.05227
           0.70215
          -0.10242
          -0.23704
           0.62740
           3.34802
           0.19558
          -0.92337
          -0.33736
           2.50963
           1.35090
           0.54425
          -0.64927
           1.71525
           1.08210
          -0.05605
           2.22127
           1.14074
           1.21252
          -1.95432
           2.31864
           0.55466
           1.27202
           1.18443
          -1.06576
          -0.96048
           1.17349
          -0.54751
          -0.38507
           1.07653
          -0.34240
          -0.57580
          -1.29776
           1.00187
           2.53553
          -1.44256
          -0.98359
          -1.83617
           1.54411
           3.00662
           0.18632
           0.35352
          -0.12549
          -2.74836
           0.23982
           0.78155
           0.78549
           2.90421
           1.27366
           0.69857
           1.96600
           0.66021
           1.70790
           1.10631
           0.48946
          -2.01264
           0.27791
           0.63928
          -2.45359
          -1.90882
           0.95303
           3.39231
           2.71071
          -2.58386
           0.19387
           0.62375
          -0.54298
           0.10091
          -1.60422
          -1.99428
           0.34488
          -1.28561
           2.47415
           0.88888
           0.83859
           1.51274
           0.78634
          -2.29644
          -0.29085
           0.36765
           0.76826
          -0.72933
          -0.83759
           1.38634
          -0.77741
          -0.59006
          -1.11549
          -0.10316
          -1.34871
           0.50615
           1.98388
          -1.07291
           2.35369
           0.56211
           0.82017
           1.90282
           2.35933
           0.88373
           0.57124
           0.74374
           0.98838
          -0.45680
           0.80455
           3.07858
           0.66743
           1.55750
          -0.84407
           2.39744
           1.69318
          -1.66783
           0.05495
           2.24824
           2.00007
           0.32317
          -0.58220
          -0.69306
          -0.73006
          -0.13373
           1.03342
           0.13540
          -0.01142
           1.36611
          -1.43641
          -2.28461
          -2.86995
          -2.43314
          -0.88898
               NaN
           0.15439
          -1.05959
          -0.02431
           0.26839
          -1.96907
           2.80218
          -1.50956
           0.78516
          -3.64942
           1.36240
           1.89251
           1.02841
          -0.80523
           0.14581
           0.12102
           0.41634
           0.44890
           0.08321
           0.53928
           0.30324
          -0.74816
           0.12077
           2.11428
           0.39705
           0.92488
           1.01307
           0.19137
           3.08695
          -0.27476
           1.96107
           2.13778
           1.86035
           2.79838
          -0.41281
          -1.04879
           1.33132
           0.07980
          -1.63768
           2.35525
           0.04468
          -2.26125
           0.07257
          -0.57040
          -0.65960
          -0.01917
          -0.06216
           1.67080
          -1.03865
          -0.48639
           0.82589
               NaN
           2.91684
           0.97656
          -0.95486
          -2.00923
           1.87800
          -0.21041
           0.63401
          -0.44222
           1.13426
          -1.57622
          -1.27584
           1.78386
           0.06358
           0.75214
          -0.12997
          -0.89614
           2.48145
           1.27652
           0.78908
          -1.26000
           1.37808
          -0.57316
          -0.53452
          -0.57312
          -0.69244
           0.51842
           2.33192
          -2.22818
           1.17214
          -0.48090
           0.65271
           0.64245
          -0.41773
          -1.49056
          -2.17036
          -1.96026
          -0.17122
          -1.26893
          -1.90427
          -3.53852
          -0.27365
          -1.51504
          -0.85117
           2.53589
          -0.19038
          -1.13266
          -0.57498
           1.35650
          -2.34648
          -0.27525
           1.58216
           1.44084
          -0.72520
           0.98279
           1.86118
           1.77008
          -0.44741
           1.71981
          -0.94485
           1.42605
          -0.35068
           0.10355
          -0.75735
           0.40916
           1.52756
          -0.85424
          -1.31332
          -1.67673
          -0.79247
           0.47115
           2.91312
          -2.03796
          -2.13089
          -2.00662
          -0.92591
          -0.47765
           2.59523
           0.70885
          -0.46654
          -1.65411
          -0.59145
           0.15197
          -0.52723
           0.60289
          -3.14350
          -0.06045
           2.71492
          -1.29366
           0.79473
          -1.18654
          -2.85319
          -0.12044
          -0.27310
           0.79037
          -0.46234
           0.15356
          -0.26622
           1.96598
          -1.63596
          -1.85016
          -0.46622
          -0.44890
          -1.61313
           0.93198
           3.26340
          -1.22889
          -0.26512
           0.81136
           3.24805
           0.27317
          -2.80803
          -1.40271
           0.72038
           0.78227
           0.12736
          -2.20959
          -1.08030
           2.30448
           0.17554
          -1.11729
           2.68662
          -1.99606
           2.19300
           0.98979
          -2.30937
           3.36080
           0.18125
          -0.03127
          -1.68655
          -2.73981
          -0.56411
           3.77389
          -0.47083
           1.68748
           0.86814
          -2.88630
           1.37170
          -2.32986
          -1.63989
           1.81204
          -0.92485
          -2.59924
          -0.98664
          -0.24711
           1.46207
          -0.41935
           2.63567
          -3.18189
          -0.95937
          -1.20334
           0.65371
           0.18754
          -0.61844
          -1.90345
          -1.13023
           0.13754
          -0.18579
          -1.74368
          -1.83656
          -0.14167
          -1.19838
           3.62479
           0.24197
          -2.25193
           1.08520
          -3.60656
          -2.26657
          -1.34627
           4.29450
           1.57930
          -2.53614
           0.20071
          -2.09281
           4.04851
           0.65338
          -0.14419
          -0.41459
          -0.02318
          -0.07106
           2.00184
           0.74980
           3.27427
          -0.29360
           1.96673
          -3.08275
          -1.26296
          -2.65681
           1.82884
          -1.62184
          -3.09041
           2.42787
           0.46757
           2.44827
          -0.85640
          -3.57680
           0.58221
          -3.34423
           3.55114
          -0.62370
           1.39892
           0.94643
          -5.01794
           2.02821
          -4.35643
          -2.29077
          -1.34296
          -0.91106
           3.91603
           1.77837
           0.19124
          -1.35414
           0.51535
           0.53429
           3.51212
           0.02821
          -0.63414
          -3.17101
          -0.17222
           1.98185
          -2.25714
          -2.45582
           0.31704
          -1.40469
           0.58007
          -2.31507
           2.84787
           4.31334
           1.02717
          -2.60699
          -0.79204
           0.37778
          -0.02305
           4.15664
          -0.82093
          -2.39319
           1.33547
           0.24764
          -0.71717
          -2.37021
          -3.10956
           3.36000
          -3.10590
          -1.37594
          -3.25858
           1.58326
          -1.28673
          -1.75064
          -2.09616
           1.75018
           1.08305
          -0.34880
           2.14767
          -4.79454
          -2.29089
           1.33308
           0.66701
          -0.70348
          -4.01281
           0.06694
           0.51878
          -1.85754
           0.05536
          -3.15346
           2.90808
           0.43784
          -3.01685
          -0.67483
           1.10608
          -0.32310
           1.44326
          -0.63735
           0.27304
           0.51886
           0.43001
           0.21411
          -0.29971
           0.67557
          -0.67230
           2.22905
          -2.21020
          -1.56008
           0.53543
           0.65625
          -0.53385
          -0.09554
           1.30899
           1.87151
           0.60597
          -1.69979
           1.99957
          -0.48829
          -2.23316
           0.06479
          -0.02415
          -1.88514
          -0.28259
           1.59125
          -0.82245
           2.13633
           0.90612
               NaN
          -0.80212
          -1.36300
           0.32027
          -2.00305
          -1.52436
          -0.47332
          -2.21208
           0.66497
           2.53843
           1.82567
          -0.96026
          -1.69629
           2.00249
          -0.84539
          -0.88160
          -1.93939
           2.42236
           0.25545
          -1.55138
           0.21739
           0.62680
           2.42086
           0.29046
          -2.17964
          -2.04855
          -1.24257
          -0.20402
          -1.14849
           1.49422
          -0.21542
          -0.95742
          -0.82124
           2.22258
           0.99915
          -0.14205
           0.13878
          -3.77595
          -3.66122
          -3.24305
          -3.57939
          -0.26964
           1.15472
           1.02388
           0.77363
           2.13989
           2.18106
          -2.74941
           2.33709
          -1.65076
           0.11846
          -0.70550
           1.06823
           1.66239
           3.18420
           0.32859
          -2.44700
           0.59867
          -3.02791
          -1.60547
          -1.36953
          -0.93619
           1.27267
          -1.80174
           1.04982
          -0.62204
           0.24196
          -1.36873
          -2.33731
           0.72390
           0.92589
          -1.39501
          -1.98425
          -0.24759
           0.12557
          -1.26241
           0.08902
           0.74969
           1.25860
          -1.35499
           0.45656
          -0.35264
          -0.35302
          -3.93374
          -2.51944
           1.13887
           1.92897
          -1.05062
          -1.23097
           0.65985
           2.83308
          -1.89555
           1.24981
          -1.17318
           0.99904
          -0.93061
          -1.40945
          -1.89237
           3.58951
           1.04806
           0.39564
           3.65659
               NaN
          -0.86344
           0.06948
          -0.31809
           2.01834
          -1.05052
           2.73319
          -0.27834
           0.42917
          -3.22517
          -0.26235
           1.71697
          -2.87846
           0.98350
           0.54660
          -2.57088
          -0.32604
           1.12835
          -0.86913
          -1.62028
          -3.24341
          -1.49122
          -1.31021
          -0.22579
           1.69117
          -2.07443
          -2.93604
           1.04263
           0.12874
           0.93139
          -1.06558
          -0.43304
           2.63145
           1.35442
          -0.97672
           1.95739
           0.42187
          -3.58141
          -0.66721
          -0.97353
          -0.94166
          -3.16494
          -1.50548
           2.20526
           1.19108
           1.17549
          -0.70848
           0.47383
          -0.75499
          -2.46807
          -4.38504
          -0.92934
           1.84331
          -0.79328
           0.52084
          -0.37316
           0.64612
          -1.71478
          -2.12366
           2.29317
          -0.75549
          -3.81600
          -0.07913
          -0.66576
           0.52074
          -2.34399
           1.57385
          -1.04982
          -2.31888
          -0.82658
           2.55794
          -2.55373
          -1.77165
           0.76950
          -0.49935
          -2.39985
           0.02077
          -0.06391
          -2.94410
          -0.80148
          -1.68852
          -0.05878
           0.52869
          -0.38891
          -1.37568
          -2.88271
           1.13310
          -0.92536
          -0.47681
          -3.07988
          -3.95548
           3.68325
           1.98428
          -2.21652
          -1.82584
           0.61283
          -2.83445
           1.70700
          -0.40623
          -0.71133
           1.04959
           0.41643
           1.28140
          -1.39329
          -1.70766
           0.01334
          -3.34777
          -1.35065
          -2.20488
          -0.09581
          -0.89550
          -1.46891
           0.28328
          -4.14083
           0.20173
          -1.23246
          -2.44005
          -3.04720
           0.60921
          -2.73380
           0.70843
          -1.03364
           2.56521
           1.18360
          -4.03146
           1.70319
           0.14416
           0.30296
          -1.93577
          -2.82982
           0.44588
          -4.33299
          -3.48377
           0.12861
          -0.51213
          -3.08681
          -1.45038
          -2.61918
          -1.52760
          -0.23236
           0.46952
          -1.65909
          -0.70203
           1.45290
           2.72275
           1.45444
          -1.51628
           0.11809
          -0.28261
           0.94884
          -0.30969
           0.81453
           0.01601
          -2.22734
          -2.52421
          -2.91117
          -2.74822
          -0.42924
           2.19041
          -1.21653
          -4.41006
           0.59480
          -2.18512
          -4.21038
          -2.90782
          -0.60504
          -0.09269
          -1.92143
          -0.82736
          -0.39863
          -2.14827
          -0.42198
          -0.21630
           0.75722
           0.61875
          -0.00911
          -1.51700
           0.16893
          -1.40522
          -2.24567
          -0.64783
          -2.51801
          -1.41816
           1.57001
          -4.61111
           0.59028
          -3.86345
           2.19684
           0.29871
           1.18495
          -1.73984
           1.05791
          -2.31495
           2.59100
           0.38928
          -1.17749
           0.45632
           1.03985
          -1.49409
           2.81256
           2.76991
          -3.54656
          -0.13822
           1.48007
           4.63194
          -1.20511
           2.11236
          -0.63507
          -3.91612
          -0.03082
          -1.22673
          -4.15113
           2.44867
          -1.47000
          -0.25384
          -1.12137
          -2.86691
           0.94064
          -2.34918
           0.77907
          -0.66531
          -1.60975
          -0.67710
          -0.92392
          -1.46513
           0.19005
           3.98326
           0.86249
          -0.73679
               NaN
           0.77502
           0.31935
          -0.14174
          -2.44749
           0.55222
           1.02776
           2.97836
          -1.79636
          -2.10395
           0.38924
          -0.84208
           3.55039
           0.30585
           1.26964
           1.04616
           0.28804
          -3.37759
           1.42244
           2.02882
           0.15375
          -1.93749
           0.84962
          -2.32612
           1.49260
           3.08049
          -1.58083
          -1.58507
           0.30599
          -3.76086
           0.55796
          -2.30664
           0.65199
          -0.54517
          -0.14777
          -1.09600
          -2.16892
           2.10526
           0.11700
          -0.48656
          -2.37867
           3.16432
          -0.83645
           3.84878
           1.75625
          -1.36909
          -2.95126
           3.12525
          -2.19953
          -0.39563
          -0.38528
          -0.92172
          -0.27855
          -0.17890
          -4.60589
          -0.23066
           1.35793
          -0.75860
          -0.04028
           1.06318
           1.93537
           1.82514
           0.19012
          -1.46682
          -2.34908
          -1.16388
           0.96249
           2.67717
          -0.95267
          -0.56301
           0.47073
          -0.66683
          -0.60300
          -2.21516
           0.55810
          -0.36116
          -1.03451
          -2.66412
          -2.74776
           0.76116
           3.48430
          -1.93387
          -1.39754
          -0.49696
          -1.44164
           0.08022
          -3.00640
           0.68477
           1.12756
          -1.27837
          -0.14024
           0.62265
           2.35301
          -1.26447
          -4.56769
          -2.01166
          -2.08198
           1.00738
           3.52564
           2.34270
           3.11631
           2.23800
          -2.15276
          -1.42379
          -1.28289
           2.17272
           0.54806
          -2.99585
           0.62575
          -0.53192
           1.45867
          -1.81536
          -1.51013
          -1.79801
          -2.23752
           0.45065
          -2.61912
           0.90211
          -0.93483
           0.42693
           0.77548
           0.31038
          -0.85051
          -0.43729
           0.42777
           3.70528
           0.38862
           1.45943
           1.57283
           0.11733
           0.65360
           1.32077
          -2.53833
          -3.65187
          -0.50093
           4.05182
           0.30753
          -0.02261
          -0.13442
           1.78826
          -0.79009
           0.03429
          -0.94448
          -2.60531
           0.81476
           0.32542
          -1.57891
           0.01665
           2.01017
           0.84337
           0.11873
           3.53265
          -1.20167
           1.85081
           0.12744
           0.63029
          -0.53749
           3.09959
           0.41346
          -0.19864
          -0.50478
          -0.75142
           2.85772
          -2.03176
          -2.68055
           1.48520
          -0.54607
          -1.70294
           1.65121
           4.39205
           0.84268
           1.16965
           2.70698
          -0.30290
          -0.61129
          -0.74160
           2.00842
          -0.42780
          -0.46530
          -2.40904
           0.01574
           0.54338
          -0.95633
           3.08401
           1.57954
           2.70522
           0.76452
          -3.72312
          -0.03670
          -3.63157
          -4.16240
           1.06912
          -3.43911
          -0.72833
          -1.53142
           3.63959
          -1.78229
          -0.11842
          -0.46665
           2.92461
           3.47355
           1.65678
           1.12187
           3.09993
          -0.74961
          -0.94490
           1.66612
          -0.77188
           1.53942
          -2.30931
           2.15893
           0.80438
          -0.31966
           1.70331
          -1.33008
          -0.69758
           0.20895
          -1.58468
           1.29785
           1.36876
          -0.98069
          -1.17423
          -0.75363
          -1.94575
           2.67272
          -2.13342
          -3.05341
          -2.62278
           1.82296
           1.45509
           0.41129
          -1.18587
          -1.11606
          -4.38956
           0.11487
          -1.42537
          -0.15903
           3.71374
           0.60186
           0.62846
           2.11972
           1.12412
           1.72534
          -0.73874
          -0.02893
          -2.39622
          -0.11671
           1.25067
          -1.74809
           0.05576
          -0.81694
               NaN
           4.06337
               NaN
          -0.99607
          -0.57710
          -0.62671
          -1.98067
          -2.81675
          -1.80246
           0.05574
          -0.84534
           3.19270
          -0.08342
          -0.77973
           1.85940
          -0.39149
          -4.38013
          -1.87911
          -0.09631
          -0.72968
           1.25231
          -2.33702
           1.58597
          -3.01122
          -0.96910
          -1.41922
           1.24510
          -1.20330
           1.02630
           1.15271
          -2.14302
           1.03883
           3.50489
           1.46192
           2.55264
           3.10576
           2.50632
          -0.06856
          -2.00688
           0.94124
           0.28227
           1.53218
           3.07087
           1.69822
           0.85551
          -0.84863
           2.53896
           2.58005
          -1.06746
          -0.30796
           3.97574
           3.02314
          -0.79736
          -2.38189
          -2.44097
           0.23275
          -1.09839
           0.21496
           0.27012
           0.22117
           0.35630
          -0.61660
          -3.09409
          -3.76316
          -3.13927
          -1.95215
          -4.86608
          -0.24460
          -1.40371
           1.00849
           1.24850
          -0.64151
           2.99558
          -3.17036
           0.49771
          -4.41510
           2.64005
           0.97335
           2.38805
          -0.98489
           1.59838
           1.41041
           0.00929
           2.17887
          -2.35432
          -0.68518
           1.21106
          -1.98369
           0.76217
          -0.20139
          -0.83192
          -1.48552
           0.61214
          -1.34759
           2.11507
          -1.31481
           2.72074
           1.82370
           3.95447
           2.85374
          -1.80152
          -2.67172
           1.11495
          -0.30145
          -1.97723
           2.13571
          -1.06973
          -1.82366
          -0.18257
          -1.72437
          -0.46629
           0.38356
          -1.44315
           0.51037
          -0.42131
          -1.53043
           0.66019
           4.60827
               NaN
           0.96606
          -2.70578
          -2.52489
           1.02709
          -0.48902
          -0.80712
          -0.64581
           0.27318
          -0.79496
          -0.37370
           1.10563
          -0.43107
           1.63429
          -0.48056
          -1.74913
           0.81959
           2.63672
           1.26765
          -0.76918
           3.82555
          -0.53032
          -1.67729
          -0.24622
          -1.95433
           0.52221
           1.91855
          -1.83548
           0.76221
           0.41392
           1.85610
          -1.49973
          -0.97160
          -0.72103
          -3.09427
          -0.73468
          -0.05396
          -4.13749
          -2.95201
          -4.44615
          -1.00341
          -2.76490
          -2.25708
           1.97902
           0.22082
          -2.49016
          -2.47652
           0.29423
          -0.40448
          -2.06901
           0.17632
          -0.86817
          -2.09811
          -0.22292
           1.06049
           2.02941
          -1.96625
           1.18027
           0.85670
           0.76302
          -0.30610
          -2.31017
           0.49061
          -0.57108
           0.98746
           0.00722
          -1.67859
          -2.95162
          -1.20489
           3.02718
           3.75763
          -2.74560
          -3.66873
          -2.22935
          -1.30369
          -0.15509
           2.22812
          -0.96632
          -2.16420
          -1.71518
           0.05114
          -0.93215
          -0.37283
           1.01298
          -4.17334
          -1.24690
           3.24112
          -1.10017
           1.69951
          -1.92586
          -3.18033
           1.08525
           1.53284
           0.73679
           0.94540
           0.28968
          -0.38993
           0.20323
          -0.98262
          -2.58437
          -0.94815
          -0.50971
          -1.13575
           1.04897
           2.83007
          -0.62845
          -0.23310
           1.66059
           1.72057
           0.24145
          -1.77710
          -0.21120
           1.94780
          -0.26755
          -0.40825
          -3.68674
          -1.49277
           4.60301
           2.11953
          -0.80180
           3.21043
          -3.74063
           3.24759
           1.29547
          -2.18893
           3.66890
           0.99351
           0.33947
          -1.66003
          -2.25242
           0.70028
           2.88800
          -2.99105
           3.98128
           2.36982
           1.34133
           3.54668
          -3.52342
          -1.52929
           1.74531
           4.10451
          -1.21338
          -2.00202
          -0.13170
           4.12422
           0.79883
           0.41701
           5.58212
          -2.70452
           1.59992
          -0.05772
          -0.89630
          -1.12754
          -3.19818
           2.68922
           0.76904
          -0.68409
          -0.11641
          -0.91566
           2.57063
          -1.12212
           0.45189
           1.26960
           1.41743
          -3.03965
           1.50672
          -4.64292
          -3.44898
           3.82028
          -0.69433
          -2.43512
           0.56250
           2.08200
           0.41671
           3.35321
           3.30846
           0.42856
           4.91858
          -0.91380
          -2.10401
          -3.08128
           1.90102
           3.75308
           1.11919
          -5.54911
           2.56755
           0.66443
          -1.35519
          -0.64066
           2.34956
          -0.64063
          -0.79060
          -4.01585
           1.67494
           4.41059
           2.80299
          -0.55330
           5.03543
          -4.08198
          -0.20368
          -2.12345
           0.88778
               NaN
           0.55409
           1.57316
           4.17493
           1.04606
          -3.08198
          -2.54867
          -1.54899
           4.19772
           1.72149
           0.61513
          -3.57891
           0.30271
          -1.75340
          -2.90477
           0.48435
          -3.76048
          -2.98819
           4.49949
           4.74469
          -1.52062
          -1.48273
           0.98795
          -1.44362
           4.75444
           0.66158
           0.89547
           0.42283
           2.58605
          -1.84085
          -1.85842
           1.16582
           2.37297
           2.31553
          -0.83017
           3.09815
          -1.92301
           2.00680
          -2.58070
           3.94824
          -2.41571
           0.54517
          -1.07711
           1.79151
           0.69781
           0.52793
           2.21218
          -0.83654
          -0.31940
           1.48114
          -0.61735
          -2.64060
          -2.65988
           0.18482
           0.63140
          -0.80813
           0.57328
           0.62944
          -2.05905
           0.31841
           3.10044
          -1.24665
          -1.23077
           5.95415
           1.65889
           0.02183
           1.29780
           0.35657
           0.04220
           0.01093
           1.52993
           4.75871
           0.14787
          -1.17098
           3.40421
          -1.75570
          -2.02754
          -2.25455
           1.22825
           3.87180
          -0.33776
           4.07182
          -1.38113
           2.66099
           5.95530
           1.31947
          -0.12686
           1.48320
          -2.34584
          -0.08639
          -3.80106
           1.29879
           2.54896
           2.20000
          -2.11155
          -0.95142
           2.17260
          -1.75998
           6.09584
          -2.76687
           1.16496
          -0.50394
           3.53055
           1.71630
          -0.19799
           1.23882
          -5.88301
           0.50537
           2.21769
           0.94365
           0.31326
           0.38706
           2.11695
           3.16056
          -0.65918
           0.36826
          -2.53531
           2.59269
           0.37675
           2.35368
           2.99700
           5.18008
          -1.15265
          -2.16829
          -1.36573
           4.71136
          -0.93687
          -2.16232
           1.53280
           3.70120
           0.44110
           0.40041
           3.72676
           0.65202
          -2.66237
          -0.70624
          -0.72155
           3.46808
           4.38348
          -0.00281
          -1.78225
           0.57398
           3.15165
          -2.62129
           1.14046
          -1.98723
           2.11300
           3.95948
          -1.22236
           1.63458
          -2.61866
           1.99880
           1.89276
           0.63437
          -0.28906
          -2.16896
          -0.66141
           4.55767
          -0.55909
          -0.66587
           2.84248
           0.83356
          -1.86713
          -3.43570
           1.68441
           4.13152
          -2.64987
           0.11726
           0.93458
          -4.12697
          -2.92657
           1.97758
           0.80701
           1.02565
           2.07618
           4.08709
           1.23355
          -1.10402
          -1.73290
           2.73068
          -3.45875
           0.15094
           0.72541
          -0.85419
           1.58340
          -2.36619
          -2.06872
          -1.22664
           0.25988
           0.11741
           2.62159
           3.09349
          -1.63819
           2.68538
          -0.54420
           4.19906
          -2.93412
           6.28105
          -2.92713
           1.45861
           1.65971
          -1.75290
           2.86244
          -1.25851
          -2.15294
           1.46071
           1.38219
           1.51234
           1.43999
           4.22342
          -1.39830
          -1.63575
           2.99628
           0.82107
           2.48734
          -3.45716
          -1.04948
          -2.31043
           3.08600
          -1.48904
          -3.31376
          -4.98362
           1.49801
          -1.96989
          -1.15853
           2.16586
          -2.05214
          -2.34610
           1.75247
           2.89552
           2.10104
           4.56151
           1.98816
          -0.51117
           1.12716
          -0.52439
          -2.13395
           2.17319
           0.95597
           3.26642
           2.58112
           2.49745
           0.29893
          -1.53531
           0.40823
           0.56129
           1.36953
           4.58096
          -0.15517
           4.59599
           2.37510
           5.36137
           0.71731
           2.42295
           0.18539
           3.00242
          -0.49896
           4.08674
          -4.28186
          -1.20615
           0.64345
           3.19417
           0.26171
           4.49133
           1.74802
           0.19003
           0.45120
           3.70757
           1.88182
           1.41767
           3.41997
           3.60956
          -3.95098
          -4.62591
          -2.31174
           1.04410
          -0.37046
          -2.69421
          -2.01452
          -1.87397
           1.69312
          -0.86072
           2.80417
          -1.37086
           1.80286
           3.75281
           1.35304
          -2.44706
          -2.49957
           0.24756
          -3.49644
          -0.37643
           4.90978
           2.79222
           4.21357
           1.23339
           3.46028
           0.22248
           2.12005
          -4.98651
          -1.04616
          -2.02842
          -1.00025
           0.70640
           3.24441
           2.38693
          -0.65050
           1.97542
           1.43897
          -1.40903
          -1.28047
          -0.70025
          -1.12775
           2.15424
           0.47489
          -0.08409
          -4.42114
          -2.33226
           2.47673
          -0.24570
          -0.70015
           3.61030
           1.21301
          -2.25576
           4.45950
           4.10009
          -0.64610
          -3.81704
           0.18558
           0.17682
           3.50631
           0.76635
          -0.75298
           1.21819
           2.14243
           1.55602
           2.93848
          -1.38424
          -2.43034
           0.91057
          -4.56517
           6.18757
          -1.81341
           0.62591
           2.10060
          -0.91014
           1.78901
          -1.57496
           2.72030
           3.91142
           0.43890
           1.61617
          -0.59911
          -3.11382
          -0.19595
          -1.11794
          -0.75277
          -0.02691
          -2.37190
          -1.74139
           0.53355
          -1.70847
          -3.08850
          -1.03771
           1.46156
          -0.09107
           1.22074
           1.75196
           2.22266
           1.64036
           2.49180
           1.69942
           1.68728
          -2.25545
          -0.93102
           1.08621
           1.78660
           1.33627
          -2.45008
           3.40098
          -1.67617
           3.45054
           1.24421
          -3.76152
           1.53424
          -1.39286
          -4.88085
           2.92141
          -1.54650
          -0.71871
           3.97033
           1.67880
           2.42664
           4.53767
          -1.93461
          -3.02977
          -1.82328
           0.45410
          -0.73782
          -4.38305
          -0.79340
          -2.32968
           1.63858
          -2.26140
          -0.39382
           2.71799
          -0.87430
           1.39096
          -2.48914
          -1.09313
           0.28703
          -0.52854
           0.37639
           0.08935
          -1.40992
          -1.10960
           1.24987
          -1.73548
          -2.78125
          -1.48937
          -0.63811
           1.35338
           0.02587
          -0.11244
          -4.40984
          -1.87162
           0.46245
           1.98576
          -0.52532
          -1.65931
           1.58619
           1.45826
           0.86346
          -1.27838
           2.38844
           1.90156
           0.61346
          -1.11986
           2.30479
           2.22929
           0.78360
          -2.66107
           1.03186
           1.97189
           2.65589
           2.26659
           1.66434
           0.45166
           3.00937
          -0.85720
           1.40054
           2.42402
          -0.08673
           2.41911
          -0.30310
          -2.06386
           3.30600
           0.93261
          -2.54231
          -2.25802
          -6.07999
           3.08667
           1.89904
          -1.29855
           0.01248
          -2.63723
           3.08118
           1.05574
           0.58827
           0.36329
          -0.73842
           4.59395
          -0.58161
           1.17160
           0.85883
           2.11751
           2.99949
           0.34767
           3.80938
           0.22885
          -2.55407
           2.08871
           1.25691
           2.42789
          -4.39959
          -0.66241
          -0.87178
           1.61366
          -1.10722
           0.48031
           0.20208
          -1.83165
           3.15243
          -0.86417
           2.13004
           1.15454
           4.22419
           5.12386
           6.03397
           2.06762
           2.93446
          -1.17420
           0.40754
          -1.12326
          -1.95074
           0.35630
          -0.54280
           4.36687
          -1.37967
           0.51220
           1.21590
          -0.63354
          -2.26705
          -1.29410
          -1.37927
          -1.95144
          -1.67338
           2.19151
          -0.89081
           2.49623
          -1.00282
           1.41013
           2.09463
           1.02216
           1.52117
          -1.72241
           2.61975
           1.63723
           2.56405
           5.40883
           0.19960
           0.52996
           1.88267
           0.16692
           0.08299
           0.67264
           1.21975
           0.09028
          -0.49078
           1.48212
           2.46111
           3.32338
          -2.59759
          -2.88668
           6.30179
           2.66161
           0.25001
           2.08553
           1.50033
          -0.18371
          -1.62623
           2.67125
          -0.26580
           3.13804
           4.13868
          -2.99469
           0.67682
          -0.14616
          -1.12886
           2.35346
          -0.42172
          -1.31928
          -0.62502
           1.34568
           3.12085
          -1.59210
           4.47978
           1.56439
           2.58818
           1.25583
           3.74042
           0.34867
           0.44988
          -4.34972
           1.44796
          -2.62823
           1.26640
          -0.05679
          -2.76540
           1.74286
           3.83932
          -0.23465
           3.69877
          -0.02393
           2.13213
           0.21418
           5.76189
           0.85976
          -1.52733
          -0.02749
           0.33852
          -3.99431
           0.05459
           1.64194
          -0.39036
          -1.88281
          -0.95992
          -4.40525
           1.59795
          -0.77022
          -4.09703
          -0.61558
          -0.95675
           0.63567
          -5.16157
           0.50074
          -0.50166
           1.32167
          -2.27736
          -0.38446
           2.22765
           4.32450
          -2.14780
           3.33710
           3.71154
           1.86726
           0.88414
           0.29521
          -1.24746
           4.05156
           0.09996
           5.37318
           0.56920
           4.17009
           2.86956
           3.44134
          -2.24433
          -0.12519
           1.82864
          -2.13244
          -1.28144
          -3.55578
          -0.55705
           4.08800
           1.40259
           3.13228
           4.27941
           0.67607
          -1.37176
           2.58073
           0.14486
           3.88402
           0.33293
          -0.63200
          -1.39190
           2.75634
           1.15453
          -3.14679
           0.59698
           0.70505
           0.40624
          -2.19071
           5.83900
           2.31039
          -0.30883
           2.41306
          -0.54533
           1.08652
           5.55272
          -0.18285
           2.87970
           1.50007
          -0.05511
           0.44488
           4.40317
           2.33548
           1.57575
           2.37610
           0.81363
           1.71373
          -0.10108
           1.67927
           4.13409
           1.34016
          -1.38318
           0.92548
          -0.36404
          -3.61133
          -5.13276
           3.85759
           0.00898
           0.49095
           2.87381
           2.14661
           2.59438
          -0.40558
           3.51687
           0.38559
          -2.30905
           0.81937
          -2.00811
           1.29498
           2.48445
           3.49431
           0.94387
           2.71920
           1.12295
           2.31555
           1.12903
           3.22641
          -3.98125
           1.62301
           1.05875
           2.88834
           0.03194
          -0.61706
          -2.31570
          -1.58733
          -0.34743
           3.34785
           0.68317
           4.51141
          -4.26708
          -0.23297
           0.83644
           1.13441
          -1.77899
           1.62117
           5.25760
           1.06574
          -1.66963
          -0.38952
           3.09122
          -1.02412
           2.70948
          -0.83657
           2.16521
           0.23780
          -2.65304
           0.65049
          -0.58665
           0.32117
           2.16199
           2.37115
           2.17531
          -2.31005
           1.44932
           2.37652
          -0.08567
          -0.39311
           3.02323
          -2.78174
          -0.95625
          -1.40417
          -1.27436
           0.85571
          -3.02901
           0.80914
          -0.49488
          -1.71915
          -1.34002
          -4.14763
           2.48482
           1.21587
           1.25686
          -2.39290
          -0.73425
           3.40088
          -1.20281
          -0.51040
          -2.23792
          -1.99492
           1.08432
          -2.39004
           4.08326
           2.54866
          -1.18651
           1.27938
          -0.93178
           5.91436
           2.41383
           4.88043
           1.67102
           2.71684
           4.68183
           1.43200
           0.71442
           2.65319
          -1.57615
           2.70752
           1.86612
           1.61449
           1.68640
           0.70544
          -1.08046
           2.71552
           1.87346
          -2.97935
           0.49125
           1.32331
          -0.97683
          -0.68007
           2.20409
           3.57509
          -2.05172
           1.22691
           1.09779
           4.26364
          -0.69840
           0.99379
           1.91845
          -1.16302
           3.27437
           0.24681
           2.99895
          -0.10812
           2.54731
          -2.85830
          -2.75628
           2.89686
           0.87531
          -0.69549
           0.44538
           0.50365
           5.20861
          -0.95562
           0.00373
          -2.06544
          -2.63830
          -0.64347
           1.34080
          -1.10957
           1.37835
           0.51220
           3.01026
          -2.87261
           1.84485
          -1.94931
          -1.32208
           4.15784
           0.49120
          -2.75338
          -0.65420
          -3.97148
          -0.36364
           3.43846
          -0.18489
          -2.04907
           0.92392
           0.53601
           1.45599
           3.44971
          -0.86518
           1.09503
           2.54551
           3.09970
          -5.53337
           2.66838
           3.88917
           5.22998
           1.52780
           2.96140
           3.17513
           1.34453
           2.04506
           2.60520
          -3.90125
           2.51409
          -0.42384
           4.06453
          -2.80529
           2.01775
           2.41386
          -2.26791
          -0.71391
           0.41542
          -0.11569
          -3.72338
           1.52725
          -0.87671
           0.39275
          -1.64112
          -0.30596
          -1.00698
           3.19766
           3.45784
           2.31935
          -1.55390
          -1.64595
           1.93105
          -0.78061
          -0.07009
          -1.45350
           1.88655
           1.85142
          -1.61119
          -0.69005
           0.02671
          -2.31634
          -2.09902
          -3.23671
           0.87829
          -2.77247
          -0.06982
          -0.06321
           4.85872
          -2.70810
          -0.64531
           0.32464
          -0.34912
          -2.39653
           0.74001
           3.97449
          -2.21424
          -0.31768
          -0.58223
           5.75468
           0.32521
          -4.49983
          -3.35800
          -1.29385
           2.50506
           1.00631
           0.21446
          -0.40342
          -1.46748
          -3.01461
          -1.63502
           1.82703
           0.86683
           0.46239
           0.48817
          -2.50701
           2.85520
          -1.15171
          -0.63967
          -1.73007
          -3.53962
          -2.63901
           5.22765
