         -11.96138
          -8.07299
           0.35701
          16.51089
          -6.27436
           8.80864
          14.62013
         -27.93148
          13.70036
           0.93115
           2.09085
         -23.15810
         -13.75941
          -1.53179
           4.51764
           7.40891
           2.05317
           0.67571
           3.96903
           4.37548
           3.56308
          -1.02862
         -12.04275
          -6.36718
           2.59728
          -3.02709
         -15.13885
          25.97591
          15.41665
          -6.59820
           7.96982
          25.76311
           1.50796
          -0.13376
           4.96476
          25.11738
           6.16478
          -5.80849
          32.60988
          25.41467
          -0.49869
          12.95953
          19.91894
          13.62695
          -5.09142
         -17.68204
           7.00624
           5.82109
          -5.34930
          13.86769
          -6.82646
         -24.14298
          -4.71758
          -7.35047
          12.06938
         -20.27315
           7.20249
         -13.04096
          11.32570
         -11.82097
         -19.08912
           1.56288
           6.60786
          17.27344
          13.08923
          10.76058
          -0.83433
               NaN
          -4.70805
          18.85682
           9.77423
           1.62049
           2.31590
          -5.12181
           9.77662
         -12.23172
          24.28312
          10.36190
          -4.40633
           7.69663
           7.76729
          14.86635
          -9.64985
          -4.05139
           1.52996
           9.25388
           4.89808
          -9.21911
          11.83889
           7.10591
           8.76832
          -0.13692
          21.95991
           6.40182
           2.37724
          17.29028
           7.96921
           2.09826
          -4.17725
           1.01750
          13.77932
          13.50363
         -11.93407
           8.46212
           3.08727
         -10.91257
          19.59081
          14.91731
         -10.53687
          11.74272
           7.30235
          -3.79316
          15.60422
           0.59501
          10.89976
          -4.89879
         -24.23664
           0.03097
          14.07150
         -14.14926
           3.91830
           6.39902
         -10.84841
          14.35562
           6.97685
           3.07956
          12.86630
          17.18035
           5.64325
           6.72601
          -3.18379
           4.13686
          23.23637
           4.25135
          31.17440
          -7.39902
          28.38035
           8.73529
          19.55704
          11.21940
          12.47694
          12.88424
          -9.85607
          -4.27195
           3.55122
          18.89753
          15.10909
           4.96297
          21.97542
           5.40974
         -17.60360
           4.28998
         -13.58852
          -9.72314
           8.49924
          24.19631
          21.51609
         -15.12850
           2.50503
          -1.83393
           9.06919
         -18.19645
         -12.56168
         -19.50495
           3.25752
           1.32570
          13.99442
          10.43814
          22.42598
          -1.67199
          12.68417
           3.44733
          14.59998
          11.67114
          12.11814
          15.57672
         -12.70354
          26.78025
          -4.15413
          13.74022
           0.73032
           0.68002
         -10.30456
         -16.15604
          -5.38324
          19.19819
          -0.05103
          -3.81068
           0.89715
          15.85081
          -7.73734
          19.91749
          -2.56433
          12.27575
          13.01891
           1.58997
          -3.17733
           7.47142
           8.59590
          22.79905
          15.69122
          14.34873
          18.75049
          -0.06544
          -0.99965
           1.73019
          19.48198
         -17.80882
               NaN
          14.27773
          -1.03601
          12.37068
          12.94024
          -3.21061
          21.96291
           5.63605
          -3.40514
          17.72431
           5.10151
          -1.36971
          -4.25848
          -5.96398
           5.54018
         -17.97557
         -10.91256
           6.90836
          12.68547
          16.72676
               NaN
          -9.98223
          24.33766
          19.16684
          -0.09726
          20.76095
          -2.36562
          26.11599
           2.47418
          -6.54905
          18.27218
          -8.10378
           4.76731
         -15.08800
          -4.98983
          12.72025
          -6.66829
         -14.55373
          13.67407
           1.95878
         -13.48896
           2.59512
           0.50290
           2.18492
          -9.29956
          -9.04608
           5.44071
           7.64048
          19.52632
           2.18361
          15.00854
         -20.43381
          19.56806
          -9.63911
           7.27041
          10.66496
          10.53972
          15.01020
          15.69179
           0.07946
          -2.49679
           8.94481
           2.04194
         -19.35700
          -7.16414
         -14.25793
         -16.55365
          -0.15292
         -12.39940
          17.42784
          14.70215
          -3.78363
          -9.30526
         -11.07925
           3.06200
          -0.20588
         -10.92153
           4.16506
          -7.84667
          -1.64685
           6.36869
          20.85238
          27.79768
         -11.87735
         -20.64949
          14.88457
         -12.20432
          -3.51760
         -22.57986
         -15.23798
           1.05209
          13.22777
          26.93270
         -25.12034
           5.69716
          -2.94979
          22.16396
          -0.15019
          11.10772
          11.85648
          -6.01391
           2.67114
          -7.49855
           8.27143
           1.86872
          -5.17375
         -10.52989
          -0.03723
           2.92832
          12.36761
         -21.13243
          -5.86814
         -12.48824
          22.51666
           1.75368
         -12.05614
          19.02293
           5.28916
          12.43525
           2.08195
          -2.56620
           4.66773
          30.17207
         -20.16311
          12.50587
           5.74356
          16.71925
         -11.30025
          -3.43318
          -0.13020
          -4.44060
          12.75810
           8.86533
         -16.67691
         -14.61145
         -12.08977
          17.32683
           3.53702
          12.74018
           9.58598
           1.94994
          -9.92221
          29.71011
           4.87312
           4.40300
           4.57923
           3.22106
           3.61126
          -8.44672
           6.62316
         -22.15913
          -1.67080
           8.71186
          16.96075
          20.80985
           5.64607
           6.05789
          25.40523
           6.53486
          19.60187
          12.44676
          -2.12477
          13.60967
           9.48220
           3.76152
          -0.86083
          15.71975
          -5.65130
           3.03134
         -20.96838
           3.39729
          -3.84358
          24.20835
         -10.82217
           8.03511
          -7.04921
          -4.63477
           8.29454
         -10.45095
           7.98152
           8.88953
           1.20139
          -4.64245
           7.22443
           3.43259
          10.20576
           1.60741
           0.97895
          -7.67378
           2.67898
          12.54798
          -2.16180
          -3.81132
          -9.00325
          -0.03215
           3.60282
          11.26361
           6.56795
          14.06976
          14.46788
          13.34817
          -7.03489
          -0.22563
          30.91907
           5.06992
          -2.85877
           8.48809
          -4.83444
           8.27295
          -1.91038
         -23.24898
           1.02434
           8.90295
           0.99751
           6.79318
         -11.13087
         -19.38241
           0.53062
           1.64709
          -9.08166
           8.85598
          -9.79998
          -1.53085
           3.82901
          14.37468
         -13.38973
          -3.32307
           3.00273
         -13.16289
          20.18860
           4.91079
          -1.25599
           3.22273
           4.98342
          25.08574
          11.32348
           8.77538
           6.16462
         -16.21717
          15.04843
         -25.34730
           9.05502
         -12.36064
          15.46705
          18.99742
          -2.22086
         -18.52204
           4.47851
           6.35179
           2.78728
           3.93938
          -1.84778
         -10.91056
           7.65715
          20.22227
           5.67526
          26.58310
          -6.19783
          -3.47756
          13.65211
          -8.64998
           7.22692
           5.81020
          -6.23961
          -2.99735
           5.86795
           8.73651
          11.17855
           1.83782
         -14.08204
          16.62556
          -9.74969
          -1.92405
          -2.87640
          26.14763
          15.47918
          -1.29561
           3.46350
           7.42647
          29.37351
         -15.44713
          -2.51696
           8.30577
          12.27205
         -27.93341
           5.72597
          -1.72270
          19.19216
          -0.33699
           2.92139
          16.21079
          28.45527
           3.21652
               NaN
           9.91999
           9.63985
          18.87682
          35.71522
           9.42302
         -15.25496
           4.83496
          -4.45458
          -2.83937
          -8.03144
         -10.03284
          14.38680
         -17.57108
         -16.68567
          10.10928
          19.62499
          -1.90870
          -1.05765
           9.52878
          -0.40164
           2.59406
           5.84515
           0.28173
          10.51288
          -0.22618
         -11.02643
          -6.72806
           4.18014
          -0.49465
          14.19283
           9.98125
               NaN
           5.78471
          -3.67214
          -4.38442
          12.07109
           6.86642
           1.79936
          -9.33124
           0.54522
          -5.98798
           3.95218
          17.27697
               NaN
           3.55750
           6.29213
           7.82964
          10.43446
          -2.50325
           1.47039
          14.67532
          17.21902
          20.86801
          -1.89254
           8.66342
           7.21169
          -9.84597
           9.43977
           2.47226
          -1.18058
          -8.29076
          27.65619
           6.98581
          -3.15962
          -3.22305
           6.72228
          12.79877
          20.12549
          -6.72194
         -21.50358
         -10.01813
          -2.53423
         -21.38852
          11.78165
          29.27183
          -3.69601
          10.74677
           8.32131
          -7.51653
          11.54843
          17.39231
           1.51931
           2.44254
          18.64383
          -5.31295
          -6.77356
          29.41645
          -4.51747
           1.24010
           9.97058
         -20.65599
           0.69792
          20.19673
          -8.99345
          -6.21033
          13.69375
          -4.11780
         -18.35642
         -12.28368
         -20.64042
          -0.51158
          18.09846
           0.34049
           6.52566
          -2.31711
         -16.30531
          11.55552
          -7.64650
          -2.30592
          16.20735
          21.15693
          18.04165
           0.74336
               NaN
           3.93416
          -1.90818
          22.62001
          -5.61718
          11.44240
         -23.04374
           2.76993
         -15.51329
           6.15011
          -5.25659
           1.44159
          -1.29573
          -6.54843
           6.40219
           0.20152
           3.69620
         -13.27717
          -0.52182
          -0.77634
          15.91175
          -1.72830
         -12.62679
         -15.91613
          -3.37632
           4.08663
          -4.62778
         -22.85779
          -3.65306
         -21.10460
          13.58032
          -5.77697
           3.84949
          -2.31590
          -5.92698
          -9.28500
          11.26212
          20.60084
          14.44288
          -8.89615
         -13.30178
          21.92037
          -0.35116
           0.19460
           1.53124
          -4.80362
           5.98309
          15.56875
           6.94190
          18.06586
          22.88420
         -20.86739
           2.83332
           3.09434
          28.91321
          13.87239
           3.67019
          -1.13473
           8.00715
          -2.90695
           6.94982
          31.59579
           4.44133
          32.82573
           1.74787
          -3.98463
          -2.21990
           5.70469
          -5.72694
          14.57655
          -2.84825
           8.06446
          -7.21551
          16.67807
          26.58868
           4.26358
          19.53031
           1.75510
         -26.51459
          -6.44115
          -0.38434
         -14.14812
          -0.62757
           6.49201
          20.67668
         -14.84094
           0.30293
          28.01078
          12.76796
          -0.72653
          -9.41884
         -10.43652
           2.71480
          14.17185
         -24.03665
         -22.79357
         -27.24543
           2.59208
          -2.20842
          18.61752
          11.30965
          19.21553
           9.59990
         -14.25589
         -17.14593
          15.33226
          -2.64439
          25.11265
           3.13131
           6.89267
          18.77982
          -8.23608
          -5.56089
         -15.11172
          16.68022
           0.75823
          11.80520
          20.16623
          22.89177
          -6.78762
          -7.14071
           1.09066
          10.31773
         -20.33612
           3.64402
          17.80466
          15.85089
          -2.49532
          14.45964
          13.64360
           0.87793
          -7.74357
          -4.22231
           8.04811
          21.09688
           1.08717
          -4.00235
          14.95416
          11.66744
          20.58842
           7.02967
           1.91475
          12.62795
          19.40713
          -6.62890
           5.10853
          27.45764
         -20.92992
          -3.70735
          -6.03562
          18.44529
          -3.29227
          -5.21400
          27.60479
          -1.38359
           8.42402
          22.29584
          -0.45323
           9.65912
          -3.46906
          22.02385
           6.77386
           8.98735
          22.56453
           7.29193
         -13.65918
          11.81724
          15.28021
          12.53009
           4.01280
          -2.96241
          20.22188
          -6.70384
          26.27467
           5.73218
          -8.60335
           1.54252
         -24.03213
          20.46118
         -19.05647
          14.40384
          10.43237
          -2.10459
          -0.06802
           8.36559
          20.44780
          -2.85003
         -20.23502
           1.07836
           9.81248
           9.29811
          -5.41611
          22.44971
           2.75341
          -6.17897
          -4.02767
          -5.14130
          17.91899
         -12.97015
          -8.67119
          19.41115
           9.77840
           1.90572
           4.63762
          11.62903
           5.03607
          -2.24089
          11.59877
         -10.85761
          -3.51317
           1.29873
          24.91053
         -11.58919
          -0.68268
           4.11135
           0.83564
           6.02470
          16.84218
          -6.50868
         -14.03824
         -18.08375
         -14.67092
          10.25037
          23.19934
         -10.98090
           1.54689
          -2.07638
          -4.11194
          13.33452
           8.06714
          -1.67198
          25.18201
          12.01506
           6.68693
          23.16058
           9.09072
          24.26387
          29.47204
           7.80784
           4.29416
           6.04790
          15.86950
         -12.48271
           7.92652
          22.97173
          -0.08843
          -1.90854
          -0.55012
          23.79819
           5.50106
         -12.17312
          20.24472
          30.51753
          -2.13201
          -7.82729
          17.62569
           2.42543
           9.31952
           1.25756
          12.52565
          15.69477
          -5.37354
          10.48687
           1.35337
           8.01758
           3.22355
          -8.50791
           1.15828
          12.97012
         -13.58068
          14.17528
           4.80586
          -2.59224
           3.10152
         -15.07937
          -5.70495
          34.60989
          25.32309
           2.11929
          17.85019
           4.30048
          -2.09154
           1.71694
          -2.33088
          17.20020
          13.91237
          -5.41642
         -10.43775
           7.89521
          -5.51910
           5.85895
          10.98358
         -11.09523
          -5.65981
          -5.90483
          27.39305
         -10.82414
           4.03174
          18.16854
          20.01204
          19.63401
          -9.42547
           0.86756
          -3.36988
         -10.60011
          -3.55709
          -6.18088
          15.04402
          15.70730
          -8.92341
           2.93506
          17.13937
           5.56973
           3.91432
          19.16050
           2.18090
          -6.47023
           8.56786
           1.14838
           7.01191
          -4.53036
          15.42611
          -0.54530
           5.93525
           8.81472
          -5.30178
          23.23220
          11.49679
           0.18457
           2.92938
          -9.80333
          -4.25813
           0.64640
         -10.23433
          24.48360
          15.60246
           0.83655
          -4.43626
          -7.14155
          -3.02292
           9.25697
         -12.72340
           2.83055
           9.78441
          -6.18699
          27.52414
           6.46256
           7.21537
           8.12578
           4.16190
           0.67571
          -3.38616
         -12.48429
          -1.78589
           8.85154
          12.43490
         -18.42248
          20.79114
           0.61322
           7.45112
           1.06542
          -6.39266
          -5.16426
          -6.45226
           1.16371
          -5.61780
          -8.11056
          -9.26456
          10.27779
          19.25204
           1.59557
          -2.04195
          -3.70091
          -3.46327
          19.31691
           8.01291
           1.19751
           6.95992
          13.76785
          24.78139
          -3.15525
          -3.12012
           1.32656
           7.70561
          11.06763
           3.44738
          -1.18773
          -4.61156
          -0.32107
           2.81623
               NaN
          -2.82805
           2.11401
           0.75140
          -0.60269
           0.42840
           0.50540
           5.67632
          -2.64727
           0.88904
           1.23896
           4.02560
           3.07696
               NaN
          -3.68961
          -1.29045
           1.62892
           6.45148
          -3.40376
          -0.49033
          -4.35122
           1.03339
           0.57009
           1.52338
           0.26850
           3.16243
           0.28937
           1.17761
           0.64190
           1.32394
          -0.24869
          -4.20975
          -6.14208
           1.89017
          -1.51949
          -1.27358
           5.49391
          -1.93390
          -1.04813
           4.19112
           0.56176
          -4.48370
           0.39747
           1.51961
           3.09818
          -0.78584
           4.52797
          -1.93327
          -1.19717
           1.55007
          -0.24838
          -4.07434
           1.50830
          -0.05731
           1.32584
           4.07519
           1.52806
           1.63237
           0.45790
          -0.30241
           2.87564
           3.10294
           1.03692
           0.29926
           0.76289
          -2.71428
          -2.13333
           4.01811
           1.82201
          -1.83829
           1.10688
           2.44597
           5.09281
           0.95837
           2.67310
          -2.55961
          -1.88498
           2.19637
          -2.01949
          -2.93849
           1.57106
           0.74709
          -1.87301
          -1.24388
           0.84278
          -1.12684
          -0.12930
          -1.86727
           6.03345
          -0.90455
           0.41221
          -2.68261
          -1.61959
          -3.90874
           0.82450
          -3.03217
           2.06959
           3.40856
           1.43619
           0.84309
           1.69005
          -1.25041
           0.75906
          -2.54075
          -1.18224
           1.56836
          -1.29246
           1.96083
          -0.20440
          -0.46303
           0.43085
          -1.77444
           3.22767
          -0.31951
           4.82052
           0.23016
           1.80075
           0.48655
          -1.53678
           0.48295
          -4.49063
          -0.13420
          -1.86730
          -4.57162
           3.22283
          -0.36181
          -1.62806
           0.32438
           6.27984
          -4.82438
           3.00075
          -0.53937
           1.00799
               NaN
           0.85693
          -1.31328
          -2.45907
          -2.78970
          -0.46040
           1.82288
          -2.26907
          -0.56636
          -1.51215
          -4.09773
          -1.21877
          -0.00562
           3.78447
           4.83037
          -2.28236
           3.63291
           3.91596
          -5.49771
           2.03045
          -2.11563
          -0.75145
           2.18778
           0.99924
          -4.05166
           3.67292
           0.53349
          -0.70555
          -1.81973
           0.05871
           1.06941
          -0.84674
           0.44219
          -3.14366
           0.54044
           0.62202
               NaN
          -1.70479
           1.51844
          -4.96687
          -0.32117
          -4.35302
          -0.91763
          -1.04362
          -2.56916
           0.90760
           0.71901
           1.86438
          -1.43586
          -1.84160
           1.68343
           0.14888
          -0.87888
           1.84866
          -2.15688
           1.62175
           1.57997
           0.04180
           2.96311
           0.21442
           0.45453
           0.38598
          -2.64731
          -0.98161
          -4.94790
          -1.37637
           1.72414
           1.29500
          -2.36931
           3.16980
          -1.19037
           0.04772
           1.35601
           4.45637
          -1.30915
           3.48837
          -1.10799
           1.89679
           0.88521
           0.21133
           2.18613
          -1.48202
           0.49147
           0.89542
          -5.63736
           1.92397
          -1.97124
           0.74096
          -2.74966
           3.62586
          -0.56631
          -2.43403
          -0.48809
               NaN
          -0.75188
           2.55283
           5.03904
           5.04325
          -0.57021
          -2.57650
          -4.41827
          -5.05719
           4.45586
           2.34423
          -0.17191
          -1.45039
           0.84470
          -2.71415
          -3.03218
          -4.38730
          -1.17576
           0.95993
          -1.48089
           1.23089
          -1.03805
          -0.59071
          -0.06645
           0.50578
          -2.12174
           0.41211
           2.24813
          -1.03188
          -0.66246
          -1.62819
          -2.30198
           0.55577
          -1.25609
          -5.19948
           3.20597
          -0.06083
           2.35982
          -1.84290
          -4.19762
          -3.71347
          -4.26463
          -1.54930
           1.79490
          -1.54056
           4.29466
           2.00839
          -3.92673
          -0.60105
          -0.15591
          -1.34315
           1.22908
          -2.08841
           0.65938
          -3.55543
          -0.93855
           0.44258
           1.77873
           1.55124
          -3.01975
           3.86847
           0.15059
           0.89546
           1.37448
          -2.29901
          -0.74490
           2.63903
           0.30726
          -0.50679
           1.66651
           0.07133
           0.48814
          -1.00585
           2.99387
           2.69494
          -1.96184
           0.70729
           1.97484
          -2.07298
           1.11539
          -0.51543
          -1.39789
          -0.65373
           1.16915
          -0.76941
           2.83968
           1.49149
           1.37583
           2.06131
          -0.03276
          -2.00205
          -3.13991
           1.47165
           2.75507
          -3.85940
          -1.53710
          -0.34893
           3.00729
          -0.47949
           0.00527
           2.03773
          -0.71963
          -2.01704
          -1.13437
          -0.53056
           0.86071
          -3.35165
          -1.13228
          -2.13326
           0.73912
           1.84243
           0.35367
          -1.57916
          -0.65836
          -1.01215
           2.14156
           5.14449
           0.80259
           3.54060
           1.29357
          -0.06291
          -0.58391
           2.07442
           0.52261
           0.34550
          -1.38916
           1.56305
          -1.05978
          -2.74052
           0.72442
           0.78369
          -0.88948
          -2.16241
           0.86454
           2.46521
          -0.50359
          -0.24795
          -3.00239
           3.94860
           0.69358
          -1.87758
               NaN
          -2.34016
           0.85495
          -1.98182
           0.56842
          -1.11632
           0.24786
          -1.55608
          -4.60884
          -5.29440
          -0.14969
          -4.62809
           1.32862
          -4.72771
          -2.09387
           2.35010
           1.41742
           2.06918
           0.89467
           2.49975
          -0.26768
          -3.38629
          -2.11820
          -0.55407
          -4.82335
           2.27677
           0.03098
           1.64725
          -0.51735
           0.21769
          -3.44139
           0.41546
          -5.30393
           2.62511
          -5.38344
          -1.54960
          -0.97949
          -0.56890
          -2.77290
          -0.03575
          -0.18135
          -1.78369
           5.98670
           2.47582
          -0.26471
          -0.06466
          -1.38127
           0.43662
           1.49158
           0.59421
          -3.96718
           3.80907
           2.38962
          -1.35951
          -2.16807
           3.74504
           2.67758
           0.23068
           0.14569
           0.06658
           5.46659
          -2.11863
           1.33234
           3.73589
           1.70530
          -4.68893
           4.24013
           3.25367
          -0.86652
           4.14262
           0.36581
          -1.70389
          -2.90409
          -1.26533
          -0.74587
          -4.30939
           2.54358
          -1.42102
           1.10363
          -3.16322
           4.67123
          -2.64316
           3.26226
          -1.63143
           2.81224
           2.36352
          -1.37815
          -0.56280
          -4.09464
           5.40945
          -0.73825
           0.40957
          -2.13174
           3.53169
           3.83515
          -1.69170
           1.45121
          -0.45392
           3.56930
           2.11410
           4.48261
           0.69897
           1.14464
           0.24074
           0.02319
           2.14265
          -0.78179
           0.92086
          -1.21670
          -2.76965
           0.19247
           0.42860
           2.45287
          -1.78881
          -0.99423
          -4.77415
          -1.87215
           1.04255
           0.76714
          -2.07375
           1.93038
           2.11117
           0.46227
          -0.69515
          -0.14852
          -2.18490
           2.36703
          -5.50809
          -2.51311
           1.41369
          -2.24264
           2.13290
          -2.65890
          -0.13315
          -1.89186
           0.06612
           3.21081
           1.73293
          -1.66259
           5.99725
          -0.53112
           0.45882
           2.07346
           1.72773
          -0.70592
           1.52082
          -0.16864
           1.53706
          -1.25182
           0.14628
           0.69999
           0.34620
          -5.74490
          -1.12411
           1.89886
          -3.27904
           2.45016
           0.09397
          -1.92717
           1.50072
           0.66059
          -5.31020
          -1.42648
           1.35181
          -2.24573
          -1.95615
           0.71795
           2.17460
          -1.43724
           5.06304
          -0.87030
           2.92213
          -0.84457
          -0.27025
           1.01333
          -2.15943
          -1.05361
           6.17397
           5.33266
           5.96885
          -2.77892
          -1.63600
          -1.33862
          -3.38930
          -0.57163
           0.87995
          -1.11183
           0.12462
          -2.54306
           1.37977
          -0.81063
          -5.16385
          -0.00534
          -0.57873
           0.40902
          -1.71873
          -0.47924
          -0.99612
           3.17003
           3.21628
           2.18605
          -3.77895
          -0.35466
          -0.69510
          -1.64818
           3.10243
          -5.54864
          -2.08790
           0.19618
          -0.73224
           0.29051
          -0.53586
           0.57774
          -0.85686
          -6.06249
          -0.35262
          -0.77155
           2.24892
           0.63891
           3.19715
           0.06738
          -0.62127
           2.20142
          -4.75553
           1.86771
          -0.89157
           0.59145
          -1.50470
          -1.55539
          -1.65619
           3.46809
           4.99538
          -0.98425
          -3.06934
           1.55559
           0.13685
           2.54414
           0.24412
          -2.10174
          -2.70188
          -3.49894
           2.88499
          -1.55711
           0.04757
          -0.16163
           2.72700
          -1.82445
          -0.44963
           3.44413
           2.25942
          -0.16702
          -3.59926
          -2.94847
           4.63891
          -0.92011
           0.11488
          -2.78329
           5.05854
           3.29163
           2.50477
               NaN
          -2.12349
           0.90331
          -1.50145
           1.57453
          -0.59191
           3.22232
          -0.79387
           1.75422
           2.59262
          -1.57052
           0.98724
          -0.06515
           1.50018
           0.11228
          -2.68633
           2.25253
          -0.83636
           4.21006
          -1.53359
          -1.65759
           2.07454
           0.38904
           2.45663
          -1.39654
          -1.72201
           2.74601
           0.86428
          -0.15069
           0.51436
           1.00858
          -4.71014
          -0.10825
          -1.44296
           2.72523
          -1.86838
           4.72124
          -0.41753
          -2.02185
           2.00187
          -0.46258
           0.12941
          -0.92954
          -3.44320
           4.47336
           1.42656
          -3.03972
           3.51395
           1.29567
          -0.52522
          -1.63567
          -1.19814
           1.09385
           3.17671
           3.75543
           1.66655
          -2.15749
           1.69130
           3.02239
           2.09986
           3.28417
           1.80654
          -1.48163
           0.85378
           0.11339
           2.39859
          -1.40635
           0.37441
           2.73484
           1.74394
          -2.00831
           0.60616
          -1.09360
          -5.77323
           2.17537
           1.13278
          -2.43106
          -3.78024
           0.53724
          -0.99254
           2.28820
          -0.22208
          -0.73262
          -0.89891
          -1.90404
           3.19234
           0.47108
           0.33076
          -0.76665
           1.27313
          -3.83546
           1.20782
          -0.49612
           3.43970
          -0.35058
           3.62020
           2.72960
          -2.50410
          -3.01043
          -3.67968
           0.24204
           3.12863
          -0.92813
          -0.95653
           1.92971
          -1.21472
          -0.59315
           0.57296
          -3.89055
          -1.44207
          -0.05533
          -3.20146
           4.72428
           2.70922
           2.25187
           0.29257
          -4.30472
          -1.16997
           1.01958
           1.58805
          -1.53808
          -2.00156
          -2.39544
           1.37166
          -4.12543
           2.67087
           1.66933
           1.67024
           1.57813
          -2.20712
           1.02074
          -1.52978
           3.20497
          -0.33054
           0.70857
          -0.94712
           0.74674
          -0.33787
           3.18898
          -2.00198
          -0.71811
          -3.02754
           2.49773
           1.34634
          -2.46533
           2.36879
          -1.10027
          -4.82354
          -0.29335
          -1.83361
           3.33184
           2.14723
           1.49859
           1.79733
          -1.26146
          -1.10192
           2.07344
          -0.29173
          -1.96818
           0.58955
           2.00558
           0.66137
           4.36889
           4.10192
          -2.55340
           1.76705
           2.67012
          -5.97397
           2.39738
           5.68226
          -1.54675
          -3.13604
           0.79606
          -3.13635
          -3.62323
          -1.39623
          -4.15188
           1.16543
          -2.04981
          -0.75968
          -1.45800
          -0.96768
           0.27605
          -0.47809
           3.43460
          -3.35414
           0.84241
          -3.13121
           3.48508
           0.12754
          -3.13529
          -2.56394
           0.14656
          -2.63544
          -5.04641
           4.60992
           0.04547
          -1.22934
          -0.32042
          -1.63169
           0.80631
          -0.31160
          -2.74407
          -0.63456
           2.46516
          -1.75628
          -1.07283
           0.78555
           0.69222
          -0.33774
           0.77085
           2.02128
           0.25843
          -0.08598
           3.71094
           0.13210
          -0.94027
           1.75051
          -2.26644
           3.57363
          -3.43238
          -2.78100
           4.77387
          -1.66911
           3.04116
          -0.60988
           3.57617
          -1.69302
           1.41523
           1.88378
           1.11292
          -2.37682
          -2.65354
           3.64030
          -2.28555
          -2.17193
           2.95735
          -0.62577
          -3.21174
           0.67938
          -3.48914
           1.67674
          -2.52729
          -0.77451
          -4.65000
           2.21148
          -1.84906
          -2.35148
           3.45241
           3.26438
          -0.93644
          -1.75645
           2.60017
          -4.62303
          -1.83389
          -3.11003
           3.93296
           3.76021
          -0.21484
           0.27459
          -0.59498
           1.07009
          -4.05563
           2.49715
           0.37652
          -3.28234
           0.94049
           0.91694
          -2.83400
           1.10050
          -0.17473
          -2.44239
           0.79924
          -2.20210
           0.90914
           0.51301
          -1.79610
          -2.19452
          -0.08692
           2.23675
          -1.45101
          -1.83660
           3.83848
          -4.97557
          -1.12089
           1.72842
           4.95659
           4.04685
           0.61302
           2.22684
          -3.59598
          -0.26162
           2.07809
           0.35964
          -3.15697
          -4.07920
           5.67021
          -0.89662
           2.09284
          -4.22306
           2.10932
          -1.17502
           1.67920
           0.10314
          -3.01766
          -1.78318
           0.45250
          -3.94088
          -3.41457
           1.87327
           1.49465
          -4.86834
          -0.27388
           3.58521
          -2.93322
           1.19094
          -2.47181
          -0.33016
          -1.21246
          -1.44359
          -0.41748
           2.13235
           0.03897
          -4.31440
           0.35859
           0.65833
          -2.68404
           1.74651
           1.67200
          -2.66836
          -2.39594
          -1.24970
           2.35499
          -0.36763
          -1.15611
           1.78329
           3.10059
          -3.58838
           2.52129
           0.30421
          -0.40303
          -2.17062
          -3.08263
          -4.10478
           1.16317
           0.83267
           4.11366
           0.30856
          -3.46652
          -0.07474
          -2.14690
          -0.65158
          -1.36446
          -1.11556
          -2.80113
           0.75426
           3.43979
           1.45498
           4.00456
           0.23777
           1.17668
           1.53103
          -3.18355
          -0.70962
           1.81661
           0.54331
          -0.41950
          -2.60519
           4.00676
          -0.75891
          -4.84701
          -1.82526
           3.43091
          -7.60644
          -2.68598
           3.41572
           0.30107
          -1.54190
           2.21031
           2.29968
           5.97541
          -2.59086
           1.48223
           0.00928
           5.47513
           3.46724
          -6.85751
          -4.36222
          -1.42760
           0.97287
               NaN
          -3.08293
          -0.48085
          -3.95624
           1.95229
          -2.74957
          -0.14736
           0.56943
           2.10809
          -0.93503
           0.76170
           1.32969
           0.39692
          -1.94776
          -4.23520
          -5.85781
          -1.07504
          -2.53556
          -0.20706
           3.63925
          -4.14322
          -1.92939
           4.70531
           1.24990
          -5.45479
          -0.50463
           1.70410
           2.44875
          -0.65690
           6.17833
          -1.41033
          -0.42389
           0.89944
           2.13295
          -5.35272
           3.35706
          -1.25743
           1.59811
           4.53462
           2.18570
           0.71066
          -0.76375
          -1.56372
           1.87477
           2.69728
           3.96031
           0.17856
          -1.40742
          -4.07011
          -0.92229
           4.11851
           1.62827
          -1.65056
           2.13185
           0.60727
           3.85289
           0.54586
           2.36516
          -3.38486
          -3.00986
           3.16837
          -2.20928
          -3.62063
          -0.02518
           0.50593
          -1.46422
          -2.55803
           0.67965
          -1.38286
          -0.54679
          -3.87661
           6.06885
          -0.85359
          -1.21890
          -2.73280
          -2.44047
          -3.80892
           2.45577
          -4.32184
           1.42304
           5.56279
           0.29642
          -0.06013
           2.16497
          -1.88280
           0.25329
          -1.91144
          -1.34831
           1.34264
          -1.17460
           0.68727
           0.09831
          -1.61217
           0.55778
           0.64695
           2.78423
           0.08538
           5.66115
           1.91269
           1.86316
           1.39518
          -2.41926
          -0.19726
          -4.48910
          -1.20544
          -2.66630
          -5.41508
           3.45177
          -0.35779
          -2.62623
          -2.47601
           6.20465
          -7.91615
           3.44464
          -2.03621
           0.87090
               NaN
           1.48520
          -0.26419
          -4.59066
          -1.61461
           0.29658
           1.40735
          -2.62182
          -1.69655
          -0.88972
          -5.64078
          -2.32919
           1.90140
           3.55175
           6.32801
          -2.31069
           2.50421
           1.28570
          -6.13807
           2.96413
          -2.84410
          -0.34526
           2.11535
           4.08819
          -2.76481
           5.27165
           0.95625
          -0.84732
          -3.10809
          -1.27254
          -0.88160
          -0.23432
          -1.12146
          -2.97314
          -0.73763
          -0.25550
          -6.54246
          -3.37992
           1.81044
          -7.33078
          -0.17977
          -5.42774
          -1.34669
          -1.72287
          -0.41504
           2.21333
           0.91116
           0.25154
          -0.26254
          -1.64590
           0.47418
           0.95495
           0.51342
          -0.72290
          -2.78062
           0.66934
          -0.46872
          -0.00429
           3.75918
          -0.71769
           0.43529
          -0.85631
          -2.96582
          -2.41970
          -5.66970
          -1.76775
           2.16571
           1.97362
          -3.54758
           3.58577
           1.08336
          -0.17902
           2.46747
           4.09535
          -2.42049
           5.23364
          -2.69216
           0.67666
           0.96458
          -1.85142
           1.43633
          -0.75537
           0.18206
           1.75889
          -6.11076
           3.15434
          -1.29222
           0.26747
          -4.42642
           1.84066
          -3.21778
          -1.52503
          -2.52522
               NaN
          -0.91756
           1.28862
           4.41743
           4.24816
           0.38034
          -2.55203
          -6.10448
          -3.69782
           3.98897
           3.72247
           0.31813
          -2.54620
           0.57919
          -1.63982
          -2.18003
          -4.51253
          -0.17262
           2.26260
          -1.63340
           0.83662
          -0.26350
           0.02996
          -1.13522
          -0.26709
          -3.43497
           1.77382
           0.40816
           1.52131
          -1.55179
          -1.47785
          -2.79982
          -0.49625
          -1.80417
          -5.95379
           1.71627
          -0.65312
           2.98630
          -1.14688
          -3.62335
          -2.53079
          -4.08646
          -0.02424
           3.51990
          -0.25925
           5.46187
           0.12603
          -3.98092
           0.72766
           1.24154
           0.77454
           1.56510
          -2.55467
           2.18381
          -4.27302
          -0.14823
           0.14052
           1.27110
          -0.21975
          -6.11413
           4.03583
           1.28584
          -0.42106
           1.75221
          -1.49078
           0.29847
           3.01858
           0.77878
          -1.36801
          -0.39875
           2.08631
           1.19264
          -0.79040
           0.88373
           1.97781
          -2.49072
           0.57637
           2.02688
          -2.32621
           1.76238
          -0.71742
          -0.73158
          -0.27956
           2.63769
          -0.27638
           1.84278
           1.49061
           2.49040
           3.34855
           0.48498
          -4.00521
          -3.40145
           2.19102
           0.18001
          -4.41714
          -2.49210
          -0.07451
           3.15331
          -1.22999
          -3.41768
           3.02468
          -1.95387
          -2.02945
          -3.41926
           0.91323
           1.62307
          -3.76527
          -1.53861
          -2.49561
          -0.95829
           2.72925
           1.11277
          -1.26404
          -1.60131
          -1.22295
           1.16119
           5.39979
           0.48795
           4.95463
          -2.17174
          -0.67527
           0.77069
           1.45331
           0.09306
           0.32484
          -0.64169
           0.92866
           0.49440
          -2.44727
          -0.45987
           0.51535
          -2.38299
          -1.95302
           0.44570
          -0.45482
           0.04066
          -2.50609
          -4.14552
           4.45972
          -0.95794
          -3.05588
           5.93770
          -2.17424
          -0.24547
          -1.26036
           0.64097
           0.39077
           0.58695
          -1.92309
          -6.96052
          -4.65338
          -0.08025
          -4.39846
           2.44921
          -6.44184
          -1.68086
           1.55640
           0.51689
           0.97275
           1.39347
           2.23607
          -0.02895
          -4.68355
          -1.40928
          -1.34406
          -4.33397
           2.37711
          -0.98768
           1.27527
          -0.14629
           0.69689
          -3.51383
          -0.35995
          -6.36733
           1.92957
          -6.68813
          -2.45444
          -1.16306
           0.42029
          -1.68355
          -3.43623
          -0.59973
          -1.19416
           6.22433
           2.67232
          -0.37118
          -0.01957
           1.63134
           0.19846
          -0.20106
           1.31580
          -4.45262
           3.95649
           3.24584
           0.33703
          -0.58275
           3.62634
           1.50191
           0.19112
           0.54367
          -0.76462
           5.27622
          -1.15393
           0.90535
           3.27859
           2.94183
          -6.30929
           5.55899
           3.15084
          -0.35650
           3.07398
          -2.03504
          -1.37245
          -3.72356
          -1.17703
          -0.04901
          -5.81201
           4.75678
          -3.15562
           2.03230
          -2.91456
           3.32201
          -2.14791
           4.85899
          -1.81834
           2.11670
           3.73255
          -2.50345
          -1.40928
          -4.14318
           3.90212
          -3.78166
          -0.59610
          -3.11384
           3.79878
           5.01310
          -2.16867
           1.44501
           0.09319
           3.16006
           2.70900
           5.41905
           1.29429
           0.43938
          -1.77746
          -1.09883
           2.58375
          -2.84530
           2.74737
          -0.58354
          -2.34381
          -2.33121
          -0.38885
           2.37978
          -2.69873
          -2.50484
          -6.60022
          -0.76305
           1.46809
           1.16846
          -2.44319
           4.44898
           0.98264
           0.04331
          -1.15514
          -0.69364
          -1.53464
           0.92945
          -7.29734
          -1.46858
           3.54212
          -2.92672
           0.78462
          -5.06285
          -1.97712
          -2.25578
           1.81750
           2.57601
           2.04879
          -1.91776
           6.50704
          -0.50843
          -0.17534
           3.53002
           3.32517
          -1.72198
           1.48862
           0.03064
           1.55019
          -0.93584
          -0.30861
           0.47358
          -0.44623
          -6.08349
          -2.07790
           2.74889
          -2.52185
           3.64160
          -0.77510
          -1.01404
           0.21767
           0.40605
               NaN
          -1.85943
           2.04816
          -2.52168
          -3.07350
           0.26376
           1.68086
          -0.50950
           5.54781
           0.27894
           1.67127
          -2.36971
          -4.69233
           0.53074
          -2.03432
          -2.65725
           6.73168
           5.14142
           6.30815
          -3.90009
          -3.25507
          -3.44583
          -3.93075
          -2.12920
           0.60924
          -0.62205
          -1.37910
          -1.68026
           1.62055
          -0.65203
               NaN
           0.26931
           0.19349
           0.85965
          -2.98429
          -2.08705
          -2.46757
           3.84174
           4.52163
           3.58627
          -3.67760
           0.58652
          -0.70518
          -2.70404
           3.70729
          -6.74017
          -1.96681
           0.43406
          -1.57232
          -0.53835
          -0.65501
           1.16690
          -1.52851
          -5.66005
           0.62322
          -3.00151
           3.14362
           0.81848
           2.93074
           1.95969
          -0.98064
           0.78943
          -4.69282
           1.61951
          -2.64448
           1.16142
          -0.12268
          -0.74089
          -0.53830
           4.23199
           3.59442
          -1.51747
          -3.78400
           2.47327
           1.62675
           1.54936
           0.39513
          -1.97703
          -3.88981
          -5.68436
           1.96996
          -2.58140
           2.09978
           0.06554
           3.67866
          -3.49771
           0.67490
           2.07219
           4.56847
          -0.09639
          -2.73996
          -2.84837
           4.55532
          -1.16518
          -0.47714
          -2.96391
           4.78321
           2.96124
           2.51493
          -5.91054
          -2.47257
           0.95068
          -2.41989
           2.17650
           0.02868
           3.69768
          -0.68589
           1.41150
           2.96948
           0.66577
           1.19361
           1.29219
           1.13766
           0.08117
          -3.15645
           1.47762
          -1.10336
           5.25650
          -1.05744
          -3.61706
          -0.13412
           0.87660
           3.53528
          -3.65658
          -1.99397
           2.80012
           0.68266
           0.01632
          -0.02480
           0.33249
          -5.36910
          -0.22910
          -4.41125
           3.58738
          -2.37091
           4.15564
          -2.75370
          -2.55357
           2.25108
          -0.81718
          -0.83648
          -1.08668
          -4.44377
           2.59123
           1.84279
          -6.07251
           3.26026
           2.05635
          -0.83902
          -2.19984
          -1.02178
          -0.38670
           2.88080
           5.22763
           1.91257
          -3.90559
          -0.94440
           2.73024
           0.27339
           3.37323
           3.67728
          -1.61966
           0.81728
           1.40016
           1.87529
          -0.14011
          -1.44709
           3.35039
           2.08157
          -3.14766
          -0.59108
          -0.75134
          -4.94906
           3.31791
           2.37673
          -2.89635
          -1.44893
           2.20991
           0.31221
           1.62048
           0.46984
          -1.80464
          -2.52331
          -3.21225
           2.16406
           1.37688
           2.05764
          -1.58198
           1.09297
          -5.16567
           1.95829
          -0.70475
           1.44128
          -0.29629
           3.43778
           4.23216
          -4.19917
          -2.63857
          -3.49944
          -0.91774
           1.40972
          -1.20344
          -0.45336
           1.04395
          -2.67044
           1.33847
          -0.80482
          -5.12828
          -2.90687
           0.31692
          -4.12442
           2.95651
           2.02299
           2.10879
           1.14063
          -4.83256
          -3.20179
           1.35100
           1.76012
          -2.56827
          -2.02669
          -2.89773
           0.85611
          -4.87885
           2.75666
          -0.42430
           1.94352
           0.23921
          -4.44995
           2.37431
          -1.86925
           2.94739
          -1.53818
           1.34703
          -0.32815
          -0.88582
           0.96655
           2.15256
          -4.46232
          -0.03265
          -4.03950
           2.22208
          -0.90218
          -3.58551
           0.57808
          -3.03010
          -5.16955
           0.55522
          -1.48244
           1.49485
           0.89506
           1.14330
           1.41025
          -3.49967
          -0.20818
           1.34823
          -1.23353
          -1.86610
          -0.17877
           3.18270
          -0.87155
           5.31938
           2.30102
          -3.73741
           1.61187
           3.04290
          -6.69343
           0.98311
           5.33680
           0.00063
          -3.62351
           0.04335
          -3.98301
          -3.50308
          -3.06581
          -3.05965
           1.01539
          -1.36379
           0.10534
          -2.62118
          -0.58120
           0.90218
          -2.40834
           3.52686
          -3.79646
           1.12039
          -4.05735
           2.92219
          -0.78626
          -5.04094
          -1.78562
           0.44763
          -2.85250
          -7.01936
           5.86513
           0.50892
          -1.63234
          -1.32571
          -2.56317
          -1.28213
          -0.24095
          -2.22543
           1.22344
           4.32444
          -2.26175
          -2.97626
           1.50483
           0.14371
          -0.27058
           1.68684
           0.93936
          -0.13466
           0.17414
           0.91769
          -1.73066
          -1.91279
          -0.18631
          -2.87695
           1.78222
          -4.01154
          -3.27642
           3.98795
          -1.54337
           2.03517
           0.30035
           2.82986
          -3.74496
           1.33960
           1.02798
           0.21759
          -2.89587
          -3.22194
           4.69914
          -4.61066
          -4.89382
           3.79047
           1.46660
          -5.17602
           1.38269
          -4.82089
           2.66413
          -3.63477
          -2.93416
          -4.72904
           2.15157
          -2.46845
          -2.81045
           4.25262
           3.27307
          -1.84095
          -3.17089
           2.76306
          -5.90832
          -2.27787
          -3.70556
           3.29444
           5.86471
          -0.34470
          -2.20995
          -0.52741
           1.89300
          -6.09306
           1.65706
           0.94146
          -3.51176
           1.13446
          -1.04375
          -4.18797
           1.48778
           0.36637
          -3.19693
           2.81875
          -2.94555
           0.05406
           1.12376
          -0.88872
          -2.09579
          -0.92397
           3.17299
          -1.65065
          -2.70118
           1.34951
          -5.21579
           0.65721
           1.49327
           5.92364
           5.02128
           0.17382
           3.02771
          -3.13572
          -1.63472
           2.84160
           0.55927
          -4.71722
          -5.41532
           4.67870
          -2.68253
           1.31780
          -4.01201
           0.89538
          -0.59327
           1.88712
           0.92063
          -3.63996
          -2.09772
          -0.04334
          -4.22542
          -2.56648
           0.25845
           1.18010
          -4.94162
          -1.54240
           4.58717
          -2.98032
           1.70860
          -2.18465
          -1.26485
          -3.15757
          -0.60160
           0.42789
           2.10631
           0.07737
          -4.54205
           1.94350
           1.01979
          -3.64071
           2.23241
          -1.65107
          -3.14045
          -2.14169
          -1.61607
           1.38787
           0.68129
          -0.95596
           2.95828
           2.96394
          -3.06399
           1.77767
           2.31513
          -1.70858
          -2.43678
          -2.99009
          -4.23115
           2.31240
           0.81259
           3.60791
           0.00131
          -3.51673
           0.07709
          -0.15673
          -1.13717
          -2.10702
          -1.54108
          -2.35099
           1.43151
           4.39738
          -0.81217
           3.16519
           0.94049
           0.20035
          -0.49426
          -4.47161
          -0.86086
           2.06728
           0.63877
          -2.18200
          -3.09685
           2.52943
          -1.89143
          -4.22519
           2.14735
           1.80752
          -5.23486
          -3.06121
          -0.02212
           1.49041
           0.93859
          -2.49577
          -2.43907
           5.18551
          -2.73985
          -0.08439
           3.25691
           1.64687
           2.43652
          -6.75446
          -2.58584
          -1.06540
           2.70552
           3.47933
          -3.93025
          -0.50590
          -4.99940
          -0.47456
           6.01775
           4.26512
          -0.22533
           4.89264
           2.29865
           1.86013
          -0.48679
           2.84520
           2.53954
          -4.16798
          -6.60857
           6.75616
           0.14790
          -3.02377
               NaN
           1.69166
           0.39805
           3.34731
          -0.56750
          -2.89012
           1.87784
           1.21686
           4.16391
          -0.99744
           1.81970
          -2.79144
          -2.46615
           2.61778
          -4.15621
          -1.97647
          -1.52558
           1.91212
           0.87902
           3.32126
           0.44885
           3.14492
           2.46267
           1.76742
           4.51808
           3.76865
          -3.76044
           0.49732
           4.32445
          -0.48930
          -4.12070
           3.85335
           2.13995
          -2.14637
          -0.57513
           5.46334
           7.12757
           1.63532
           3.17845
          -1.20536
          -0.03903
           0.60129
          -1.70804
          -1.81908
           4.19055
           1.14283
          -2.54384
           0.91270
           1.11049
          -0.70669
           0.55581
           1.43012
           5.97538
          -0.98818
           3.08893
          -2.60025
          -0.27250
          -4.07256
          -1.85246
          -0.91576
           3.13059
          -0.12660
           3.30660
           2.32530
           0.91069
          -0.21263
           1.58905
          -3.57347
          -0.90973
           1.93877
          -1.48588
           4.05078
          -0.70117
           1.42274
           0.22256
          -5.74800
           3.95537
          -0.98394
           3.44103
          -2.53092
           1.69834
          -1.00454
          -0.08861
           1.59920
          -4.49312
           1.62374
          -0.55613
          -3.18747
           2.84713
          -0.36842
           0.00997
           4.91989
           6.40322
           0.24932
           2.27231
           1.91699
           1.23296
          -4.72490
          -0.17409
          -3.03488
           1.03894
          -4.71807
          -1.70264
           2.50478
          -1.69018
           1.28833
          -2.53358
          -1.56555
           0.60346
          -3.13508
           4.16637
           2.37271
          -2.23586
           5.48514
               NaN
          -4.44686
           0.49825
          -0.92018
          -1.41803
           2.30664
          -4.06983
          -6.16341
           1.04936
          -0.16028
          -0.47289
           0.29450
           2.24333
           4.27107
          -1.85174
           3.00819
          -3.42348
           2.63778
           2.06205
               NaN
           1.04416
           1.03927
          -1.08761
          -0.55322
          -2.58938
          -0.21353
           0.07105
          -6.10414
          -1.23515
           0.40369
           4.51108
          -3.36132
          -2.16275
           3.66786
          -1.17391
          -3.16368
           6.06868
          -1.13331
           3.18469
           4.94193
           0.11742
           1.65673
           1.74405
           0.48612
           2.42462
          -2.12463
           1.37835
          -3.76340
          -0.73411
           0.99951
           0.18137
          -0.43574
           2.48717
          -4.92164
           0.41981
          -0.46794
           5.04882
           0.51459
           0.62431
           1.49169
           3.89905
           0.75495
           3.59638
           3.41657
          -2.67449
           0.99921
          -0.52157
          -4.86049
          -0.09509
          -3.08553
           1.51797
           0.00195
           6.55543
           3.78482
          -3.92573
           2.85491
          -6.06128
          -0.47999
           4.62744
           6.05912
           6.34802
          -2.13009
          -2.61666
          -1.65116
          -7.28796
           5.22204
           0.08248
          -0.97608
           0.34787
           1.28040
          -4.47716
          -4.43060
          -4.18179
          -2.82195
          -1.17779
          -1.23061
           1.87788
          -2.30912
          -1.60925
           1.68744
           1.77408
           0.03332
          -1.82250
           5.26756
          -5.22173
           0.79696
          -1.87490
          -1.48502
           2.28215
          -0.35669
          -3.96164
           5.65060
           0.91115
           1.33174
          -2.98509
          -5.14002
          -5.65428
          -4.55701
          -4.05197
          -1.03588
          -3.64324
           2.37923
           5.09739
          -3.83779
          -2.78149
          -2.44916
          -4.81835
           0.67764
          -1.32326
          -1.84225
          -2.37784
          -2.23549
           0.93826
           2.61176
           4.45749
           2.05822
           3.59383
          -1.71239
           3.05592
           0.75460
          -3.62534
          -2.45711
           2.01616
          -0.46650
           0.90651
           5.05567
          -3.23532
          -0.66798
          -1.35941
           6.45667
           3.87177
          -1.09393
           0.92214
           1.88944
          -1.65743
           0.05366
          -0.18395
          -2.49132
          -1.26775
          -1.24076
          -1.57850
           4.47563
           1.49294
          -0.45322
          -0.05110
          -0.88241
           1.28519
          -2.71072
           0.29115
           6.98083
          -2.94413
           0.03009
          -0.79928
           2.76767
           0.75209
           5.62244
           0.41811
           1.30580
          -1.99668
           2.61520
          -2.89986
          -0.39035
          -2.67288
          -0.46549
          -1.53863
           3.52462
           0.38713
          -0.89203
          -2.09626
           0.88905
          -0.66621
           3.75038
           4.72554
           1.31892
           1.22013
           6.98027
           0.94200
          -2.80687
           3.09370
           1.22753
           0.37940
          -2.61579
           2.60410
          -3.61023
          -3.22175
           2.66787
           1.22404
           1.56142
          -2.50603
           1.55187
           7.25706
          -1.39673
           3.45771
          -1.12646
           3.10983
           3.40377
           0.05605
               NaN
          -2.61244
           2.66078
          -3.16576
           0.44935
          -3.58951
          -0.30859
          -0.95380
          -0.74966
          -6.34634
          -0.26365
          -5.00491
          -0.51030
          -1.91478
          -2.77162
           3.65260
           2.89522
           3.86845
           0.07613
           2.93245
          -0.65943
          -1.25745
          -3.28157
           0.74232
          -5.62643
           2.11210
           1.70263
           2.25769
          -1.12627
          -0.56871
          -3.32251
           1.68793
          -3.55884
           3.76650
          -3.24241
          -0.06473
          -0.67824
          -2.19220
          -4.56058
           5.54456
           0.50521
          -2.75113
           5.59675
           2.15337
          -0.08999
          -0.13866
          -6.32506
           0.82746
           4.26925
          -0.58994
          -3.17056
           3.56715
           0.98454
          -4.14357
          -4.76961
           3.93982
           4.60690
           0.29560
          -0.50742
           1.43060
           5.77898
          -3.70173
           2.03306
           4.48633
          -0.32390
          -2.02988
           2.07584
           3.42243
          -1.70346
           5.89628
           4.30568
          -2.24780
          -1.55932
          -1.41023
          -1.88944
          -1.84355
          -1.08835
           1.42551
          -0.42035
          -3.57129
           6.88533
          -3.45589
           0.64197
          -1.32471
           3.95365
           0.11690
           0.46849
           0.82631
          -4.01498
           7.88303
           4.25609
           2.05991
          -0.52007
           3.09340
           1.90210
          -0.90897
           1.46138
          -1.35176
           4.24086
           1.13785
           2.94588
          -0.27797
           2.30199
           3.55267
           1.86446
           1.41881
           2.60450
          -2.07648
          -2.25574
          -3.46846
           4.33391
           1.77006
           2.57281
          -0.29559
           1.48473
          -1.77751
          -3.69221
           0.34422
           0.10857
          -1.46748
          -2.20271
           3.96311
           1.14981
           0.05972
           0.74604
          -3.25201
           4.72613
          -2.57186
          -4.22721
          -2.07914
          -1.12004
           4.34547
           1.28606
           2.89285
          -1.29466
          -2.80794
           4.25254
           1.21460
          -1.24384
           5.16067
          -0.56835
           1.49949
          -0.31681
          -0.89371
           0.96145
           1.57366
          -0.49567
           1.51552
          -1.77036
           0.89277
           1.07153
           1.64660
          -5.18927
           0.44108
           0.50393
          -4.52162
           0.49498
           1.52016
          -3.42565
           3.60624
           1.07830
          -0.31321
          -0.71600
           0.20909
          -1.79288
          -0.12255
           1.46330
           2.98483
          -2.95967
           4.26751
          -2.75625
           4.97483
           1.65822
           6.98652
           1.80528
          -2.36474
           1.57801
           5.25875
           5.64649
           5.41205
          -0.93904
           1.02095
           2.11939
          -2.50076
           1.98439
           1.32420
          -1.91556
           2.59228
          -3.95894
           0.98463
          -1.07091
           0.04110
          -0.45605
          -1.84598
          -0.33048
           0.35809
           2.15924
           1.41857
           2.06772
           1.07417
          -0.11176
          -3.94527
          -1.89917
          -0.67856
           0.08454
           2.10984
          -3.59332
          -2.28661
          -0.19419
           0.64636
           1.65070
          -0.34035
          -0.38910
           0.24534
          -6.72290
          -1.95399
           2.88788
           0.78069
           0.34422
           3.63432
          -3.03796
          -0.03154
           4.51854
          -4.85844
           2.27503
           1.98502
          -0.34389
          -3.77265
          -2.89202
          -3.49068
           2.21449
           7.29440
          -0.10920
          -1.89656
           0.04967
          -2.30812
           4.17659
          -0.00368
          -2.30639
          -0.75244
           0.08739
           4.38656
           0.12379
          -3.32017
          -0.53442
           1.16530
           0.92141
          -2.29503
           5.69553
          -1.52982
          -0.28291
          -5.00941
          -3.11273
           4.77609
          -0.51794
           1.08639
          -2.48688
           5.51036
           3.83382
           2.48810
               NaN
          -1.55065
           0.82559
           0.00574
           0.58669
          -1.61033
           2.44224
          -0.97106
           2.31662
           1.97418
          -5.24035
           0.64858
          -2.29258
           2.09509
           0.16334
          -1.91485
           3.52418
          -0.39821
           2.49282
          -2.31497
           1.55795
           5.69901
          -0.41106
           0.68653
           2.31224
          -1.27572
           2.65721
           1.16232
          -0.42476
           1.39916
           2.11807
          -3.62875
           0.09007
           3.42810
           1.31040
          -1.04372
           5.64940
           3.41620
          -1.14928
           1.59291
           0.11932
           1.71447
          -0.67167
          -1.80123
           7.56198
           0.74351
           1.93719
           3.93026
           0.04736
          -0.01026
          -0.70985
          -1.48756
           3.52349
           3.66230
           1.33951
           1.26283
           0.71119
           6.01657
           3.50182
           5.09715
           3.13801
          -1.26341
          -1.25511
           0.91366
          -1.99825
           3.25734
          -3.48427
           3.36355
           1.72471
           1.18987
          -0.13858
           2.57088
          -1.65527
          -7.12572
           0.30044
          -0.90859
          -1.66751
               NaN
          -2.20765
          -3.13367
           3.38394
          -1.35755
           1.02659
           1.76677
           0.24279
           4.87979
          -1.01536
          -2.50310
           0.57134
           1.56877
          -1.65253
          -0.02373
          -0.15375
           6.71917
          -0.43966
           3.91954
           0.26384
           0.27757
          -3.62066
          -3.97545
           2.14528
           5.94941
          -0.47634
          -1.78225
           3.38325
           1.17417
          -3.76300
           2.83393
          -1.85939
           0.96171
          -0.66620
          -1.68685
           7.62524
           3.83534
           2.48667
          -1.09912
          -3.43852
           2.16432
           0.47570
           1.30569
           0.15249
          -1.96032
          -1.57117
           2.21770
          -2.88905
           2.53008
           5.10503
           1.22178
           3.77533
           1.47343
          -1.20051
          -0.97270
           3.62765
           1.65124
          -0.33916
          -1.96287
           3.42582
          -2.47847
           4.88979
           2.03553
          -1.84298
          -1.36690
           2.95008
           5.03622
          -0.62707
           5.30740
           2.06664
          -4.25572
          -1.68588
          -2.40988
           6.34639
           4.20209
           2.08163
           2.43253
           2.41152
          -2.56856
           3.26352
           1.25378
          -2.13569
           1.85039
           0.07388
           3.17694
           2.80910
           7.05726
          -0.61040
           2.02170
           2.05839
          -4.79332
           4.71824
           6.24918
          -4.08605
          -2.33610
           2.03128
          -1.74695
          -3.82040
           1.34361
          -5.94427
           1.41165
          -3.17560
          -2.17922
           0.45082
          -1.60189
          -0.75146
           2.68951
           3.28321
          -2.62826
           0.38624
          -1.61139
           4.40880
           1.62711
          -0.00807
          -3.84119
          -0.34752
          -2.27924
          -1.80872
           2.55008
          -0.71506
          -0.56800
           1.32929
          -0.10310
           4.23350
          -0.42753
          -3.59517
          -3.68359
          -0.58597
          -0.92677
           2.05075
          -0.39481
           1.59234
          -0.44795
          -0.73232
           3.79673
           0.90350
          -0.51285
               NaN
           3.18896
           0.65566
           4.92890
          -1.26458
           6.51340
          -2.48196
          -1.96801
           6.06358
          -1.87545
           4.69204
          -2.10360
           4.80090
           1.67427
           1.53934
           3.28816
           2.58220
          -1.52503
          -1.72078
           1.90271
           1.53002
           2.29476
           1.59017
          -4.05942
           0.01171
          -0.47478
          -1.30370
           0.05641
          -0.70988
           2.76954
          -4.52030
           2.30979
          -0.83263
          -1.59828
           2.13923
           3.25013
           0.54787
           0.56471
           2.33285
          -2.51382
          -1.10529
          -2.13274
           4.98078
           0.30665
          -0.00175
           4.35179
          -0.70588
          -0.28034
          -0.71215
           3.87577
          -0.55057
          -2.90585
           0.62219
           4.13449
          -0.61210
           0.46495
          -1.06269
          -1.20415
          -2.51485
          -0.98208
           2.31235
          -0.48924
          -3.28514
          -2.35655
           1.28669
           0.70035
          -1.12338
          -0.41780
           7.92296
          -4.58138
          -4.03879
           2.11432
           3.36964
           2.44777
           1.33377
           0.91259
          -4.35128
           1.99169
           0.82514
           0.03206
          -0.59657
          -1.88658
           7.29732
           2.03411
           3.36469
          -4.56940
           4.10144
          -2.12969
           1.33799
          -1.23839
          -1.99645
          -1.26702
           1.26620
          -3.47392
          -4.80631
           4.52325
           2.01084
          -4.74809
           1.80781
           1.94095
          -2.85592
           0.34144
          -2.94304
           1.20369
           1.97954
          -2.82532
          -1.80475
           2.17508
          -0.02404
          -3.94081
          -2.24230
           0.06518
          -1.11412
           0.94914
           7.12526
          -1.89364
          -2.81318
          -0.64848
           3.94206
          -2.08896
          -1.48456
          -0.14490
           3.32483
          -4.44892
           3.74159
          -2.99576
           1.73940
          -1.73385
          -3.23448
          -3.89740
          -0.72275
           0.86563
           4.94363
           0.81277
          -3.38413
          -0.32391
          -5.41285
           0.14528
          -0.14591
          -0.41727
          -3.53982
          -0.35712
           1.86834
           5.17545
           5.38200
          -0.91541
           2.77887
           4.85461
          -1.06980
          -0.46144
           1.40525
           0.38667
           2.47281
          -1.79836
