          13.94699
          -2.26434
          -1.75757
          -0.94752
               NaN
          -9.03877
          24.41826
          -8.05388
          -9.17728
         -22.62171
          11.29057
          -3.98251
          -8.50788
          26.85317
          -7.53891
          -6.23235
         -26.77030
          24.33658
          27.93733
          20.00337
          16.19131
          -3.65959
          -9.11505
          19.16234
          -4.52785
         -13.16963
          34.99936
          15.02421
           2.00840
          41.55537
           9.58947
          -3.44053
          14.24658
           4.44794
          15.19713
         -12.18130
         -20.41709
          20.82370
         -17.00039
           3.99442
           5.28244
          27.09520
          -7.97013
          -7.75275
          14.45581
          16.74081
          -9.32849
          24.42161
          19.23879
         -13.45162
           4.29557
          11.59682
           9.45846
           6.46093
          14.55909
         -20.25741
          12.84061
           2.89481
           4.58476
           9.91748
           6.86353
          -1.47977
          46.00078
          21.15197
          -1.46371
           5.77219
          -3.15251
         -25.34461
          30.91350
           8.55517
          -6.29052
          28.69487
          13.80437
           0.55430
           9.96378
          24.34271
         -17.01426
         -12.88867
          18.89651
          32.46944
          14.44041
           3.67759
           0.39108
         -18.02914
          21.36430
           6.46823
          -5.93533
         -13.59867
          11.68277
          14.63276
          15.05552
         -10.85856
          25.98447
           7.23402
          -1.90295
          15.55673
          -8.79995
         -24.31332
          17.88225
          31.71605
          -7.71596
          -0.45225
          -2.89672
           2.44016
           4.55770
          12.92068
          13.09414
          -7.26086
          25.73733
           4.01234
          12.12440
          -8.69640
         -11.42388
          -1.49138
          13.60410
           9.71096
          31.28520
          -6.53203
           6.89877
         -16.44791
           7.89518
          27.25299
           0.24824
          34.34218
           3.01539
         -26.77365
          25.44123
          22.02402
          14.55315
          -4.53867
         -11.39678
          23.51802
          -7.19699
           4.88908
          12.37678
           0.28714
          25.99731
          18.99314
           6.15768
          14.01869
          10.50222
          -5.69063
         -12.56665
           5.79394
          28.78782
          10.68305
         -14.52636
          -3.16665
           4.56231
          -8.44841
          -7.58268
          24.41425
          10.51584
          21.23874
          20.76464
          15.27783
           8.81225
         -11.23208
          14.92451
           1.44671
          -1.78262
          -2.69875
          -4.05707
          30.71605
         -14.30811
           9.54394
          32.61487
           8.00304
          12.68299
          30.72243
          24.10314
          22.06271
          13.89435
          14.70851
          -4.90491
           8.23083
           6.78116
           3.28962
         -14.90769
           7.16710
           0.53862
          11.78746
          20.73549
           2.93092
         -15.63429
         -17.45713
               NaN
          14.88980
          16.82527
         -16.58887
           9.65119
           1.55978
          -8.17710
          -0.80561
           6.66562
           8.69483
          14.45588
          16.05032
           5.57290
          -0.40185
          -1.25103
           6.63314
          20.12753
         -11.16294
         -21.50830
         -35.96612
           5.20802
           4.05543
          22.63605
          14.66951
         -25.05784
         -26.36199
          11.06500
           6.02933
          -9.06998
          -0.53034
          -0.95962
           4.40324
          14.12333
          16.93023
         -23.78117
          13.72399
          40.03085
          -0.84067
          21.34073
         -32.04827
           9.40838
           5.64653
         -15.55317
          13.51644
          20.00502
         -11.51220
          19.40541
         -16.02877
         -15.26167
          -1.48212
           5.01785
          -2.28619
           7.10512
           0.46148
          18.50426
          22.96673
          -0.50274
         -14.67696
          19.48252
          -2.46773
          -1.53423
         -11.64839
           2.25094
           3.25493
          -6.64142
          19.68939
           3.87006
          -4.15051
          17.61297
          19.67386
          21.62221
          35.40777
         -16.38417
          26.35361
           7.46334
           8.72212
           1.46292
          44.16086
         -15.43774
          12.03655
          28.56426
          23.78974
           9.50465
          22.82717
          -5.33619
         -23.26238
           8.64032
           1.50919
          19.95949
          15.48966
          28.77661
         -12.37382
          -6.37779
         -10.61822
           3.59935
          13.10373
           2.28998
          25.62939
         -23.69946
           1.15254
           4.40816
          -8.52813
         -11.93944
           0.91471
          35.54705
         -16.89982
          15.72448
           3.24669
           9.43575
          -1.50407
          20.69001
          12.72551
         -21.00574
          34.16975
           5.06978
          -0.69156
          -2.71583
         -14.77981
          -1.50363
         -14.33382
         -21.00083
          -2.21430
           7.71881
         -10.35541
           7.32719
           4.34547
          -0.25303
           9.18247
          15.29507
           6.10860
          27.74426
          -6.34073
          18.58660
          -3.48067
          -0.86064
          19.77058
          14.68744
          -2.18968
           7.89039
          41.04026
         -15.58712
         -12.27814
          -7.22860
           8.80579
          11.48929
          16.14197
          12.78877
         -16.31205
         -15.06717
          11.17226
          23.94649
          40.87227
          -8.54734
          14.40770
           5.60817
          -1.54551
           9.69282
          -3.57193
          14.53232
         -13.25813
         -20.89687
           5.64829
           3.15686
          30.13850
          -4.03316
          41.44399
         -15.62803
               NaN
           9.44392
         -17.52473
          14.17850
          -3.49043
         -11.43359
           7.73767
           7.35346
          10.78565
         -26.70124
         -20.10017
          17.84630
           0.03052
         -22.89671
          -5.61927
           5.93395
          27.41692
          -2.55516
          20.81589
           1.73714
          12.26814
           2.82323
          11.12392
          15.45151
          -6.21910
           9.84761
          27.86817
          13.75221
          17.77419
          -3.26094
          -3.96632
          38.68600
           1.04165
         -16.19090
         -10.35201
         -13.01165
         -16.59846
          21.32622
          -6.25894
          17.88223
           5.72014
           4.16418
          10.63153
          11.30938
         -25.11306
          -0.81119
          10.48275
           9.71854
          18.57949
          -3.49241
           5.95282
          -9.59677
          22.21397
         -10.13080
          10.25951
           6.08747
          -5.54835
         -37.19071
          17.68851
         -21.92541
         -10.16501
          13.75737
          18.80168
          -2.68389
          22.40069
          36.29390
          20.74745
           1.02514
          23.80431
           6.55285
          23.41605
          10.19547
          -8.83358
         -16.33166
          11.26293
          37.53473
          12.68714
          -7.44558
          14.50528
           4.80126
         -18.44642
          20.92530
           9.60074
          12.90462
           5.16591
         -10.94742
          -0.27799
          -2.25773
          -7.83383
          -1.99998
          11.84611
           5.24468
         -10.86299
           9.72550
           1.84491
          -6.50916
           6.35508
           0.97528
          26.67573
           5.72232
         -11.31082
          -6.13630
          -1.89372
           2.09119
         -20.20233
          13.54705
               NaN
          22.95933
           7.56901
           0.70443
           0.82605
           5.27258
          17.73662
         -18.18892
          -7.99465
          32.83456
         -20.77205
          10.59142
          -3.73137
          -0.45307
         -14.83403
         -15.68381
           2.55552
           1.02140
          34.13709
           2.25275
           1.67854
           6.29082
          -9.65061
          14.14578
          19.14154
          18.66909
           4.80080
           3.97014
          29.31429
          27.42035
         -13.32523
           2.97478
          27.79380
           0.76008
          -5.74025
          24.93715
           8.08229
          12.62029
          -2.85746
           4.06348
          30.57320
          36.89836
          15.62241
           2.35025
               NaN
          10.08355
          -2.31594
         -25.34764
          29.57491
          30.81108
          31.22290
          12.72758
           7.60238
          13.32973
           4.10494
          24.82794
          22.84535
          10.58625
         -11.80276
          18.72881
         -18.68922
           3.22904
         -11.79990
          34.81978
           6.52557
           9.85570
          31.40142
           0.35659
           7.08968
         -24.28315
           3.04704
          -0.40422
         -14.84547
          12.50922
         -22.11277
           2.75547
           8.61683
          24.78322
          21.23372
         -13.69748
          29.22558
          -2.06516
          12.64552
          26.17386
         -17.37696
          29.72406
         -10.62473
           7.35780
           9.09522
           1.61779
         -11.00618
          -1.56339
          36.37790
           4.98397
          -1.65848
         -14.79603
          13.18509
          12.34219
          -1.05217
          15.99791
          29.15986
          35.15866
          13.70232
           1.86600
           5.64544
          -0.94308
          38.69057
          -8.99578
          28.32108
         -14.47326
           4.61424
          16.16475
          16.00931
           7.00857
          -1.45545
         -30.05477
           4.55500
          16.97771
         -11.36210
          14.29855
          -5.32738
          -8.52741
          34.91692
         -35.52148
           2.49149
          20.06089
           9.06144
          13.30002
           1.17850
          17.11035
           4.38872
          -5.40755
         -13.13852
          -9.37786
          -6.58865
          -3.87087
          -4.26915
          -7.80426
           5.88002
           7.36531
           9.54737
          11.98155
          23.01077
          22.88878
          30.89923
         -20.90162
          16.99358
           2.16764
           8.38010
          -3.35449
           8.59969
          -2.92089
          13.81595
          13.04013
          16.75150
          10.55348
          12.23757
          15.65087
          15.50771
          -9.03804
          10.96764
          10.19090
         -28.36611
         -16.34632
          18.47107
          18.85336
          -9.46881
           3.98304
          -8.97158
           0.42362
          -3.16594
          35.92290
          -0.01553
          -0.69709
           3.78515
           9.80472
          -1.58102
          -4.56761
          17.53034
         -29.78562
          12.17491
           9.58772
          -7.00291
           7.30869
          27.33233
          -5.99403
          10.84048
          -1.48875
          25.88069
          34.70648
           1.76929
          -4.76613
          -8.13414
          16.23264
           7.93341
           8.00700
          20.59130
          29.53996
           3.07850
         -11.53631
           5.89257
         -32.27418
          12.00864
          15.32152
          14.29408
         -15.41284
         -18.17402
           1.31625
          -8.97021
         -12.58754
          15.86162
          15.13525
           6.75482
         -10.86212
          19.54456
           6.15440
         -10.96243
          -6.48709
          24.21826
          25.21633
          41.22121
           5.21360
         -32.65918
          -5.92604
           7.01851
          -1.76099
               NaN
          39.82181
         -14.20331
          27.93689
          13.00444
          29.01179
         -20.52541
          14.15227
           2.43205
           0.58164
           8.02420
          -8.78227
          -8.97232
          23.93575
          -1.60925
          17.04534
         -22.99018
          -7.40653
          28.39138
          -0.40493
          -6.44463
          22.39211
          33.97525
           6.01120
          -6.88560
          15.31809
          -0.47722
          17.17102
          13.20196
          -6.97124
          22.46739
          10.15242
          22.87149
          24.52140
          -8.85942
           0.70687
          12.37589
           7.49894
         -13.37653
          18.13770
          18.00376
          24.99176
          17.08178
          21.22762
          -6.60106
          -1.32981
           8.82263
          39.36018
         -13.92150
          -6.46161
          18.85620
           3.48332
           4.13774
         -19.53863
          10.77625
           0.65509
         -13.01945
         -10.73438
          13.49527
         -27.54033
          29.47497
          -2.52738
          11.99848
          21.85919
          22.39879
          31.27459
          -1.46721
         -27.60403
         -30.59778
          10.66763
          27.47619
         -10.63855
          22.96646
           7.17244
          14.67777
           7.82345
          -6.36433
           2.39888
          18.41014
         -19.76841
           7.23005
         -11.05575
           0.13139
          24.03410
          11.15423
          -7.50212
          20.60551
          34.47479
         -28.02492
           8.06732
          27.00065
          19.96004
           4.00454
           1.85369
          -1.92125
         -21.33811
          15.27666
               NaN
           4.55617
           3.66300
         -20.91357
          22.51216
          23.08596
          15.68069
          17.67099
          25.77688
           3.02145
           0.24089
          20.67698
          12.25990
           8.65140
          16.96619
           7.45359
          27.63980
          16.29157
          24.81696
          -6.83771
           8.97862
           9.68422
          18.09006
          -6.31211
         -12.55356
           8.81261
           2.62799
           8.92500
           3.03244
           9.80174
          -6.55578
          -0.57781
           6.54432
           7.36623
          13.28376
         -36.39267
           9.24006
          -2.08070
          23.34158
          19.40364
           0.19058
           7.46372
           4.66349
         -15.23584
          -2.62521
          -5.88229
          12.47806
         -11.16142
           2.08933
           7.51972
          -9.74447
           0.86010
          19.16859
          -2.04828
         -29.94790
          -1.62888
          -2.57572
          15.69876
          -1.02885
           5.22380
           0.98876
           5.40935
          -8.63127
         -11.57063
          17.30379
          -4.48539
         -25.24479
          10.74945
          41.25391
          -0.03135
           4.46063
          17.07705
         -24.67513
          12.69119
         -20.52254
          -7.61629
           4.58959
           3.63821
           2.05116
           1.99375
          -7.63223
         -24.20764
          -3.01511
          17.77423
           0.63710
          14.67404
          -3.58457
         -21.27398
          20.46615
          23.58401
          -3.10696
          25.02736
           2.81275
           3.75260
         -13.91266
          -0.04048
          13.08613
          23.93132
          17.46391
         -10.57774
          -2.55909
          -7.32734
          -6.02484
          20.03859
         -12.40228
          -0.62588
           9.11983
           6.47225
          15.11132
          -7.91961
          43.77874
           5.10219
               NaN
          -1.52272
          23.64940
          -1.19193
           9.13673
          12.67953
           3.93375
           4.29543
         -23.98147
           1.42727
          -2.80251
         -23.84670
           1.72353
           9.58245
         -17.10004
         -15.82361
               NaN
          -7.46013
          29.39096
          24.70509
          -1.38665
          -3.42828
          -8.29837
         -17.06788
           6.92351
          28.81363
          26.23295
         -11.48279
           9.45126
         -23.91599
           5.18102
          13.53911
          25.22423
          21.83020
         -26.34861
          12.87335
           2.32840
          39.71050
          13.33160
          17.60544
           8.31841
         -19.34525
          -3.06078
          15.33150
          26.00858
          26.17170
          -5.27318
          12.44506
          10.44625
           5.53377
         -11.34700
           5.62297
          13.94797
          36.94780
          -7.15818
           1.55194
          17.72081
           8.17477
          -7.50449
           3.39738
          -0.36815
          26.58892
          -5.07188
          29.85328
          17.29606
          16.16148
          11.24166
         -20.05467
          25.97097
          -2.15588
          33.21151
          12.92952
          -4.41376
           1.96211
          25.13578
           2.40265
          21.88207
          26.84286
         -13.40358
          22.46153
          15.42120
          -0.51736
          -0.42123
           6.74674
          23.56875
          -7.57618
          -9.30170
          13.91775
          24.67961
          22.97109
          25.99452
           0.59582
           8.40630
           9.28220
           6.86827
               NaN
          16.45155
          26.16712
           7.11428
          22.80825
         -10.92444
           5.96187
           4.99582
          -6.87160
           1.96717
         -16.79488
          -0.87061
           0.07388
           1.87929
           2.29105
          -1.14315
           1.63182
          -2.00530
           0.88338
          -1.90724
           1.64979
           1.62352
           0.07912
           1.18654
          -2.70500
           0.21337
           0.04613
          -0.04818
          -0.91172
           0.20700
           0.96125
           1.66061
          -0.78923
          -3.15176
          -1.62877
          -2.91532
          -1.19575
          -4.32183
          -1.89574
           1.67199
          -1.21155
           2.26211
           3.95513
          -3.84259
           0.67864
           0.79329
           1.82391
          -2.21265
          -1.63662
           3.18619
           1.24710
           2.31661
           0.07505
           1.93099
           2.64679
          -0.77732
           0.27549
           4.58533
          -0.02522
          -0.77650
           3.19026
           1.79822
           1.54122
          -0.39156
          -0.46201
          -0.32665
          -0.40212
           0.24732
           2.24771
           1.71233
          -2.11260
           1.92525
           0.78913
           1.18951
           2.66996
           0.46301
           1.00715
          -0.45126
          -2.89030
          -1.28886
          -2.97745
          -3.22217
          -2.97576
           1.48445
          -1.49450
          -1.22502
          -2.36673
           0.11269
          -0.40024
           0.81100
          -1.02050
           2.23019
          -0.61887
           0.97465
          -2.87269
          -1.30560
           1.42447
           3.45588
          -0.98627
          -2.24031
          -1.64358
           0.49359
           0.96645
          -1.95114
          -3.20712
           1.86009
           2.22355
           1.98899
          -1.19127
           0.23937
           3.19014
           1.59727
           0.23880
           2.05606
          -0.46914
           0.00366
           0.44297
          -0.83665
          -0.76061
          -0.95916
          -1.24921
          -1.11103
           0.97386
          -3.22169
           2.03950
          -1.77903
          -2.37802
           3.87685
           1.08941
          -2.53718
          -2.40212
           3.38361
          -3.56483
           4.30299
          -4.28337
          -1.45362
          -0.07854
          -2.27580
          -1.74885
          -0.31351
          -1.47381
           1.58410
          -0.27194
          -2.19204
           2.06713
           2.98199
           1.89604
          -4.38302
          -0.35956
           0.26812
           0.72676
          -1.96451
          -0.97382
           0.93298
          -2.26843
          -3.50012
           1.01754
           0.26333
           1.94775
          -2.75277
           1.10637
           3.33775
          -1.22589
           1.02646
           1.21403
           2.28908
           0.15843
           1.49123
           0.40492
           1.06640
           3.28862
          -1.76141
          -2.11758
           1.01042
          -0.47889
           1.63813
          -0.20752
          -2.79944
           0.71559
           0.11136
           1.36104
           0.84490
           0.48124
          -1.61376
          -0.82176
           1.61943
           0.24296
           2.15191
          -1.36742
          -0.58426
          -3.36394
          -1.57122
           1.22561
           1.36984
          -0.16296
          -1.59888
           1.13262
               NaN
          -4.61893
          -0.87846
          -0.10580
           2.46228
           0.88159
           0.59895
          -1.82392
          -1.03511
           0.26397
          -2.14455
           4.02474
          -0.96393
           0.47318
           1.69222
          -0.50840
          -1.10527
          -2.29971
          -0.09458
          -1.44117
           0.45641
          -2.64793
          -4.22107
          -4.00180
          -2.90945
          -0.86949
           0.10623
          -0.52087
          -0.99975
          -0.85165
          -0.17189
           0.16631
           0.36868
          -1.52313
          -0.06231
          -1.52466
          -1.35088
           0.79996
           2.00375
           2.62877
           0.33973
          -1.47347
          -0.61150
          -2.77245
          -0.33082
          -0.58470
          -0.49319
           0.95275
           2.77708
          -2.72969
          -0.12378
           0.71401
           0.11467
          -1.41783
          -3.30452
          -1.58109
           0.72006
          -1.80084
          -2.51667
          -2.16966
          -0.38823
          -0.06704
           3.05420
          -0.95643
           2.80702
          -0.76482
          -1.90831
           0.98287
           4.38936
          -1.78599
          -4.60103
          -0.34111
          -1.60664
           4.67501
           1.23758
          -0.68012
          -2.47156
          -3.48756
           0.89211
          -0.72402
               NaN
           1.42217
          -1.34829
          -0.59577
          -0.10004
          -0.79242
           1.10556
          -1.58364
           2.06464
          -1.70422
          -3.31763
           0.64476
          -1.01762
          -2.38255
          -2.38479
           0.90655
          -0.41316
           1.73302
          -1.22145
           1.21291
           1.18063
          -1.04157
           0.82398
          -0.88667
          -2.28496
           0.01045
           1.42060
          -0.20853
           0.80215
          -2.82526
          -0.05140
          -0.13140
          -0.99130
          -0.09897
          -2.00705
          -1.59264
          -1.82034
          -0.14766
          -2.29727
          -0.74590
           3.25542
           1.19344
          -1.68352
           0.76445
           0.59918
           0.23373
           1.16643
          -1.93982
           2.91673
           1.16728
          -0.07207
          -0.50106
          -2.59985
          -2.48712
          -0.57180
           2.23104
           0.68866
          -1.33743
           3.72544
          -2.12457
          -0.85881
          -1.17403
           1.78081
           0.41839
          -0.33782
          -1.22152
           1.34010
          -1.35756
          -0.92812
          -2.14166
           1.81327
           1.24139
          -1.09766
          -1.27749
           1.49310
          -0.53330
          -3.84545
          -0.08565
           3.21208
           0.87810
           2.08558
           0.53784
          -0.00767
          -0.24117
          -1.36818
          -0.91722
           1.78010
          -3.63729
           1.08964
               NaN
           1.65494
          -0.66760
          -0.66834
          -3.07656
          -0.48501
           1.29221
           1.15474
           3.49612
          -0.66419
          -1.04856
           1.48057
           0.43440
           0.00887
           0.31805
          -3.80278
          -0.41809
          -1.57974
           2.22828
           0.99226
           1.29653
          -0.92872
           2.09708
           0.53315
           0.11117
           1.90704
           0.31992
          -0.74979
          -0.47850
           0.06580
           0.87164
          -1.55779
          -0.29905
           2.87233
          -1.15785
           2.54503
          -1.75860
           0.58798
          -2.48157
          -1.02122
          -2.17903
           0.14359
          -2.49814
           1.73026
           1.43659
           0.53367
           2.00001
           0.08947
          -2.72486
           0.01602
           3.63797
          -0.37843
           0.26238
          -1.04015
          -0.45527
           1.47166
           1.13834
           2.39705
          -2.26166
           0.56563
          -0.24619
          -3.13583
           0.93410
          -1.49599
          -0.07247
          -0.21744
           0.76728
          -1.20238
          -0.30111
           0.21221
           0.03449
          -1.31354
          -4.12046
          -2.62794
          -0.41383
           0.51518
          -0.10995
          -0.84087
          -1.11978
           2.57551
           3.79286
           1.59359
           2.58653
          -1.22226
           1.05853
               NaN
           0.39608
           0.13688
           1.40399
          -2.26115
           0.15592
          -1.10320
          -1.68467
          -0.76871
          -0.82206
          -1.39084
          -0.24972
           0.66630
           0.16087
          -3.34249
          -0.90995
          -2.09629
          -3.68974
           1.33131
           3.06791
          -0.47257
           1.55281
           1.04754
           1.65082
          -2.21082
           3.11489
          -2.56065
          -3.16241
           0.11684
           1.17630
           2.97796
          -0.28733
           1.70699
           3.04299
           0.89685
           0.73873
          -1.87038
          -0.07542
          -1.75548
           1.07029
          -0.67861
           0.09766
          -0.62929
           0.51736
          -3.49147
           0.70412
           0.68472
          -2.74465
          -0.44898
          -1.62700
           0.30433
          -1.20963
           2.36012
           3.89650
           0.27808
          -1.33014
          -1.13792
          -2.53878
          -0.76204
          -0.27204
           0.32377
           1.04079
           4.34183
          -0.13849
           2.41855
          -2.13151
          -0.38195
          -1.30571
           1.50773
               NaN
          -4.16497
          -1.83945
          -0.16780
          -2.28378
          -0.61874
           2.99674
           0.56442
          -0.54149
          -0.77619
           2.73245
          -0.00627
           4.19908
          -1.60977
           1.02785
          -0.60895
           0.87265
          -1.23220
           2.94948
           2.43727
          -2.93113
           0.00315
           0.28979
           0.53020
           1.46854
          -0.26700
          -1.91557
          -2.29537
          -0.11692
           3.19156
          -2.52224
          -1.27923
          -0.91797
           1.12421
           1.37898
          -3.24671
          -0.47888
           0.60820
          -1.71340
          -4.90231
           3.15490
          -3.43379
          -0.15561
          -0.60687
               NaN
           2.88019
          -1.57913
           1.17393
           0.51852
          -0.54434
          -2.51592
          -0.10565
           2.43593
           1.44437
          -0.92768
          -0.94859
           1.44292
           1.79446
          -2.40281
           1.62915
          -1.30882
           0.37317
           0.99759
           1.24552
          -2.25887
           2.12577
           3.14295
          -1.69161
           1.36554
           0.61602
           1.06629
          -1.95383
           0.27912
           0.11279
           2.09075
           0.18921
          -0.75284
          -0.22551
           2.00827
           2.01688
           1.80763
           3.62275
           1.11986
           3.12537
          -0.71713
          -0.74651
          -1.03978
           1.07485
          -0.27624
          -0.40764
          -0.36922
           0.17993
           0.30078
          -0.86714
          -1.09309
           0.82117
          -1.42518
           1.40285
           1.23572
          -1.41436
          -0.34248
           0.94857
          -0.86775
           0.32851
          -2.37525
          -3.59693
           0.14118
           0.77095
          -0.20190
           2.20193
           0.63317
          -2.85451
           0.93626
           1.37001
           2.25377
           2.25161
          -1.23548
           0.25947
          -2.75930
           0.69804
               NaN
           2.12439
          -3.21850
          -2.37156
          -0.18265
          -0.37832
          -1.04527
           1.49067
           1.25076
          -0.84910
          -2.48797
           2.65871
           0.73950
           2.14878
          -0.13362
          -0.11702
           0.33580
           0.19213
           0.03762
           0.05877
           0.11051
           0.02182
          -2.83614
           0.20335
           2.37880
          -1.82080
           3.04737
          -0.03274
           1.25587
          -1.29688
           1.94507
          -0.43459
          -2.10913
          -1.27695
           1.80668
           3.41134
          -1.20465
           1.64842
           1.92649
          -0.23050
          -1.89097
           0.72034
          -0.81376
           0.32601
          -2.57001
           2.29944
           1.29243
           0.03300
          -2.45796
          -4.05182
          -2.65017
           0.49146
          -3.82447
           0.02142
           1.13252
          -3.31038
           1.89780
          -0.38631
           3.04843
           0.64818
           0.29821
           2.12872
          -0.54007
           3.43244
           1.89629
          -1.73273
           0.74145
          -2.83779
          -2.62451
          -0.42712
          -1.74809
          -4.21912
           1.78406
           2.98539
          -1.21586
          -2.16826
          -3.19875
          -0.41783
           1.11192
           3.58350
           1.62277
           0.46273
           1.44898
          -3.33565
          -0.65126
          -2.97619
           2.11564
          -0.09246
          -0.33371
          -2.09072
           0.84708
          -2.56279
           0.63441
           1.89155
           2.43902
           2.84929
           0.06539
           2.01456
           2.88714
           0.29113
           2.27739
           1.16581
          -2.50139
          -0.94026
          -2.59468
          -3.38655
           0.41810
           0.21010
          -2.72025
          -3.07572
           0.99961
           4.53424
           0.78989
           2.35607
           0.69742
          -1.08176
           0.08813
           3.28440
           2.69825
           2.20792
          -0.33470
          -0.55703
          -2.57171
           2.60334
           3.42923
          -3.53764
           1.04039
           3.30608
           0.50855
           2.54560
          -1.13158
           0.78541
          -2.11957
           1.73992
          -2.06785
          -1.63485
           1.51076
           2.00787
          -0.64998
          -1.79711
          -0.47563
           4.02621
          -2.16326
          -0.25221
           0.73005
           2.38529
          -4.90294
           1.05537
          -0.44627
          -0.79958
          -1.05358
           1.06346
           1.70662
          -2.48064
          -2.82863
           0.01278
           1.18736
          -1.02331
          -2.40380
          -1.67204
          -3.27232
           1.59646
           1.47929
          -0.99034
           1.02452
           4.75192
           0.78768
          -0.44302
           2.19453
           2.48419
          -0.01080
           0.01157
           2.15643
           4.32496
          -1.45167
           2.37435
          -0.76509
           1.47236
           1.24097
          -0.24059
          -0.02265
          -0.72154
          -1.37197
          -2.09807
           0.13876
          -3.56969
          -1.16412
          -0.94290
           2.29629
           2.44397
           3.00995
          -0.19231
           0.58994
           2.54679
           0.85026
           0.00424
           0.60309
          -2.10697
           0.65170
          -1.97867
           1.04229
          -2.47742
          -0.45110
           0.14971
           0.04478
           2.11815
           1.98976
           0.98870
           2.46764
           1.93886
          -2.14391
          -0.21797
           4.10855
           3.15933
           0.74305
           1.04311
           0.10297
          -2.80180
           2.14002
           0.31736
           0.36338
          -0.90848
           0.26863
          -1.21638
          -4.11033
          -4.16391
           0.24810
          -1.17900
          -3.01568
          -0.08691
           4.01630
           1.33728
          -0.83929
           1.16583
          -2.42230
          -2.68460
           0.83061
           1.97760
           1.18181
           0.10998
          -0.78048
          -0.08110
           1.06788
          -3.04086
           0.17262
           2.18343
          -1.18652
           2.62294
           0.74186
          -1.32046
          -1.14721
          -0.63605
          -0.57428
          -1.56115
          -2.96585
          -0.33146
          -1.69446
           1.69142
          -0.34287
          -2.40740
          -0.14395
          -1.28446
           0.93699
           0.36123
           2.82324
          -1.71240
           2.50358
           2.09031
           1.38889
           2.33653
          -1.89013
           1.78362
          -3.53318
          -0.31416
           1.24914
          -0.85874
          -0.83664
           3.85423
           0.78770
           1.98873
           2.64065
          -1.17173
          -1.17825
           2.18291
           1.63586
           2.06998
           0.39334
           1.51178
           0.78654
           2.97038
          -0.06720
           0.46034
          -4.64190
           0.29462
          -1.00779
           1.05882
           2.72614
          -0.18004
           0.96773
           0.09562
           0.64214
           1.81642
          -4.93201
          -2.22859
           4.12243
          -2.08581
           2.44970
          -1.83333
           1.33672
          -0.04034
          -2.04411
          -0.31714
           0.12459
           2.14904
          -0.78716
           3.23526
          -1.33778
           0.68201
          -2.01410
           0.59438
          -2.25346
           1.29232
          -1.12864
           1.04117
           3.32414
           1.44325
           2.44920
          -0.45003
           1.51058
          -0.32078
          -2.47493
           0.82305
          -1.99891
           0.71994
           1.68759
           1.21121
          -0.00036
          -0.43801
          -0.88534
               NaN
          -1.48107
          -1.25211
           0.71924
           2.66829
           1.33034
          -0.72679
          -0.77756
           0.75134
           1.13973
          -1.29367
           2.17731
          -0.80031
           1.05747
          -0.83979
           0.73662
           1.11645
           2.53424
           0.86456
          -1.60806
           1.57752
           2.05110
           1.29889
           0.55193
           2.06586
          -0.90413
          -2.83828
          -1.63039
          -0.69776
           0.59086
           2.93206
          -1.27754
          -1.83573
          -0.09486
           2.36988
           2.85447
          -5.21214
           3.30300
          -3.74028
           0.96992
          -2.12199
           3.36808
           2.21101
          -0.43575
           2.33943
          -5.19300
           0.55760
          -0.03414
           2.28696
          -2.83363
          -2.10389
          -1.11842
          -0.08402
          -0.60981
          -2.62997
          -1.41351
          -2.23165
          -0.92027
          -6.45513
          -2.78748
           1.41952
          -4.48430
           1.34489
           4.33155
          -5.13428
           0.09671
          -1.23251
           3.51590
          -0.97817
          -2.77309
           4.20164
           1.67851
           1.50010
          -1.79228
           2.14909
           2.36111
           0.41471
          -0.24239
           5.45291
          -1.89448
          -2.80774
           4.50168
           1.54133
           0.15135
          -1.78293
          -0.73095
           0.00326
           0.86735
          -0.74352
           1.40335
           0.92126
          -0.38249
           1.68889
           1.25646
          -1.07151
           0.74839
           0.72689
           0.17610
           0.78006
          -1.07842
          -2.98734
          -3.75696
          -2.64219
          -5.50512
           0.42713
          -1.37520
          -0.29283
          -3.53612
           0.53300
          -0.40381
          -1.05589
          -3.37597
           1.82604
          -0.97931
           0.60403
          -1.02287
          -3.47206
           0.26718
           3.27322
           0.72531
          -3.31431
          -2.95860
          -1.63293
           1.13890
          -4.88150
          -3.24998
           1.61686
          -0.03496
           2.38729
           1.63484
          -1.49935
           0.60889
           2.54258
           0.31085
           1.93420
          -0.11222
           1.51612
          -1.67947
          -1.26574
          -0.15938
          -2.88350
          -1.87982
          -1.61516
           1.15059
          -1.94534
           2.13969
          -1.50203
          -2.89927
           1.54204
           1.05426
          -3.52084
          -1.30035
           2.94093
          -5.14543
           4.79339
               NaN
          -2.07585
           1.46199
          -4.23188
          -3.83171
          -1.72185
          -0.84108
           2.79934
          -2.09406
          -2.12958
           2.50411
           1.48338
           1.36595
               NaN
          -1.76128
          -0.34598
          -1.40948
          -3.14594
           0.67813
           3.02065
          -2.48468
          -5.48039
           0.64423
           1.84977
           2.86134
          -4.06168
           1.55230
           3.77574
          -3.92589
           0.29385
          -0.12114
          -0.36050
           1.45739
           0.57707
           0.43488
          -0.52620
           4.10608
          -0.81300
          -1.95131
           0.71786
          -3.13265
           1.94232
          -0.62344
          -4.82254
          -0.47986
          -1.05956
          -1.03588
          -0.37606
          -0.86854
          -2.91446
          -2.03831
           1.88184
           0.39795
           2.93102
          -1.49184
           0.46020
          -3.52221
          -1.97236
          -0.18229
          -1.02312
          -1.06665
          -1.10920
           2.78739
          -2.55122
          -5.58333
          -1.11506
           1.20215
           1.09233
           0.48978
           1.20421
          -2.04717
          -1.79325
          -0.60740
          -2.01570
           1.85917
          -0.56092
           0.84680
           1.55202
          -1.92617
          -2.26061
          -1.43492
           1.96477
           1.08768
           0.05881
          -2.75650
          -5.26076
          -5.70864
          -0.12015
           1.51741
          -0.89706
          -1.25718
          -0.41406
          -0.31799
          -0.15220
           2.14169
          -0.49394
          -3.12343
           2.17575
          -2.15273
          -3.31177
           2.96504
           0.38949
           5.28005
          -0.34115
          -1.72848
           0.76426
          -4.12827
          -2.76620
           0.40335
          -2.68375
           1.97724
           3.76728
          -1.67097
           0.87456
           0.67522
           0.99509
          -1.60519
          -4.95002
          -3.78392
          -0.15389
          -0.87193
          -4.32383
          -2.65228
          -0.79954
           0.35444
           2.55110
          -1.78893
           2.68692
          -2.44382
          -1.13614
           2.80537
           3.34390
          -2.54141
          -5.80617
          -3.22128
           0.16587
           1.70939
          -0.48927
          -0.35082
          -2.11871
          -5.75005
           2.31405
          -1.35202
               NaN
          -0.34689
          -1.94864
          -3.29646
          -0.14291
           0.67748
          -0.30896
          -1.85764
           0.03137
          -2.63391
          -4.86140
           1.12696
          -0.67906
          -0.46656
          -3.19312
           0.22419
           0.89868
           0.63019
          -0.20836
          -0.07234
           0.77809
          -1.28871
           1.93017
          -1.35404
          -5.03004
           2.12210
           0.85236
          -1.16490
           0.72015
          -3.51097
          -1.51341
          -1.60861
           1.56879
          -3.66305
          -1.36912
          -0.97981
          -1.84932
           0.44541
          -2.62465
          -0.40128
           5.08252
           2.39251
          -2.50467
           0.82263
          -0.93294
          -0.34936
           0.61200
          -2.11799
           2.76507
           0.39979
          -1.99481
           0.37347
          -2.89174
          -2.40802
          -0.47995
           0.41558
          -0.23386
          -1.25685
           3.17094
          -5.09784
           0.29945
          -0.36115
           1.32538
           0.18937
          -1.54934
          -2.36860
          -0.03326
          -0.63344
           0.10603
          -2.57082
           0.86399
          -2.86571
          -0.17922
          -2.28851
           1.78360
           0.31088
          -3.59170
          -1.00235
           0.88289
           1.63972
           3.17860
          -0.29105
          -0.10570
          -3.02667
          -1.02351
          -3.91922
           2.85922
          -5.82950
           1.42202
               NaN
           0.54707
          -0.90752
           0.55302
          -4.34537
          -1.23693
           0.95694
           3.81437
           5.48543
          -1.12995
          -1.13935
           2.52218
           1.33463
           0.24330
          -1.61068
          -3.48622
          -2.16361
          -1.33591
           2.29897
           0.33753
           0.89511
          -2.04982
           2.26932
           0.57223
          -1.92109
          -0.49088
           0.00878
          -1.15169
           0.41701
          -2.55439
           0.77671
          -0.85765
           1.24698
           4.09379
           0.07884
           1.44009
          -0.36782
          -1.08708
          -3.80586
          -1.88985
          -3.61007
          -1.28658
           0.63034
           1.04766
           0.09688
          -0.18319
           0.34169
           1.20690
          -3.57348
           0.58886
           1.69708
           1.23299
           0.59325
          -1.05271
           0.03420
           4.25083
          -1.01467
           4.72726
          -1.72828
          -0.31479
          -1.91039
          -2.84764
          -1.32167
          -4.28084
          -1.75447
          -1.19102
          -1.37591
          -0.86282
          -2.23801
          -0.33746
           0.43242
          -0.63554
          -5.64843
          -6.43207
          -1.43306
           2.07242
          -1.88595
          -0.93365
          -0.04138
           1.37069
           3.13249
           0.72134
           1.32328
          -1.13200
           0.59511
          -5.16265
           1.42066
           0.01621
           1.61262
          -1.68787
           1.37700
          -1.31221
          -2.34176
          -0.31678
           0.06041
          -1.86945
          -2.37799
           0.14143
           1.98999
          -1.57517
          -0.91273
          -2.50654
          -1.52078
           0.43916
               NaN
          -2.28806
          -0.07552
           1.04048
           2.36096
          -3.10199
           1.41997
          -1.86757
          -2.42793
          -3.00327
           2.41401
           3.06435
           0.35504
           1.68660
           3.77861
           1.95003
           0.87600
          -0.97965
          -3.59947
          -2.81460
           0.46396
          -0.87576
           0.81882
          -2.07982
          -0.49242
          -4.71958
           1.67451
          -0.60415
          -3.75011
          -3.84844
          -0.93047
          -0.50873
          -3.97302
           1.62730
           4.08830
          -0.76964
          -2.06740
          -1.53342
          -1.70613
          -0.77269
          -2.40464
          -2.83227
           1.10776
           4.17729
          -3.52868
           0.60914
          -2.31119
           1.00305
          -4.05902
          -1.05663
               NaN
          -4.81531
          -3.40020
          -1.46272
          -1.69851
          -2.10815
           0.99643
          -1.04256
          -0.22922
          -2.39626
           3.80892
          -0.54448
           5.44622
          -4.14543
           1.47487
          -0.34260
          -0.40491
          -1.99720
           2.05563
           3.48302
          -3.61202
           0.02083
           1.61494
          -0.57576
           3.27495
          -1.35584
          -2.50998
          -2.74015
          -1.39568
           3.36656
          -2.71764
          -0.96558
          -1.92360
          -1.27656
           3.40061
          -4.14645
           1.11340
           0.24156
          -3.06696
          -4.20862
           2.92625
          -4.27103
          -2.93436
          -2.02771
               NaN
           3.62511
          -2.06158
           0.29364
           1.60173
          -1.90980
          -4.09604
          -2.01657
           0.58816
           1.45304
          -2.04716
          -1.80812
          -2.25823
           2.14538
          -2.41552
           2.23235
          -1.54695
          -1.41615
           0.25541
           0.02913
          -2.10815
           4.20842
           2.36470
          -0.85156
           2.62199
           0.45707
           0.47987
          -1.43857
          -3.18528
           2.03879
           1.87682
          -1.28976
          -1.06806
          -1.60528
           2.39337
           0.61402
           2.43913
           3.85892
           2.25496
           3.24846
           0.30392
          -0.21789
          -1.70668
           2.09508
          -1.29248
          -1.69943
          -1.88747
          -1.32975
          -0.87969
          -2.35499
          -3.70841
           2.80545
          -0.68434
           1.25705
           0.77726
          -1.83076
           0.22472
           1.65889
          -1.93974
          -1.16267
          -3.35886
          -3.80231
          -1.35955
           0.88793
          -0.03687
           3.66338
           0.02428
          -3.13403
           3.22596
           2.21639
           0.91474
           0.43157
          -0.39123
          -0.70301
          -2.04398
           0.50773
               NaN
          -1.22096
          -3.15400
          -1.57901
          -1.48201
          -0.34079
          -1.54462
           2.23917
           0.13583
           1.41828
          -3.54297
           1.81286
           0.94869
           1.36397
          -1.70600
           0.65789
          -0.43175
           0.33395
          -1.62992
          -3.13170
          -0.38620
           0.12646
          -1.93725
          -1.48455
           0.91853
          -2.91902
           1.56489
          -2.41922
           1.33790
          -0.55929
           1.99265
           1.82300
          -3.44173
          -2.70394
           1.17660
           4.85394
          -0.07735
           1.94968
           1.93780
           0.34854
          -2.45639
           0.79972
           0.09126
           0.65343
          -4.37356
           2.34635
           2.01615
           0.85555
          -3.93419
          -4.92214
          -6.17351
          -0.74981
          -0.22279
           1.83994
           0.44453
          -3.44371
           5.05025
          -3.95581
           3.68764
          -0.47642
          -1.11250
          -0.79955
           0.70402
           2.64241
           2.88585
          -2.73156
          -0.40042
          -1.42524
          -1.59080
          -2.91355
          -0.99246
          -4.94426
           3.38865
           3.97221
          -3.53969
          -1.77266
          -2.69265
          -2.02512
          -2.42118
           2.66426
           1.07181
          -1.36789
           1.52689
          -3.32617
          -1.03225
          -2.02523
           0.90167
          -0.57315
          -0.62322
          -3.77016
           1.64509
          -3.14538
          -1.05009
           0.93537
           3.02536
           2.42927
          -1.79376
          -0.59821
           1.49819
          -2.22699
           2.60080
           1.48317
          -2.86612
          -4.19969
          -2.03238
          -2.48321
          -1.15902
          -0.16872
          -2.72232
          -1.96274
           0.56716
           4.71496
           1.67645
           2.64629
           0.03574
          -0.03010
          -1.81601
           3.26709
           2.86321
           0.43400
          -2.81824
          -3.04035
          -2.18393
           4.36452
           5.79861
          -4.84063
          -1.63128
           3.91277
           0.37521
           3.25524
          -1.66500
          -0.47346
           0.07458
           1.55960
          -3.97235
          -0.16859
           2.18245
           3.17810
           0.27187
          -3.43239
          -0.65140
           5.15586
          -3.88668
          -3.02638
           2.41173
           1.79750
               NaN
          -0.60089
          -0.28603
          -1.12143
          -1.85620
           2.12540
           0.33210
           0.90572
          -3.74642
           1.61510
           3.23873
          -3.51502
          -4.18495
          -1.93035
          -4.42574
          -0.80999
           1.32466
          -1.72124
          -0.90458
           4.51297
          -0.07852
          -0.41874
           3.53850
           0.45991
          -1.58615
          -1.43803
           2.04661
           3.62791
          -1.15151
           1.13168
           0.06613
           2.43832
           1.70496
           0.51286
          -0.25053
          -0.36255
          -1.42325
          -1.21117
           0.77908
          -3.94372
          -2.56625
          -1.25084
           4.81501
           2.03063
           3.11012
          -2.57328
           0.37374
           1.35919
           0.69103
          -0.46101
           1.91712
          -2.31490
           0.66009
          -2.98457
           2.10169
          -2.34666
          -1.62797
           1.31136
          -0.27025
           1.82289
           1.38555
           2.81628
           1.77484
           1.15627
          -3.71594
          -0.59903
           4.51149
           2.75899
           0.84176
           3.67015
           0.96619
          -4.44273
           1.95959
           2.56745
          -0.92577
          -4.10849
           0.03752
          -1.62391
          -6.21147
          -3.10568
           0.18860
           0.66360
          -2.65795
          -0.93567
           3.79596
           2.00756
          -1.51532
           2.87864
          -0.87704
          -1.65119
          -0.68363
           1.37213
           0.48407
           0.96476
           0.51437
          -0.36053
          -1.39917
          -2.81577
           0.78928
           1.53829
          -1.77260
           3.49295
           0.24920
          -1.14047
          -2.67035
          -1.05098
           0.00302
          -1.60779
          -3.12469
           0.74458
          -2.66050
           2.59991
          -0.96874
          -3.21503
          -0.38275
          -1.89231
           1.13659
          -3.52258
           2.32286
           1.71113
           1.77643
           0.48322
           1.91056
           0.90705
          -2.93108
           1.53989
          -4.12015
           1.06057
           0.61704
          -0.03755
           1.75295
           4.45163
           0.69909
           2.95264
           3.66861
          -2.97853
           0.32435
           0.03053
           0.00585
           2.64369
           0.13547
           2.67831
           3.64381
           2.67413
          -2.86148
          -2.27956
          -4.00234
          -0.34119
           0.60247
           1.17998
           1.18144
          -1.96444
          -1.22268
           2.21312
          -0.80372
           1.31079
               NaN
          -3.29852
           3.41948
          -2.60517
           2.92517
          -0.33525
           1.12165
          -2.51353
          -1.67399
          -0.19879
          -1.07711
           0.52086
          -1.04385
           3.98126
          -1.72002
          -0.17066
          -3.48967
           0.79312
          -1.69006
          -0.25663
          -2.05784
           1.73752
           2.76778
           2.31785
           0.88933
          -0.00015
          -0.17950
          -2.26175
          -2.82351
          -0.81947
          -0.77175
          -2.26981
           0.97043
          -1.24363
           0.56955
          -0.12177
          -0.82731
               NaN
          -0.85782
          -2.95744
          -1.60021
           4.58311
           0.41069
          -1.42669
          -0.41543
          -0.12890
           0.36889
          -2.66946
           4.05129
           1.09547
           0.35769
          -1.58428
           0.24766
          -0.88101
           2.57775
          -0.18208
          -2.31650
           0.73058
           4.95594
           0.46727
          -1.90366
           1.03154
          -2.55348
          -1.59144
          -1.34126
          -2.22131
           0.77868
           3.35130
           0.40648
           0.72544
           0.35292
           1.06797
           1.35929
           5.58588
          -1.13185
           0.86389
           0.74027
          -1.55208
          -1.19181
           0.65196
           0.93059
          -0.72003
           1.40950
          -0.35589
           0.17886
          -3.90987
           2.26661
           4.02860
           4.40046
           4.54577
          -1.08596
          -4.01467
          -1.98475
          -4.04594
          -1.65131
          -0.79390
          -0.42105
           2.08951
           4.20071
           3.77894
           3.33265
          -1.70646
           1.64098
           4.14343
          -0.97420
          -4.25414
           0.24280
           1.50690
           0.53366
           3.66689
           3.16313
           1.57032
           3.11922
          -2.74864
           1.13191
           3.15057
           3.06604
           2.58264
           1.02151
           2.22305
           3.83969
           1.90939
          -0.01725
          -0.87224
          -2.50150
           1.88592
           3.64406
           3.02054
          -4.97374
           2.31613
           0.01630
           4.92864
           5.84773
           0.02663
           2.38150
          -2.48752
          -5.88669
           1.51999
          -1.68833
          -4.18130
           1.20713
           3.23299
          -1.69180
          -2.76663
          -0.43288
          -0.58238
          -0.39434
           3.89835
           2.87484
           2.89854
          -0.02280
           1.58756
          -5.93180
           2.27716
           3.33833
           3.75795
          -3.81676
          -0.46419
           0.53113
           4.01029
           0.68125
           2.89491
          -3.13625
           2.26234
           5.95852
           1.33029
          -5.86490
           3.11474
           7.45886
           0.03399
           0.11964
           2.25758
          -1.05940
          -2.49755
           3.95295
          -0.12704
          -1.75488
           2.22320
          -0.20635
          -0.27733
           0.68160
          -5.33244
           1.87382
          -2.23712
          -1.51601
           7.73800
           1.14753
          -0.91046
          -4.22418
           4.11568
          -0.95092
           3.49198
          -0.28639
          -0.42461
          -2.62617
           0.95906
           1.69565
           2.01551
          -2.52017
          -0.42559
           2.74137
          -2.29535
           1.34448
           5.46030
           2.77268
           0.01043
           1.95851
           1.28368
           4.25954
          -0.01074
          -3.70573
          -2.51946
          -1.91081
          -0.22528
           1.63489
          -2.36021
           0.43690
          -0.58818
           0.36892
           2.61344
           3.23920
           2.23802
           3.42205
           6.67079
          -1.98970
           3.00302
           0.35538
           3.70015
           1.93675
          -3.32983
          -2.39254
           1.49423
           3.90973
           1.13507
           0.48030
           0.54624
           2.69255
           2.04774
           5.32491
           2.86407
           2.71343
           0.53726
           1.19009
           1.18549
          -0.01335
           0.86346
          -1.16165
          -2.31154
          -3.10221
          -0.90785
           3.55389
           5.32717
           1.33150
          -2.40868
          -1.60394
               NaN
          -3.02408
          -0.48717
          -2.26879
           4.72783
           1.52953
          -0.40200
          -1.45474
           0.21865
           1.70499
          -2.35762
           7.60602
          -1.63042
          -0.14470
           1.92406
           1.83623
           0.80535
          -3.72986
          -3.50021
          -5.62323
           1.11394
          -2.46837
          -2.50169
          -1.17914
               NaN
          -4.81679
           1.76539
           0.69677
          -1.96832
          -1.73419
          -0.20445
          -3.10045
           1.79524
           1.12334
          -3.76347
          -0.48599
           1.89191
          -2.78052
           4.67331
          -1.75575
           1.46571
          -1.05175
          -2.88665
          -0.53028
           3.69666
          -2.21868
           3.12942
          -0.74150
           1.13955
          -4.48054
          -1.77477
           0.77816
          -1.34131
          -1.10799
          -0.58331
           2.06181
           2.16533
          -3.33702
           0.47189
          -1.37153
           0.29197
          -0.76405
           3.88621
           0.42031
           3.00563
           2.01180
          -3.18528
          -2.03106
           6.11828
          -0.53674
          -2.60805
           4.42192
          -4.53790
               NaN
           4.09334
          -1.22470
          -3.05508
           0.25400
          -1.45943
           0.31451
          -2.63923
           4.34773
          -0.35547
           3.87046
          -0.02916
          -3.22324
           3.44481
          -1.13052
           5.42714
          -0.16676
          -0.76463
          -0.15265
          -1.57752
          -5.55111
          -1.04803
           2.03501
          -2.58260
           3.55681
          -2.89683
           3.33838
           1.84633
          -0.63288
          -1.00536
          -0.11377
           2.25468
          -3.48167
           2.36032
           1.37304
           0.93775
          -1.69126
           2.36637
           2.31151
          -5.22501
           5.79507
          -3.06201
          -2.60612
          -1.77242
          -1.12845
          -1.75588
          -1.31582
           0.23387
          -0.78950
          -0.32555
           0.66823
           3.13289
           1.19802
           2.08331
          -1.64518
           3.16754
           2.43650
           3.10764
          -1.94729
          -2.11715
          -2.61793
          -0.72370
           5.23332
           2.21426
          -1.47068
           4.64245
           2.79243
          -2.77427
          -2.51833
           2.53397
           0.79714
           1.66571
           0.67545
           3.61128
          -2.55507
          -2.63832
          -1.43193
           3.38312
           8.03347
          -2.61653
           0.39448
           1.01269
          -1.92934
          -4.26509
           1.43035
           7.06394
          -0.38141
           0.27801
           1.90861
           0.15446
           4.36530
          -1.93817
           4.04731
          -0.00447
          -0.01196
           0.53997
           0.80343
           3.48706
          -0.27084
          -2.68815
          -0.97827
           0.75848
           1.84666
          -3.24359
           0.20633
           0.10606
          -0.89842
          -0.24198
          -1.05434
          -0.37881
           3.50766
          -4.32629
           2.46855
          -1.98298
           2.11138
           2.07501
           1.96036
           0.92529
           1.81226
           0.46852
           3.47200
           5.87257
           0.83446
          -0.08516
          -1.95944
           4.39890
           1.02863
          -2.71564
          -2.85577
           0.85235
          -3.20302
           4.37230
          -4.05859
           3.35810
          -0.29154
           0.41526
           0.18752
           2.50871
               NaN
           2.85910
           3.65212
           1.71918
           4.74244
          -1.75848
          -1.32145
          -0.93130
           6.84769
          -3.04330
          -0.28480
          -1.01938
          -1.26474
          -3.12436
           4.69884
          -1.45649
          -3.14373
           2.02162
           2.50597
          -3.61242
           4.66456
           3.10941
           2.70912
           1.39259
           4.31156
          -1.76393
           2.90200
           1.12122
          -0.62359
          -2.43478
          -1.59359
           3.66309
           1.27171
          -2.06008
           2.82708
          -0.68744
          -2.90318
           4.56797
           4.88495
           3.03606
           4.67563
          -1.37153
           1.82489
          -5.03323
          -1.29830
           0.33644
           1.05897
          -3.20922
          -1.86343
          -0.75755
          -0.59802
          -1.51608
          -2.28144
          -0.59934
           3.26988
           1.53431
          -2.86402
          -6.26516
          -0.90535
          -1.41786
          -7.27663
           2.80669
          -2.28104
           2.52977
           4.24564
           1.05923
           0.47643
          -0.73705
           5.91784
          -3.70681
          -4.37706
           5.27669
          -0.87055
           2.83510
          -1.34964
           1.74071
           1.82647
          -0.84485
           0.51172
          -3.34342
           5.75242
          -0.00398
           2.07300
          -0.35258
          -1.09496
           1.76949
           2.18728
          -1.46050
          -0.90064
           2.81616
          -1.08189
           5.17284
          -2.77887
           1.64893
           3.36028
           3.57201
           3.57930
           2.01074
          -0.11090
          -0.48386
          -3.91576
          -0.74443
           3.25473
           5.54302
           0.93004
           4.61395
           5.46799
           5.41083
          -1.83438
          -2.67239
           3.24754
           5.74851
          -0.96265
          -3.08947
           0.74163
           1.97365
          -3.25165
           1.84434
           6.30473
           3.22195
          -1.05790
           1.90299
           0.95225
           0.88379
           2.13664
           2.58356
           0.28861
          -1.04942
           2.98539
           0.03290
           4.42766
           0.70788
          -1.80512
          -0.02609
          -1.90167
           2.35918
          -1.51879
           1.53364
          -0.93257
          -1.55982
           1.99780
           2.90216
          -2.19909
          -1.79794
           0.74507
           5.09444
          -1.96427
          -1.75876
          -3.11211
           1.21453
           0.52505
          -6.04949
           3.53301
          -2.04921
           4.43970
           1.74282
           3.52610
           1.64828
          -0.78128
           2.62970
          -1.27284
           1.71377
           0.09719
           3.05451
           5.49166
           1.43003
           0.92363
           0.47286
           7.56365
           1.21414
          -2.38180
           0.63161
          -0.91502
           3.33224
           2.22496
           3.25712
          -2.50813
          -1.31837
           4.42997
          -3.08082
          -0.71230
           0.87888
           2.03607
          -2.80592
           6.00832
          -3.07230
           2.44454
           2.63504
          -0.23154
           2.05629
           1.37141
           4.33685
           0.76330
           3.23219
          -0.75729
           2.92180
          -2.40569
          -1.62072
           0.06310
          -0.61234
           1.40434
           1.72865
           2.14157
           2.67654
           2.25298
           1.59336
           3.23196
          -2.46032
          -2.65033
           1.64397
           1.99390
          -0.72574
          -1.28048
          -0.22612
           0.90503
           2.79451
          -0.74862
          -3.25730
           2.62300
           0.57749
          -0.47484
          -0.21493
           1.64010
          -2.39225
          -2.85030
          -0.02967
           4.46816
           5.26148
          -2.63163
           1.85118
          -3.94224
           1.01275
           3.60305
           7.65671
          -3.32517
          -3.68224
           1.96616
          -0.44038
          -0.21948
           0.25285
           3.09457
          -4.59874
          -0.74326
           4.05753
           0.39355
           3.44665
           2.46668
          -1.39851
           1.60511
          -0.04241
           2.79529
           5.33496
           0.93195
          -0.15123
          -4.32267
           2.99469
           4.79371
          -0.00464
           5.49901
           3.91388
           1.12020
          -2.51667
           1.86639
          -4.16805
           0.09465
           1.08292
           2.84866
           1.02564
          -3.06889
           1.15020
           1.90779
          -1.18808
          -0.95591
           0.58907
          -2.31042
          -0.21546
           0.41259
           2.22186
           0.09558
          -1.32727
          -0.01667
          -2.61253
           3.17650
           2.54420
               NaN
          -2.98592
           2.27027
          -3.08988
          -3.31553
           5.51670
           1.99135
           2.50797
           2.63116
           6.97131
          -2.59746
           4.73893
           0.25983
          -0.08092
           2.62981
          -5.17378
          -4.33399
           3.68477
          -2.99771
          -3.01994
          -0.86950
           1.35345
           2.62714
          -2.82248
          -4.03571
           2.24020
           6.95476
           5.10368
           2.53392
           3.49010
           1.32015
          -3.35134
          -0.02121
          -4.54883
           4.12323
           0.70248
           0.14508
           0.68664
          -0.47262
          -1.59934
           3.42012
           3.47284
           1.46938
           3.54388
           3.13994
           6.33540
           5.18410
           4.45544
           1.74257
           0.64097
          -1.89822
           4.44998
          -3.52459
          -4.88044
           3.02625
           0.83657
          -2.71684
          -4.91630
           1.71477
           4.23537
          -0.67623
           1.87612
           1.79167
          -2.82092
           3.23706
           3.31303
           2.42546
           5.14153
           3.77241
           3.54971
          -3.21300
          -0.30919
          -0.48911
          -1.38284
           5.45864
           2.30277
           0.72907
           1.37206
          -0.24944
           2.86725
          -5.74813
           2.03812
           1.08168
          -4.05966
           0.39998
           0.07260
          -2.17448
           0.90720
          -0.18497
           2.15806
           0.68683
           4.33555
          -2.05101
           3.35734
          -0.30957
           3.79439
          -0.71125
          -0.26734
           0.27374
          -0.69270
           3.97970
               NaN
          -1.31085
          -2.63705
          -2.20508
           3.09732
           0.54174
          -1.24486
          -1.36487
           5.57611
           1.73499
           0.21838
           4.21474
           5.14708
           2.22014
          -0.48317
          -0.02803
           5.83180
           2.59442
           2.40882
           2.33803
           5.47769
          -1.94805
           4.42940
          -2.13971
          -0.12510
           0.47365
          -1.48662
           0.35420
          -1.31523
          -1.28717
          -3.56476
          -0.92017
          -2.95112
           1.15464
          -0.43363
          -1.86901
           3.12751
           2.84429
           3.74517
           0.94748
           4.51077
           1.11358
           0.77364
          -1.56996
          -1.76310
           0.63783
          -0.31518
          -0.70967
          -2.69367
           1.49513
          -1.77137
           0.56576
           2.60644
           2.98895
          -2.03364
           3.61334
           3.23307
           0.45581
           0.41218
           3.44218
           3.82140
           0.57981
          -3.30134
          -1.32457
          -0.08815
           2.43842
          -3.40369
           2.49528
           4.38350
           0.65083
          -0.54245
          -0.63560
          -5.91395
           0.34651
          -4.22617
          -3.60728
           1.31672
           4.38067
           0.22883
           0.27868
          -1.66670
          -4.97775
          -4.39360
           3.33478
           2.97889
           2.33569
          -1.30360
          -2.92183
           0.38100
           5.14775
          -3.41309
          -0.84719
           3.25031
          -0.21730
           1.18417
           1.55660
          -1.61812
           1.37164
           0.05014
          -1.52900
          -1.48403
          -2.70318
          -2.11094
          -0.09689
           0.18902
           0.69215
          -1.07179
           0.25097
          -0.27924
           0.60692
           6.78404
           3.65073
          -7.37402
           3.70611
           4.74802
           0.52619
           4.70052
          -0.16867
           2.18668
          -2.56250
          -2.58760
           2.29447
          -2.21677
          -5.11915
           2.86629
           0.93425
           0.39467
           0.94066
           1.81624
          -3.66316
           5.74238
           4.33148
           1.12122
           0.81980
          -0.41734
          -3.93863
           3.46032
           4.55380
           4.99140
          -5.69955
           1.34608
          -3.67075
           0.85845
           5.28067
           2.77090
           4.59010
          -3.40617
           3.03320
           2.65259
          -1.69024
          -0.45921
           5.28493
          -1.22692
           1.66340
          -4.31077
           1.69240
           4.04966
          -2.65620
          -0.51287
           2.11189
           4.84163
          -0.36266
           2.00158
          -0.70565
           2.09210
           0.42611
           0.26570
          -3.18517
           3.85388
           0.40800
          -0.11041
           4.24423
          -0.00311
           5.02883
          -1.19403
           4.30552
           2.88907
          -1.89848
           3.53936
          -4.02831
           5.66419
           2.87357
           5.27087
          -0.94283
          -0.96100
          -0.98131
          -4.16001
          -2.51175
           1.56804
           4.55499
          -0.49831
           2.85118
           0.43064
          -1.37642
           2.20701
           2.41448
           0.98152
          -0.92175
          -3.93544
           2.21471
           0.39142
           1.54523
           4.41974
           2.46230
           2.59543
          -0.43647
           2.97814
          -2.75274
           2.67418
           4.61282
           3.77635
           1.82346
          -4.90022
          -2.10854
           1.82179
           0.28025
           2.23874
          -4.06246
