          -1.07534
          28.60440
          -0.54157
          18.29004
         -21.82258
           0.42274
         -12.16903
          -3.19903
           1.08851
           5.15149
           6.71670
           0.88434
          17.38583
          20.74270
          24.93846
          -6.42754
               NaN
          -5.99499
          15.72876
         -16.68903
          -0.82547
          13.01239
           0.24868
           3.62489
          -9.78631
          26.10355
          15.53385
          -0.75547
         -18.24893
           3.85008
           7.28111
          10.09357
          -2.56273
         -21.66275
          -1.12696
          -7.23551
          -6.32665
           7.38621
         -17.22025
          -2.69872
           9.01252
          -4.55533
          -8.51617
          10.26117
          -8.53272
         -11.30546
          -4.20710
          17.97634
         -11.56680
           8.19198
         -15.18681
          22.36001
          -1.34979
         -26.47821
           5.55444
          -9.32553
          -0.11900
           3.08074
          -4.67436
           0.42126
           6.38672
          -3.03582
           2.18313
           4.64910
          17.34131
           1.77693
          10.35588
          13.98288
          -6.36245
          12.06493
          10.56571
           5.65299
          14.46041
          -2.19906
          -1.10780
         -18.78335
          17.96315
         -19.72770
         -16.01618
          -8.45211
          -3.20272
           8.11257
          35.57202
          15.59493
         -16.88504
         -18.37872
           3.51674
          32.36737
         -12.24676
           0.34598
           9.72163
          -6.24519
          -1.09766
           5.95297
          -3.27771
          19.25380
         -10.66910
          10.93982
          12.11955
          13.66923
         -22.87747
          -3.80411
           7.45937
         -24.37392
          -9.24411
          17.33605
          10.28558
          -5.65359
           9.83150
          22.17805
           7.36417
           5.65517
          10.91498
         -17.48863
          14.05314
           2.51677
           0.24431
           3.63698
          21.19877
               NaN
           5.22628
          -5.84448
          -8.65926
         -15.64930
          11.44304
           4.06104
           3.21116
          27.94596
           7.09411
           5.81144
          -0.67709
           9.40447
           2.21233
          -3.22874
          -2.67875
          19.65209
           2.55985
          -3.60633
           1.90638
          -0.49056
           6.00377
         -13.78080
          21.66683
           2.51858
           9.01352
           8.97055
         -12.38780
           2.21837
          -0.72893
           8.10612
          -1.59248
          17.02040
           9.04062
          -6.91360
           0.11635
         -16.03852
          -0.65697
          -3.79196
          24.44069
          10.99847
          14.95912
         -21.29564
         -12.63516
          25.19998
          12.51934
          14.37794
         -14.53232
          25.15320
           2.21916
           1.22031
           4.93677
          -6.65009
          -2.16322
           7.68603
           1.85701
          10.95248
           9.20710
          17.39205
          20.35382
         -20.48690
           0.84180
           0.02331
          -7.85160
          11.34457
          -4.55071
           2.32281
         -13.81611
          -8.34153
          -1.16433
           5.50842
           1.28590
           9.13950
          13.46964
          11.28375
          25.44667
          -3.54288
          -4.65340
           8.31114
          19.29556
         -13.61642
           3.83367
          11.37545
           2.30990
          10.75544
          -0.50752
          -7.07961
          -4.32812
           7.95129
          -4.59965
           0.69159
           7.27607
           3.82070
          18.05321
          18.40044
               NaN
           0.63881
               NaN
          16.51929
           1.21571
         -14.89558
           9.78746
           3.23934
          17.69539
          -5.25161
          -0.07491
          14.59929
           8.34207
           4.42262
          13.74978
          11.95233
         -12.37037
          15.31262
               NaN
          10.63719
         -28.26718
         -28.99034
          -8.91235
          23.26377
           8.05742
          -5.16521
          15.49727
          11.79644
          17.32645
           0.03848
           2.14735
          10.59351
          11.32035
          -9.32800
           7.81032
          14.10447
          32.96105
          20.56043
           6.49334
          24.50931
         -26.77503
           3.78295
               NaN
          19.16921
         -27.45633
          28.89687
         -13.18131
          -1.83229
          36.74919
           7.35601
           9.40590
         -13.82298
          -0.26049
          22.01211
          23.07741
           2.16250
           9.67220
         -21.10509
          15.19376
           9.99584
          27.52673
           6.60457
          18.54353
          14.61813
          -4.68289
         -13.84390
          -2.37115
           7.84901
           8.71015
           3.23515
         -12.52351
         -12.38078
          -2.06319
          16.64141
          -3.64178
          15.63806
          12.89080
          -4.00093
          -2.11113
           8.20719
           9.25983
          -7.79907
           3.63014
          17.11800
           4.55673
         -24.57198
         -15.95948
          -7.68845
           3.30992
           2.99483
          14.30808
         -11.67866
          -8.97538
           8.06692
          -3.90793
          13.23743
          25.87462
           5.26173
          14.53783
          -9.25453
          24.93767
         -17.19798
          27.22909
         -15.18007
           6.62121
          -1.31485
          14.54792
          -3.01807
           7.61699
          -5.94161
          34.18365
         -16.11414
          -4.37350
          13.45573
           6.94242
          12.00030
          30.39168
          19.70734
           3.62469
         -11.37311
          20.67974
          -0.55711
           7.80247
          27.16557
          13.96816
           5.07666
          30.71983
          11.31070
          22.75000
         -17.30148
           8.51960
           3.54387
          -2.93570
          -4.10823
           5.63440
           2.91330
           0.19369
          10.46123
          -4.89183
          16.33841
          17.25343
         -15.85472
          24.00350
          -3.61461
           3.09936
          20.00467
          16.73625
         -12.09735
          19.31783
          26.92442
          16.45071
         -12.38181
         -17.16233
          -1.70546
           7.45714
          12.43019
         -16.40571
          16.03885
          20.08448
          16.88133
          -5.33547
           3.73868
          24.43991
           0.71750
          -9.30726
           4.07488
          20.86830
          -2.07025
           0.01949
          10.24087
          20.96861
          -8.47859
           7.80865
           4.78739
          -4.03607
           6.76619
         -19.79647
          16.23768
           1.55764
           2.26844
          15.32441
          -4.28997
           6.07153
          -9.82687
          16.11843
          -8.65204
          33.25126
          19.83685
         -13.30525
         -13.58370
               NaN
           9.70936
          -1.02102
          -1.37923
           8.15990
           1.00605
          12.04809
          14.20802
          -3.36951
         -15.28260
         -12.40424
          -9.71133
          15.73658
           9.23787
          -3.76027
           1.62758
          -1.91147
           5.93100
          11.10493
          -1.77668
         -24.59460
         -10.26153
               NaN
           9.68287
           0.37349
           4.15166
           2.36422
          14.27271
          13.59266
           5.23744
          14.81528
          -4.20879
         -12.53922
          -2.41166
           7.54686
           9.52018
         -14.66124
           5.66034
          27.92700
          -5.79827
         -10.72714
          -6.86940
           9.23529
          -4.35513
           2.96841
         -20.26580
          -8.41349
          17.27098
          27.27300
          -4.78815
           2.09467
           8.76374
          -7.28953
          -1.78076
          14.13977
          -7.65554
          11.05861
          16.53467
          10.07879
          -9.64686
         -20.74509
          -0.73916
         -17.19695
           2.44595
           7.82927
          -8.47706
         -23.10753
           2.36345
          -9.94991
          -2.42537
           6.19798
           4.58866
          -7.14014
           7.54364
          10.07210
          17.51459
          18.00068
           9.27834
          10.91660
          15.95267
           6.30405
          11.38411
           1.93053
           6.11046
          -6.15480
          -0.34069
           8.40359
           2.20498
           4.13623
          -5.11606
           8.84562
         -13.16486
          25.73743
         -13.28287
         -14.77865
           3.01859
         -11.27022
           2.55792
          -6.85332
         -25.01853
           3.96644
          16.67656
          18.37875
           9.41048
          10.70515
          23.10317
           0.26644
          12.31954
          21.68446
          -2.81026
         -15.59635
         -21.82128
           8.78491
          37.22097
           6.60975
           4.53225
          25.61756
          29.48378
          -5.66600
          16.59513
          12.84405
          10.10438
          10.67284
         -19.99052
           5.92145
          21.05519
          10.32215
           5.59902
         -23.39957
         -13.99672
          -7.75014
         -14.96359
           4.93664
           4.81627
          27.43829
          13.34572
           4.16119
          16.96821
          24.82990
          17.82977
         -24.79678
           3.27095
          -6.24518
          -3.46255
          16.82639
          -5.37025
           4.66577
         -10.08725
          -4.23320
           2.23207
          -9.37016
           5.29989
          -8.55814
          -2.64929
          28.16272
          20.06565
           4.68882
          11.45036
          32.41382
           1.45414
         -10.92737
         -12.98636
         -13.68008
          -4.34866
         -20.74248
         -12.00615
         -16.51479
          19.49068
          -1.96589
          20.07041
          17.40534
           7.73410
          -0.25564
          -0.78853
         -13.01178
           1.32048
         -18.18083
           2.33281
          -9.28560
          14.11085
         -25.21625
           3.45078
           8.58744
           9.37489
          17.53881
          18.61565
           6.07098
           1.72850
         -30.16957
          -5.23789
           2.02414
           9.36999
          -8.76467
          11.98355
           9.33272
          -2.89214
          20.23155
          -2.60553
          24.37605
          26.24435
           0.82925
          21.06853
         -17.82135
          13.53195
          -2.76613
          -4.61311
          21.60895
          10.94632
           0.52162
           2.88140
           2.57459
         -12.01558
          11.42808
           3.88666
           7.19813
         -11.14449
          19.83265
          12.67419
           0.71711
           5.81879
           6.48556
         -17.15512
          -1.84853
           3.00634
           6.84957
          -1.92902
         -11.36383
          -2.72925
           9.90474
          18.89482
         -31.31143
          -0.25027
           6.24313
           8.43813
          12.99475
          -4.72571
          37.54344
           5.01052
           5.38074
          14.56648
          10.98303
          -4.26766
           6.07258
          17.20160
           5.28465
         -18.82465
           7.95394
          15.38209
          11.57407
          15.24943
           8.94027
          15.83543
         -15.61523
          28.50493
          -0.51622
          -4.07246
           5.20835
           9.60831
          30.69164
           2.12914
          -6.53240
         -30.64656
           0.11782
          -0.82151
           8.40201
          19.55904
         -14.25765
          19.92709
          10.33183
           8.05578
           2.26428
           0.52935
          -8.09098
         -13.89701
         -15.90852
         -24.50623
           3.59593
          19.38162
         -11.04055
          25.42274
               NaN
           0.39482
           9.17037
           1.70630
          13.28844
          -6.56725
          21.67401
          11.25920
          -4.56982
          -3.74092
          36.23131
           5.13815
         -23.75707
           4.02008
           8.02914
          18.89627
          -4.84669
          21.68482
          14.17345
          16.28571
           5.24900
         -30.25318
         -12.63936
           4.12181
          -5.84017
         -14.47652
         -20.78158
           8.97991
          -8.18228
          10.16302
           7.46859
          12.96834
          -0.13687
         -11.65848
          -3.85538
           1.05401
          17.50448
           4.28810
           3.10678
          -0.54254
          22.53571
          16.49918
          15.07573
         -19.99979
          -1.23892
          18.53767
          19.83882
          -8.25723
         -19.71838
           2.73995
          -3.94873
          15.34261
          -8.77962
         -11.69694
          15.80601
           8.47618
          -2.40769
         -14.32807
          18.17589
         -21.74593
          31.08544
          -6.33009
          22.38716
          -9.17916
           2.86960
          15.14288
               NaN
               NaN
           9.70031
          12.17529
          25.42268
          -2.01951
          -9.71252
          24.91716
           4.92991
           1.97937
           9.79981
           0.16018
         -11.80914
          16.96544
          -3.77634
           9.25720
          15.84510
         -10.12949
         -17.55111
          16.71182
          -1.74412
          23.55308
          10.85701
          -1.30166
           4.02263
          34.88809
          18.77129
         -11.02029
          -8.94381
               NaN
          13.68069
          27.07479
          -7.07759
           0.28029
          17.12006
          15.72457
         -20.49208
          -4.99182
           8.19058
          -0.42203
           1.20117
          -0.87672
           3.25935
         -26.21649
          -0.88701
          12.52609
           4.80374
           8.00251
          -4.79633
          11.38534
          -2.03451
          -3.12205
          32.20002
           6.94508
           4.67449
         -17.79653
         -18.36609
          -2.48271
           1.32590
           0.79443
          20.27245
           4.43559
          -8.58930
          10.52962
           5.68550
         -15.72047
         -10.97311
          -5.77393
           8.55289
           0.19513
               NaN
           1.10854
         -10.26649
         -24.85492
          13.90224
          14.56435
           9.52299
          19.01256
          -1.31028
           5.04738
          10.98444
           2.96766
           6.21998
          -1.82039
           9.20553
           4.69116
           3.86370
           1.09363
          -8.55121
           8.46404
         -13.97935
           4.84946
           4.35244
          14.39035
          -1.92695
          29.62509
         -16.67685
          15.46831
          14.24473
          24.06902
          16.26972
          22.65700
          14.10396
           3.17008
          14.82725
          15.12750
         -12.32139
          22.41056
         -16.74539
           9.39328
           1.65350
           9.50552
          -3.00251
           3.37559
           9.40009
           4.44122
           5.91688
         -13.52314
         -22.16875
           1.24528
          -8.76243
          -7.74022
          -4.22859
         -10.17546
          21.16919
           3.33788
          -2.62299
          -2.72675
         -18.57140
          16.14790
           9.64823
         -10.40120
          -4.64329
          18.31799
         -12.29117
         -19.83313
          26.47486
          -6.08219
         -11.02960
          10.15229
           6.28007
           7.03019
          -2.96011
           0.81243
         -11.83192
         -26.54262
           2.02719
          16.08888
          26.91717
          12.33847
         -12.74736
           2.34489
         -16.69215
          11.18014
         -23.11121
          21.44564
          29.57673
          -0.21999
           5.47743
         -10.27357
           5.64128
          11.44483
               NaN
         -18.00133
          12.03363
          16.77483
         -14.66925
         -13.14901
          20.80931
          21.09853
          20.53862
          -8.18602
           9.78110
           0.56273
           0.10703
         -13.93956
          -7.30841
           8.25314
           7.76984
          12.76701
           9.42173
           6.33003
         -13.26470
           0.25694
          -2.13543
         -15.96702
          -2.91944
          -8.71106
          11.47186
          16.02297
          -3.12651
          11.63233
          -0.22131
          10.39379
          20.34962
           1.01625
          11.21141
           7.44771
           6.67131
          17.73401
           9.67597
          23.53837
           4.81939
           2.92303
           4.70519
          -5.80873
          22.30291
          -6.10045
         -22.45625
           2.91866
          19.67739
          20.43737
         -17.57719
          10.45123
          15.11350
           8.53118
          17.85421
           3.33813
          -4.46586
           5.67299
          13.00737
          16.48010
          18.63139
          12.79649
         -20.09052
          26.59437
          26.51605
         -10.24004
          10.47463
          -8.33388
         -11.01499
               NaN
          20.33020
         -12.88797
           8.75446
          11.17121
           7.95354
          -8.26028
          20.76913
          11.15235
         -15.97653
           4.31278
          19.30711
          -6.69717
          -7.05183
          -5.33598
         -22.66495
          -2.90109
          15.30685
         -16.79505
           3.42464
           2.63126
           1.59460
          -1.80698
          -1.35404
           2.88845
           0.79640
          -1.92534
           2.00386
           1.90817
          -2.11130
           0.92047
          -0.44651
          -0.01217
          -0.08538
           1.47445
          -1.10253
          -3.64143
          -2.22673
           1.47531
           0.13725
           3.16496
           2.76010
          -0.38430
           3.44607
           3.36875
          -0.62929
           0.13433
          -1.30301
          -1.24662
          -2.39398
           1.82287
           1.53116
           2.42403
          -0.17481
           3.76806
          -5.55071
           1.74770
           2.66010
           3.18228
          -2.63603
          -5.02159
           2.02719
          -3.15497
          -0.65844
           2.24097
           4.41092
           2.83218
          -2.03997
          -2.48599
          -0.06694
          -2.53413
           1.12773
           0.42457
          -0.39974
          -0.43653
          -0.00597
           3.95441
           2.33182
          -3.67315
           0.73162
          -0.24950
          -1.60710
           1.74073
          -4.88369
          -0.57618
           1.45174
          -2.39874
          -5.52736
           4.65963
          -4.16835
           2.34883
          -1.11931
           0.59181
           3.72993
           3.53875
           2.09408
           0.79429
           4.60904
           4.21508
          -4.19065
          -0.46939
           1.83525
           7.25058
           4.06392
           2.78085
           3.30772
          -2.02703
           2.28732
           1.28511
          -4.03367
          -1.68568
          -3.47274
           2.14355
           2.95457
          -3.65432
           0.95332
          -3.82724
           0.85717
          -0.67199
           1.64737
          -0.65735
          -0.72417
           2.02377
           3.52667
           3.84859
          -4.56489
           1.38133
          -3.77968
          -3.79841
          -2.16988
           3.73318
           0.89659
          -4.06275
           1.17926
           2.55755
          -1.71475
          -2.66274
           3.74348
          -2.23187
          -0.90269
           4.92214
          -1.88818
          -0.03629
          -0.49284
           0.18705
          -1.26452
          -0.41830
          -0.70618
          -0.73065
           5.12336
          -6.20730
           2.17649
          -5.33410
           3.30527
          -2.02250
           0.65484
          -2.12849
           2.79068
           2.37823
           0.24499
          -0.28726
          -3.30434
          -3.55065
          -1.31508
          -1.43573
           3.03526
           1.02288
          -1.44396
           1.20058
           2.00478
          -6.20102
          -2.83415
          -2.88594
           0.03801
           0.81117
          -3.07457
           4.59316
          -1.73942
           2.82491
          -1.16752
          -2.17919
           2.51629
           0.02192
           1.05703
          -0.49714
          -0.15183
           0.19938
          -0.62565
           2.93059
          -3.23159
           2.19635
          -2.20569
          -3.93783
          -2.64661
           1.52173
           3.20765
           2.46788
           2.21567
           0.82427
           1.64425
           0.72561
          -0.15875
          -4.53298
          -0.28586
           6.15921
          -0.99520
           0.83895
           2.07257
          -1.41568
          -0.64012
           2.00420
          -1.89621
           0.82840
          -2.35266
          -2.26215
           1.79501
           3.60466
          -4.26634
           1.87449
          -2.23353
          -0.71443
           2.17250
           2.88581
           1.84725
           1.08713
          -4.25096
          -0.39806
           3.29014
           1.13818
          -3.25000
          -2.65747
           1.32684
          -4.46819
           5.02002
           2.33079
          -6.33128
          -0.66039
           2.18923
           1.48916
           5.52200
          -1.28511
          -2.73501
           0.83899
          -0.16091
          -2.45424
          -1.44868
           1.94284
           0.22689
           1.52803
           2.84661
          -2.01622
           4.90468
          -0.78607
          -4.00025
           0.51242
           0.24194
          -7.11304
           4.48846
           2.54029
           5.07121
          -1.25534
          -3.53691
           4.48408
          -4.94482
          -4.99682
           4.01476
           0.26636
          -1.93787
          -2.01679
           2.40723
          -1.51090
          -0.15604
          -0.60861
           4.09862
           0.00973
           2.46767
          -4.92149
           6.60609
          -3.76444
           2.57809
          -1.22729
           3.35474
           2.56076
          -3.61477
          -2.61657
          -1.67219
           1.68015
           1.24563
          -0.40969
          -2.73756
          -1.54806
          -0.63782
           0.59909
          -2.10386
          -2.56736
           0.35883
          -5.06531
           0.68010
          -1.46383
           5.15727
          -6.82069
          -2.04260
           1.21317
           4.77996
          -2.44763
           1.56772
           2.28072
           2.17743
           1.88730
           0.75231
          -0.16817
          -3.74945
          -1.44620
           1.68091
           2.01610
          -6.52197
           4.00738
           1.78534
           1.63364
          -3.71984
          -1.62880
           2.02043
           2.82247
           0.88052
           1.58174
          -1.58020
          -0.47379
           1.57361
          -3.09520
           2.76273
           0.48915
          -3.17578
           1.69968
          -3.98461
          -0.89501
          -4.84699
           0.28955
          -5.48741
           0.29636
          -2.89103
           3.12535
          -3.30343
          -4.12022
          -4.22749
           0.02594
           6.63011
               NaN
          -0.01427
          -0.39571
          -1.82658
           0.48645
          -0.20767
          -1.93001
          -0.56930
          -1.01550
           0.51224
          -3.35065
          -0.04817
           0.21558
          -0.03737
           0.90818
           1.74045
           2.29434
           0.95013
          -7.91088
               NaN
           2.84546
           0.96848
          -0.01692
          -0.86332
           5.98898
          -3.19224
           3.51055
          -0.38602
           6.21518
          -1.39772
           0.54762
           4.31054
          -0.82942
           0.92466
          -0.03960
           0.99816
          -0.09503
           1.76678
           3.17689
           2.00317
           3.27865
          -4.33715
           1.12271
           3.52803
          -1.01095
          -3.99800
           2.80250
          -2.29529
           5.78243
           1.22045
           2.36216
          -2.69570
          -4.15433
          -3.37110
               NaN
           1.61593
          -2.00042
           2.32912
           5.68393
           0.04693
          -0.26167
           8.13105
           1.00899
           4.15445
           1.39292
           2.05273
           2.20857
           2.09701
          -3.11028
          -2.48825
           0.48738
          -1.95700
           1.24347
           2.13415
          -0.29164
           2.09885
          -3.39369
           5.84954
          -1.55392
          -3.87120
           3.86693
          -4.04708
           1.24156
          -0.37273
           0.71831
          -0.16396
           2.18507
          -1.62577
          -1.02685
           4.08743
           1.05329
          -0.38870
           3.63987
           4.10887
          -0.94578
          -7.63316
          -1.51668
           2.84041
          -1.40161
           2.66768
           2.27914
           0.38220
          -0.91996
           4.77261
          -2.84230
           3.47240
          -5.54780
          -2.18791
          -2.40748
          -4.17127
          -1.46311
          -5.55576
           2.80230
          -4.23069
          -0.64797
           0.62933
           1.11095
           0.09740
           1.11727
          -0.26597
           3.27341
          -2.47032
          -2.10944
          -2.86411
           4.33107
          -0.48958
          -1.51933
          -1.17909
           2.33104
           2.96756
           0.89683
          -0.11199
           1.79620
           0.54876
           2.41630
          -1.39099
           0.46962
          -2.82968
           0.07695
           2.92155
          -0.56747
          -0.68783
           5.92735
           0.45766
          -4.15034
           4.86907
           1.84274
           0.19155
           2.46044
           0.81326
          -2.29492
               NaN
          -3.19314
          -1.65801
          -1.26758
           3.67183
           2.92686
          -2.27064
           1.59471
           2.41280
          -0.56433
          -0.85373
           4.86368
          -3.71033
           1.72267
           0.48032
          -3.25563
          -0.68206
          -1.64695
          -4.09740
           4.25750
           2.63698
          -2.03764
          -3.44426
           1.74958
           0.00689
           3.35958
           3.99571
           0.18404
           1.85312
           8.00559
           2.93655
           3.44464
          -1.29260
          -1.38593
          -0.27458
          -1.25771
          -0.76838
          -2.76852
          -7.57169
          -2.11474
          -3.00274
           0.21996
           1.26344
          -3.47106
          -0.30957
           2.39012
          -0.55431
          -0.63094
          -3.57492
          -3.89089
           2.19582
          -2.18686
          -0.22555
          -3.52053
           1.96073
           5.08645
          -0.46194
           1.02349
          -1.07411
          -2.28711
          -1.28245
          -2.01316
           0.76009
          -0.17003
           1.65373
           0.58290
          -2.39322
           2.18404
           2.25910
          -0.15575
          -3.80235
           0.28365
          -0.49433
           1.10937
           0.86600
          -7.89852
          -2.09747
          -2.87692
          -2.87196
           4.62689
           2.59402
           1.37206
          -1.06217
          -0.16390
           1.78165
           4.75820
           0.23956
           1.43455
           4.15075
           2.82883
           0.63557
           2.49753
          -0.47209
          -0.35738
          -0.13034
           5.15922
           5.71356
           0.12051
          -2.31642
           0.90858
          -0.94426
          -4.87491
          -3.72866
          -1.11380
           2.72573
          -2.54795
          -0.64854
           1.11241
           1.12938
           1.30489
          -2.39528
           1.93425
          -7.05292
          -4.22797
           3.21582
           2.25988
          -2.53071
           3.89003
          -7.55987
          -1.98988
           2.90013
           0.74232
           1.68493
           1.19145
          -0.53211
           1.81156
          -3.05231
           0.33059
          -0.74854
          -2.18188
          -1.23148
           2.09698
          -1.19047
          -3.12759
           2.45799
           2.63548
          -0.96240
          -2.62433
           3.68815
           2.46636
           4.16542
           0.80762
          -4.73696
          -2.91656
               NaN
           4.16669
          -1.78611
          -0.60080
          -0.84753
          -1.22790
          -1.98499
          -0.27185
          -1.33589
           6.07471
           7.19673
          -2.30249
          -0.68011
          -1.32003
          -0.62721
          -3.36752
          -2.42357
           0.32254
          -0.77705
               NaN
           1.39056
           2.71489
           2.66494
           0.45986
          -2.70692
          -2.03317
           0.63103
          -3.15174
           2.43819
          -0.24860
           2.83014
           1.28081
           3.18902
          -0.32582
           0.07490
           2.36119
          -0.20137
          -0.44620
          -2.35162
           1.89145
          -2.22879
          -1.83761
           0.43734
           1.03002
           4.57365
           0.01758
           3.41979
           2.61955
           0.40249
          -1.72137
          -4.62801
           1.59584
           3.15278
           3.89989
           1.24087
           1.43997
          -0.49763
          -2.87096
           0.34303
          -3.83549
           4.14660
           1.23647
          -4.63704
          -3.23466
           3.60007
          -3.97187
           1.62846
           3.71239
          -1.82713
          -5.59959
           0.32112
          -0.13326
          -1.90585
           7.18979
          -0.29013
          -2.10443
           2.78243
          -4.54449
           3.51270
          -3.59678
          -1.13866
          -1.47328
          -4.36718
          -4.31494
           2.10232
           0.39307
           3.69428
          -0.96257
          -2.48209
          -1.52155
          -4.53893
          -1.51920
           2.66930
           3.55719
           0.99309
           3.07102
           1.05800
          -1.84917
          -1.25935
           0.86526
           2.07090
           0.14709
           0.34712
           7.30110
          -1.60211
          -3.19495
          -5.18964
           4.16894
          -3.03192
          -0.51295
          -3.73397
           0.33929
               NaN
          -2.26614
          -3.30307
           0.82948
          -5.57915
          -5.51680
          -1.55249
           0.64379
           1.62614
           5.83443
          -4.33739
           0.96053
           3.36682
           1.51202
           2.57157
           7.46035
          -5.18512
               NaN
           0.94736
          -2.19957
          -4.32633
          -1.49095
           6.42438
          -4.12709
           1.07490
           3.73128
          -5.02572
          -0.34459
          -2.96333
           0.57933
          -0.70406
           5.80703
          -2.01153
          -6.45960
          -3.80687
          -1.41305
          -1.67817
          -7.76026
           0.17206
           0.04054
          -2.36312
          -5.03838
          -1.14166
           1.96379
           2.63230
           3.01344
           3.94186
          -1.42607
          -0.04208
           4.89659
          -0.37556
           1.14660
           4.74574
          -6.07179
           3.57705
           4.28793
           0.96481
           3.57418
          -2.89366
          -0.55938
           6.05702
          -2.89741
          -0.45538
          -0.49761
           2.59448
           0.43354
           1.12405
          -1.64780
          -2.80973
           1.81066
               NaN
           6.76075
           2.32527
           2.53196
           2.24179
           0.52638
          -3.16236
          -5.60976
           4.70726
          -0.47007
           1.86898
           3.68994
           4.73599
          -2.10544
           1.08825
           1.14500
           2.53414
          -3.01656
          -2.15103
           0.24271
          -1.19211
           3.00044
           1.13882
          -1.78567
          -0.69084
           5.98505
           0.97165
          -2.64989
          -2.32260
           0.06875
          -1.84899
           1.67892
          -6.22615
           1.28789
           3.02078
           4.13859
           2.10225
          -0.10089
          -2.97676
           1.49488
          -2.27284
          -3.55872
           1.43136
          -0.71662
           1.06781
          -1.18087
           1.07917
           0.56009
           3.29386
           4.75323
           0.29388
           0.45538
          -3.59214
          -2.76115
           5.79472
          -3.20722
           2.09701
          -0.65060
           1.65839
          -0.94184
          -1.53024
           3.31830
          -2.08440
           1.23955
          -0.31824
           2.64411
          -3.68023
           5.56301
          -1.05562
          -3.95831
          -4.69315
           1.26642
           4.64238
           0.53446
           7.30104
          -1.80976
           1.62797
           2.44810
          -0.10386
           1.70230
          -2.59144
           6.70409
           1.98660
           0.73812
          -3.88093
          -3.26558
           0.81927
           1.05749
          -0.12660
          -2.52158
           3.61415
          -0.93311
           3.97024
           0.91766
          -3.19118
          -1.82513
           0.39228
           0.82940
          -2.46438
          -4.04397
           1.83784
           1.04281
           1.91298
          -2.54698
          -2.28723
          -4.04089
          -3.12219
           4.03130
           1.99754
           1.38338
          -0.56270
          -0.89338
          -0.86494
           2.36891
          -0.94087
           3.04938
          -5.21052
           0.05543
           2.06639
           0.05956
           5.13304
           0.15858
          -1.72695
          -1.33539
           0.81726
           4.36875
           0.26670
          -1.87085
           3.07591
           0.35743
           1.38387
           0.69302
          -2.91323
           1.96538
          -0.83295
           2.48838
           1.78351
           0.91063
          -3.20777
           1.14230
           1.02051
           0.20368
          -0.14293
           5.27233
           6.54032
           0.55084
          -3.60858
          -2.70616
           0.36872
           0.50772
          -1.54848
          -6.21576
          -0.81000
           1.73485
          -0.52807
           4.63561
          -2.74665
           0.84439
          -1.43361
          -0.52093
           0.10483
          -2.13837
          -2.15561
          -2.27531
          -0.31968
           1.52063
          -0.98944
           2.00533
           1.47743
          -5.52393
          -1.26935
          -0.42566
          -2.73527
           3.98830
           2.45547
           3.68284
           0.11766
          -1.37640
          -3.34404
           5.96835
          -4.37163
           0.48586
          -4.29380
           2.91242
          -3.61133
           1.44897
          -1.53352
          -6.24125
          -2.97561
           1.54533
           1.93608
          -0.64403
           0.18308
           0.20413
           1.41188
           1.45637
           2.46031
          -0.47820
           1.45485
          -2.28836
           0.26102
           3.38219
           1.32311
          -1.77332
           1.88309
           0.70010
          -1.00785
           0.08090
          -1.42296
          -3.16528
          -1.32946
           3.25530
           1.02077
          -3.96977
          -4.05515
           2.50272
          -0.30739
           1.84179
           1.96169
          -1.80145
           3.42867
           2.34293
          -1.22787
           1.10933
           0.16842
          -1.17391
          -3.67794
           0.43302
           3.67371
           3.92301
          -0.95235
           4.84777
          -3.39038
           0.95057
           3.52215
           4.17576
          -2.73093
          -5.04291
           2.36760
          -3.46965
          -0.65351
           2.85774
           4.65301
           0.73062
          -1.41352
          -3.74847
           2.31535
          -3.81258
           0.24062
           2.35402
          -1.48914
          -0.19342
           1.00923
           3.43179
           3.07826
          -4.57852
           0.76225
           0.00247
          -2.50375
           0.78027
          -6.11493
          -0.72146
           0.22264
          -4.07771
          -5.61553
           2.64050
          -3.85342
           1.35398
          -2.99186
           0.45278
           3.37525
           4.60429
           0.63936
           1.65046
           6.54607
           5.50463
          -3.62077
          -1.71735
          -2.12463
           6.06738
           4.98597
           3.98425
           4.29067
          -5.53155
           3.35033
           1.16292
          -5.07202
          -1.19805
          -3.65356
           0.75999
           3.42535
          -4.95116
           2.45513
          -3.59487
          -0.12896
          -1.53398
           2.96599
          -0.89898
          -0.88685
           3.22889
           4.58279
           1.66655
          -3.65162
           2.44467
          -4.29300
          -5.59597
          -2.44455
           4.31654
           0.12191
          -2.05275
           0.44310
           2.38857
          -1.77002
          -3.58437
           2.88368
          -5.94999
          -0.77240
           5.02826
          -0.42108
           1.71421
          -1.71254
          -1.19254
          -1.40373
          -3.17144
          -1.46714
          -1.12922
           4.88338
          -7.58400
           1.72797
          -5.78909
           3.08140
          -3.74603
           0.39252
          -2.54083
           1.61039
           2.68417
           1.02831
           0.33847
          -6.39794
          -4.18387
          -1.20799
          -2.21693
           4.02230
           0.99257
          -0.37294
          -0.07101
           1.70140
          -8.15246
          -4.12449
          -2.23076
          -1.13964
           1.89412
          -2.54804
           4.40099
          -1.99638
           2.38771
          -2.64540
          -0.46010
           3.23123
          -3.27063
           0.60297
          -0.59951
           1.38805
          -2.73668
          -0.28197
           2.75556
          -1.86633
           1.98483
          -2.47784
          -5.01392
          -3.20900
           0.24095
           2.01732
           1.22161
          -0.67122
           2.47815
           1.93565
           0.49623
           0.19784
          -5.00108
           0.32434
           5.69206
          -0.20379
           1.84787
           1.95788
          -1.61662
          -0.83561
           0.92134
          -3.33556
          -0.24459
          -5.20288
          -2.30232
           2.76932
           2.12370
          -5.37242
           3.04444
          -2.98044
          -1.59033
           2.04377
           0.90473
           1.63410
           2.36412
          -4.18928
          -1.14667
           2.93680
           1.27286
          -4.18155
          -3.01383
          -0.44267
          -7.09357
           7.39500
           2.53091
               NaN
          -2.10847
           1.83256
           2.29771
           5.21932
          -1.06174
          -2.32149
           0.82861
           0.07655
          -3.94536
          -2.85050
           2.87097
          -0.58261
           0.85773
           4.56598
          -3.45455
           7.09222
          -0.29069
          -1.86216
           2.63812
           1.39223
               NaN
           2.90841
           2.87165
           3.32357
          -1.55390
          -4.28697
           4.57397
          -5.67897
          -6.02415
           3.66394
           1.76009
          -1.38083
          -2.02746
           0.66300
          -3.59979
          -0.43015
          -2.40189
           6.30652
          -1.59653
           4.28728
          -5.34410
           7.87911
          -4.32886
           3.48336
          -0.25507
          -0.65459
           2.62826
          -3.57087
          -2.02524
          -0.64731
          -0.59657
          -1.30258
           0.61675
          -3.74618
          -0.11659
          -2.99534
          -0.36087
          -2.53600
          -2.07499
          -0.98295
          -6.82032
          -0.14349
          -1.26745
           4.92353
          -5.27598
          -3.76901
           1.50246
           5.87338
          -1.53735
           1.69206
           1.07006
           1.80309
          -0.23609
          -0.61207
           0.99254
          -3.53786
          -1.73969
          -0.15439
           3.24426
          -6.63276
           2.18474
           1.05906
           2.83667
          -2.12541
          -1.67971
           2.19689
           1.94049
           0.46177
           2.15007
          -0.97075
          -1.01437
           1.02780
          -3.31367
          -0.06833
           0.68558
          -4.82730
           1.55313
          -5.81274
          -0.63098
          -6.93302
           0.94729
          -5.15530
           0.05295
          -4.42012
           3.72926
          -4.22008
          -2.82047
          -6.60628
           0.69720
           7.38922
               NaN
           0.21395
          -1.65024
          -3.96091
          -1.34265
          -0.66747
          -1.13833
          -1.41671
          -0.59607
          -0.62651
          -5.19370
          -1.31014
           0.63158
          -1.73231
          -0.95584
          -1.02933
           3.66978
           0.47807
               NaN
               NaN
           4.04006
           0.14007
          -0.22305
           0.17677
           4.84721
          -2.39907
           1.57901
          -1.55453
               NaN
          -3.82961
           0.76398
           6.05263
          -2.25819
           0.07646
           1.50911
           1.40544
          -1.50032
           0.27104
           3.59205
           3.76210
           4.12470
          -3.37568
           0.76602
           3.91606
          -2.16196
          -5.09900
           2.19639
          -2.89482
           5.05183
           0.17007
           3.04423
          -2.07765
          -4.43670
          -5.83375
               NaN
           2.79803
          -3.28671
           0.95516
           6.41477
          -0.58959
           0.61590
           7.56800
           0.95161
           4.96608
           0.20403
           1.49818
           2.14684
          -0.23376
          -2.15807
          -2.99648
           0.73800
          -2.92635
           2.06159
          -1.92871
          -1.70870
           3.59031
          -2.76340
               NaN
          -1.88855
          -3.61603
           3.01887
          -3.69880
           1.16271
          -1.41667
          -0.64382
          -0.34025
           2.96206
          -0.09286
           0.14663
           2.67988
          -0.60194
          -0.14186
           3.66941
           3.90774
          -1.98005
          -7.47108
          -0.80491
           4.97682
          -0.38951
           6.43597
           1.94398
          -0.35595
          -2.02308
           5.35828
          -2.44316
           2.12677
          -6.56530
          -3.47673
          -1.27138
          -3.28762
          -1.64406
          -5.99683
           1.22760
          -3.14415
          -1.18167
          -1.97639
           1.72050
           0.19275
           1.24493
          -1.08751
           4.20171
          -1.42610
          -0.41964
          -2.58302
           1.85055
          -2.10126
          -1.43953
          -0.90363
           2.05113
           4.17326
           1.59468
          -1.16844
           3.63473
          -1.25573
           0.22960
          -2.41068
           1.59542
          -1.00278
           0.37273
           3.90642
           0.25688
           0.04510
           6.83551
           1.16549
          -4.77585
           5.33899
           1.83751
           0.11159
           2.42336
           1.28567
          -2.64021
               NaN
          -4.75498
          -3.99811
          -1.73394
           3.16923
           1.11138
          -2.55327
           0.40291
           1.50164
          -1.52262
          -0.18284
           5.45055
          -3.36266
           1.02359
           1.35494
          -3.50026
          -1.52553
          -1.75245
          -4.37113
           4.93785
           4.72757
          -2.43430
          -3.31303
           1.09295
           0.84687
           5.38642
           5.65677
          -1.15950
           0.00290
           6.89536
           1.26862
           0.81301
          -0.11919
          -2.28999
          -1.38030
          -1.93056
           0.66872
          -1.69376
          -8.06883
          -5.63699
          -4.20850
           0.83131
          -0.94120
          -6.51160
           0.04410
           0.63993
           0.39557
          -1.74091
          -3.29149
          -2.12618
           2.32974
          -3.79913
          -1.35474
          -3.67312
           3.82949
           5.86842
           0.09489
           2.35085
          -2.50907
          -3.14151
          -3.19159
          -3.81144
          -0.25698
          -2.04785
          -0.50808
          -1.50368
          -0.46776
           1.53468
           2.70348
          -0.45264
          -5.78640
           0.27738
          -1.73279
           2.40973
           2.54602
          -7.51239
          -1.47000
          -3.14167
          -1.90789
           4.70076
           2.53869
           0.30692
          -0.87243
          -1.37062
          -0.07544
           4.64577
           0.83399
           2.06029
           3.96179
           3.57005
           2.63657
           4.45994
           0.22421
          -2.03140
           0.28566
           3.51549
           5.85628
           0.93406
          -2.29950
           0.43000
          -0.03305
          -5.65600
          -2.65711
           0.10179
           3.97779
          -3.41894
           2.87368
           0.90849
           0.96747
           1.14747
          -3.54770
           1.59681
          -8.32561
          -4.88549
           5.76522
           2.32946
          -2.19412
           4.05602
          -6.84522
          -2.27333
           0.92471
           0.84286
           1.02478
           0.66583
          -1.86447
           1.33329
          -4.12707
          -0.37712
           0.08752
          -3.35715
          -0.53754
           3.85766
          -2.44096
          -3.18102
           2.34479
           3.15500
          -1.12080
          -2.66347
           2.27167
           2.81343
           3.83982
           0.70580
          -6.56405
          -2.56461
               NaN
           3.34766
          -1.61344
           0.02430
          -0.01772
          -0.97293
          -3.67727
          -0.36611
           0.91679
           6.75994
           7.07546
          -3.38895
           1.27476
          -2.72246
          -0.77928
          -3.95180
          -4.29145
           1.21889
          -4.05961
               NaN
           0.83487
           1.40923
           0.52184
           0.38614
          -2.58827
          -4.35438
           0.92430
          -1.70438
           1.29448
          -1.28834
           1.70000
           0.53895
           1.04232
          -1.32862
           2.35059
           0.19085
          -0.68786
           0.74822
          -2.05011
           0.56347
          -2.72015
          -2.63254
          -0.22300
           3.48335
           3.53284
          -0.45026
           2.44466
           1.38856
           1.47198
          -3.33515
          -5.12372
           0.13150
           2.67266
           4.78460
           2.11602
           2.59513
           0.41675
          -1.34994
           0.59798
          -4.16552
           5.34695
          -0.36879
          -8.09184
          -2.72436
           1.99072
          -3.48460
          -0.57679
           3.72422
          -4.20367
          -6.02800
           0.20542
          -0.30098
          -5.80337
           6.23754
           1.40164
          -2.33715
           1.63622
          -6.11264
           3.28624
          -5.50718
          -2.67854
          -2.72352
          -5.54941
          -2.18464
           3.87894
          -0.76980
           3.51331
           0.44060
          -1.66825
          -2.14926
          -4.76705
          -2.46850
           3.79657
           2.14508
           1.17108
           3.82344
           1.79995
          -2.09470
          -3.47641
           0.76203
           2.20947
          -0.31831
          -2.06005
           6.27630
          -3.17404
          -1.16757
          -4.84845
           2.67004
          -3.63389
          -0.53105
          -2.60180
           0.26436
          -7.87172
          -3.25100
          -2.56796
           1.37647
          -6.61521
          -6.94227
          -0.59042
           1.26868
          -0.30222
           6.89877
          -6.57308
           0.79442
           0.78650
           2.27766
           1.91154
           6.61226
          -8.73102
               NaN
          -0.17280
          -2.16124
          -5.54454
          -2.07736
           7.24458
          -5.74318
           0.12936
           3.92395
          -5.76233
          -0.19156
          -2.10333
           0.67801
           0.51018
           5.00932
          -3.46237
          -5.65829
          -2.11928
          -2.42825
          -0.34666
               NaN
           0.33631
           1.18764
          -2.94162
          -7.11790
          -2.37538
           4.00915
           3.84796
           7.31163
           3.34753
          -4.30501
           0.57399
           4.28180
          -2.17399
          -0.52783
           7.13074
          -5.79034
           2.72991
           5.21894
           0.74915
           3.35319
          -3.31137
           1.80550
           4.96110
          -4.12695
          -1.95389
          -1.11313
           3.14556
          -1.19383
           3.05667
          -1.51943
          -4.69544
           0.80199
           7.36076
           8.16357
           3.43736
           3.54559
           1.40059
           0.52533
          -4.82214
          -5.99720
           6.32386
          -0.80633
           0.46165
           3.98165
           5.47534
          -1.63131
           1.48002
           2.74738
           4.87838
          -2.85872
          -1.06977
           1.13696
          -1.05943
           2.36249
           1.03057
          -3.56191
          -0.17058
           4.88991
           0.92376
          -3.09443
          -1.49209
           0.15243
          -2.13682
           1.02299
          -6.73536
           1.10330
           4.45591
           4.30198
           3.80173
          -0.09063
          -1.77681
          -0.49169
          -2.48302
          -6.05445
           3.99892
          -1.01402
          -0.48025
          -3.06134
          -0.80585
          -0.88377
           1.66645
           5.52341
           0.00137
          -0.33237
          -3.10388
          -5.40786
           7.62830
          -3.35678
           1.77802
          -1.57746
           1.27311
          -0.70340
          -1.38730
           2.46834
          -2.71427
           1.84836
           2.39884
           1.30041
          -2.55587
           6.62138
          -1.27319
          -3.79408
          -6.22157
           1.74747
           5.36916
           1.09157
               NaN
          -2.74431
           0.63298
           3.21936
           1.20861
           0.22223
          -1.60232
               NaN
           0.05772
           2.01349
          -4.11042
          -4.71602
           1.07140
           0.68274
           1.45278
          -2.61348
           3.96922
           0.86361
           3.44918
           0.40947
          -6.38416
          -1.94968
           1.29344
           0.27491
          -1.72245
          -5.42143
           3.08517
          -0.56487
          -1.63506
          -1.85270
          -3.24030
          -2.35719
          -3.93425
           2.61343
           4.77944
           3.87298
           0.01620
          -1.62771
           0.06563
           3.30245
          -2.60702
           0.29027
          -7.55873
           0.49865
           1.28077
          -0.08472
           4.95007
           1.65322
          -1.04801
          -1.94853
          -0.11630
           3.07219
          -1.03854
          -3.03567
           4.66366
          -1.11334
           2.54979
           1.55049
          -2.93762
           3.37993
          -1.31602
           1.08898
           1.47245
           0.29607
          -3.41062
           0.97053
          -0.52907
          -0.03783
          -1.18024
           4.76114
           5.71007
          -0.70242
          -3.61973
          -3.42316
          -1.09768
           0.43765
          -0.66200
          -4.81465
          -3.35142
           2.02874
           1.08273
           4.07073
          -4.07572
          -0.83663
          -0.21281
          -1.69525
          -1.49614
          -3.42700
          -4.72285
          -2.28702
           0.92011
           0.72908
          -2.35833
          -0.15311
           0.00549
          -6.41991
           0.44874
          -2.01800
          -5.08680
           5.17790
           2.35734
           4.29320
           0.93616
          -5.05710
          -4.79382
           8.22894
          -5.03115
          -1.70824
          -4.05856
           3.76048
          -5.81232
          -0.12896
          -0.92081
          -6.46843
          -5.43442
           1.31360
           1.64251
          -0.40276
           2.68774
           0.65412
           0.94738
           3.00327
           5.00714
           7.73398
           1.82393
          -1.01703
          -4.00440
           2.07820
          -0.06795
          -2.17480
           2.20203
           3.89067
          -3.92209
           2.29823
           1.15588
           5.16218
           1.95618
          -1.44799
          -4.58692
          -3.10260
           0.77374
          -0.21069
           0.86693
           5.33633
           4.07031
           1.94130
           3.47464
           5.05215
           0.35301
          -1.46567
          -3.71768
          -1.36594
          -0.28696
           4.10365
          -1.98485
          -0.03582
           1.10115
           1.99624
               NaN
           3.05581
           1.24546
           1.55195
          -2.48028
          -4.98660
           1.46857
          -2.63857
          -0.66653
           1.22882
           4.01365
           6.28091
          -3.06800
          -0.41422
          -3.97635
          -0.43615
           2.58351
          -2.74173
           1.38800
          -0.83550
          -1.67196
           4.81204
           1.10688
          -2.18742
           0.68134
          -0.66299
          -0.13565
           3.31686
          -2.86319
          -0.33776
           3.46874
           0.35651
          -5.38267
           7.97309
          -4.68514
           3.98142
           1.95361
           0.81998
           4.31198
           1.79015
           4.48131
          -0.61071
           1.43031
           2.09890
          -5.12582
           1.57856
           8.33354
               NaN
           2.55081
           0.80602
           1.69467
           3.72398
           0.54288
           1.48563
          -2.32971
          -2.48590
          -3.17602
           4.41401
           2.18200
          -1.52617
          -1.51120
          -4.20857
           2.47544
           0.74256
          -0.51652
          -0.26083
          -0.45720
           0.04613
           1.79353
           7.42939
          -6.06359
          -0.36363
          -2.93730
          -0.84857
          -1.71914
           2.77586
           2.16786
          -7.36123
           2.38731
           2.83485
          -1.62404
          -1.15033
           5.15443
           3.86968
          -1.11649
           4.74801
          -4.29575
          -2.90893
           1.50872
           2.45099
          -1.03606
           4.09969
           0.54259
          -0.07658
           5.51719
          -3.94810
           2.91254
          -4.58746
           3.67264
           0.80587
           1.08531
          -1.45183
           4.72756
           1.87616
          -1.04047
          -1.31409
           1.77236
          -2.51151
          -1.49083
          -0.15375
           1.41551
           1.07262
          -3.20155
           3.28729
           2.50263
          -2.99865
          -0.71667
          -3.96112
           1.97057
          -0.96597
          -3.93862
           4.90851
          -1.31775
           3.54236
           1.25774
          -5.00027
           1.34306
           5.42510
           1.80215
          -0.32915
          -2.67881
           5.01753
          -1.18965
           3.21782
          -5.47201
           2.54347
          -1.75907
          -2.17192
          -1.72373
           3.62352
           5.16102
           4.51306
           6.95315
          -1.88980
           1.16605
           1.10203
          -0.74394
          -3.76483
          -1.28722
           6.92581
          -2.29393
          -0.81672
           2.26079
          -1.08594
          -0.31931
           3.78121
           0.46582
           2.58922
           2.32464
          -2.19624
           0.19614
           6.03497
          -2.45123
          -0.04545
          -1.00782
           0.72293
           2.38376
           6.13682
           2.19704
          -1.00846
          -4.35219
           0.83043
           3.86998
           0.91715
          -1.72130
          -2.07265
           4.23066
          -0.15985
           1.12262
           2.00239
           0.41392
           1.71596
           2.77454
           0.16230
           6.01871
          -1.65166
          -3.41361
           0.85604
          -0.55060
          -0.00727
           0.85174
           0.41976
           1.55532
           2.62801
           0.02507
           0.34411
           1.31486
          -1.59899
          -7.50892
          -2.97593
          -1.64573
          -4.08090
           7.08138
           1.99651
           7.93915
          -0.76539
          -2.30604
           4.33656
          -3.74005
          -3.31095
           4.59046
          -2.18490
          -2.85199
          -1.99928
           5.26955
           1.91704
           0.29379
           2.33424
           0.47539
           2.64565
          -0.51838
          -4.22798
           4.51702
          -2.83819
           1.09251
          -2.82274
               NaN
           2.45000
          -3.68682
          -3.58696
          -3.35404
           5.41634
           5.42731
          -2.09412
          -1.08238
          -3.89714
           3.23095
           2.17442
          -1.39471
          -3.37534
           2.56072
          -2.18527
           2.03163
          -1.78608
           5.54086
               NaN
           0.79049
           0.73844
           2.98563
          -3.94142
           1.36368
           4.26744
           2.79174
           5.37185
           2.99130
          -2.07293
          -4.09666
          -0.96457
           4.69270
           0.00066
          -6.34017
           6.99837
           2.97720
          -0.34057
          -6.33636
          -1.54525
           1.73084
           4.26983
           1.56770
           0.64909
          -2.58033
           0.41332
           2.46931
          -2.73670
           7.40860
           0.16680
          -0.46558
           1.94018
          -0.98458
          -1.32827
          -1.42375
          -0.78983
          -6.03240
           0.69580
          -0.38173
           2.13432
          -1.79917
          -6.25316
          -0.32382
          -1.07561
           5.38439
          -6.06113
          -0.38879
           1.66300
           1.67592
           3.48805
           0.54688
          -3.22917
           0.82131
          -1.70378
           2.38096
          -0.32616
           2.02277
          -0.46707
           2.74407
           3.96709
           6.28575
           0.03719
           1.72480
          -6.20817
          -7.69115
           0.88509
           2.32792
           0.32136
          -2.57014
           7.86265
          -4.49384
           6.68027
           1.53154
           2.10323
           2.59308
           0.19256
           1.45171
           1.51524
           2.31659
          -2.58109
           0.32980
           2.21111
           4.22134
           2.49558
          -0.88330
           1.89026
          -5.91497
           1.70805
           2.89127
           0.87789
          -2.19121
           3.79715
          -1.31145
           6.98137
           2.94414
           1.24286
          -3.70994
          -3.69095
           0.67017
               NaN
          -0.32393
           0.11041
           4.58382
           4.48459
           1.09148
          -1.70178
           9.05502
           1.10314
           2.82253
           3.34393
           2.96276
           2.30988
           5.92189
          -4.67289
          -1.65422
           0.07610
          -0.36626
          -0.09909
           8.80143
           2.03378
          -0.34867
          -4.42803
           1.53288
          -1.00478
          -4.28994
           5.25863
          -4.61863
           1.37096
           1.34041
           2.95361
           0.12534
           0.91000
          -4.14131
          -2.95257
           6.39727
           3.76958
          -0.79378
           3.59140
           4.43892
           0.75149
          -7.89914
          -2.68471
          -0.66551
          -3.06250
          -3.51619
           2.82915
           1.59351
           0.89030
           3.81151
          -3.49731
           5.68064
          -3.87807
          -0.07292
          -4.27186
          -5.62137
          -1.16617
          -4.83194
           5.38645
          -6.01374
           0.22785
           4.90540
           0.11068
          -0.05907
           0.90777
           1.08219
           1.75003
          -4.18392
          -4.88247
          -3.32539
           8.40166
           2.15524
          -1.65028
          -1.63114
           2.79037
           0.98898
          -0.24837
           1.62167
          -1.22089
           3.50998
           6.00473
           0.28235
          -1.37785
          -5.82769
          -0.40843
           1.30535
          -1.92026
          -1.89059
           4.43705
          -0.70392
          -3.12386
           4.09793
           1.85132
           0.32276
           2.52129
           0.03802
          -1.72830
           8.96914
          -0.63010
           2.18217
          -0.50227
           4.49661
           5.90612
          -1.80684
           3.55049
           3.90803
           1.00824
          -1.95469
           3.90059
          -4.28086
           2.86988
          -0.95496
          -2.85420
           0.70209
          -1.47382
          -3.64820
           3.14103
          -0.79374
          -1.38671
          -3.65960
           2.82713
          -1.37155
           0.03349
           1.26987
           2.38884
           4.88937
               NaN
           5.67369
           7.76323
          -3.21820
           0.09764
           1.53993
          -0.15355
          -3.12669
          -4.53223
          -6.75587
           3.66538
          -1.02406
          -0.78330
           4.88132
           1.51856
          -0.88997
           5.26224
          -2.11310
           1.19054
          -4.04002
          -6.78683
           1.97607
           0.45891
           1.62749
          -3.27012
          -1.10595
           3.80322
          -1.37573
          -1.15474
           1.28070
          -0.88501
           1.85052
           0.93788
           2.42914
           2.91153
           5.20133
           4.00703
          -5.55297
           3.24965
           1.52986
           0.33144
          -0.54647
           0.29393
           1.53803
          -1.02454
          -1.89097
               NaN
          -3.12717
          -2.44244
          -4.45403
           4.50566
           2.68483
           3.11998
          -1.37355
           1.81638
           4.82919
           4.94269
          -0.73593
           0.40769
           4.46085
           1.61248
          -2.64813
          -0.72285
          -1.61474
           2.38974
          -0.81300
           7.85664
           5.47935
          -1.21456
          -2.34418
           1.69393
          -2.43959
          -3.59311
          -5.48709
          -3.10862
           0.67107
          -1.11862
          -6.42861
           1.44705
           1.39508
           1.56322
          -0.50412
           2.48799
          -4.96439
          -3.14895
          -0.96784
           2.14570
          -3.08307
           3.61763
               NaN
          -1.52474
           6.14186
           0.57733
           2.76827
           2.05401
           1.65434
           2.59642
          -1.28859
           1.49197
          -2.12054
          -0.25324
          -2.37024
          -0.79235
           0.86163
          -3.03991
           2.64376
           1.78294
          -0.70246
          -2.56010
           6.01263
           1.89682
           4.69974
           0.97471
          -1.73864
          -3.49412
               NaN
           5.51074
          -2.06945
          -1.62661
          -2.20926
          -1.64631
           0.79210
          -0.11716
          -5.03261
           4.95022
           7.39574
          -0.51959
          -3.88810
           0.98140
          -0.37765
          -2.40869
           0.64167
          -1.14839
           4.60973
               NaN
           2.30247
           4.85751
           6.18183
           0.58085
          -2.90164
           1.77599
           0.14977
          -5.52691
           4.31504
           1.45765
           4.68473
           2.49821
           6.71181
           1.31979
          -3.65958
           5.92278
           0.59697
          -2.40629
          -2.84639
           4.07071
          -1.42245
          -0.53310
           1.52098
          -2.99598
           6.28166
           0.78531
           5.02000
           4.63965
          -1.35256
           0.92690
          -3.81455
           3.99886
           3.94068
           2.44807
          -0.19526
          -0.45568
          -1.99817
          -5.36700
          -0.07535
          -3.29388
           2.17679
           3.87074
           1.03239
          -4.07209
           6.24107
          -4.77149
           5.24734
           3.69299
           2.07285
          -4.89655
           0.51100
           0.14197
           4.49009
           8.75245
          -3.06638
          -1.72252
           4.66341
          -1.97113
           3.88433
          -0.46176
           1.38833
           0.57840
          -2.42709
          -7.81081
          -0.81316
           2.30138
           3.99125
          -3.26522
          -3.81763
          -0.49146
          -4.16459
           0.03862
           0.81940
           5.87452
           0.70100
           1.83628
          -0.15957
          -1.44623
           2.37892
           1.03468
           1.84349
           0.91084
           4.29734
           8.98285
           0.97748
          -6.52194
          -5.74953
           6.62869
          -2.04406
          -0.48325
          -5.59190
           0.46225
               NaN
          -0.64996
          -4.50940
          -0.06816
          -3.87894
          -3.17754
          -3.13128
          -0.38168
           4.79064
           4.08781
          -0.66856
           1.23311
           7.60121
           0.25559
           3.65470
           8.85211
           0.63380
          -4.03867
           2.78558
          -2.26247
          -2.32721
          -0.52862
           5.07842
          -1.47504
           2.62656
           3.41512
          -3.81693
          -0.59573
          -4.37462
           0.41741
          -2.69666
           7.11610
           0.36935
          -7.77457
          -6.57625
           0.25292
          -3.86322
          -4.90156
          -0.09749
          -1.84189
          -1.41380
          -1.62581
           0.88293
          -1.39271
           0.63738
          -4.04003
           4.91718
           3.29837
          -1.05308
           5.90548
           2.57571
           3.89438
           0.83187
          -6.53365
           4.96724
           2.76011
           1.31872
           3.93682
          -2.20818
          -4.44022
           7.85547
          -0.87971
           2.00374
           0.51247
           1.69014
           3.10411
          -2.04743
          -1.85847
           0.28477
           3.46590
               NaN
           4.45869
           0.50031
           0.86857
           3.62222
           0.52811
          -0.43861
          -4.97396
           2.05437
           0.08175
           4.17846
           3.21124
           3.52268
          -2.88350
           0.44534
          -1.48456
          -1.31283
          -3.27559
          -3.92542
          -1.22479
          -1.40984
           4.04734
           1.31645
           1.12919
          -1.54460
           7.78221
           1.05024
          -1.92037
          -3.68550
          -0.06856
          -1.37665
           2.75533
          -5.39053
           1.59082
           0.66567
           3.87047
          -0.68664
          -0.11771
          -4.94592
           4.75490
          -1.92793
           0.53685
          -2.78209
          -0.22857
           3.60823
           1.90503
           4.17255
           2.92951
           5.96449
           3.48933
           0.77389
           1.74810
          -4.39340
           1.58216
           2.78576
          -2.96178
           2.62048
           0.87041
           2.29066
          -1.33314
          -1.76481
           4.71310
          -1.05077
           0.24048
          -4.77705
           4.84916
          -5.52533
           3.82619
          -0.69858
          -4.22780
          -2.18496
           0.47701
           3.44972
          -0.37976
           5.00912
          -0.27614
           3.26078
           1.18243
          -2.25766
           4.13114
          -4.21461
           3.93843
           5.15195
          -1.35479
          -3.50431
          -0.88535
           0.40551
           1.67247
          -2.71842
          -2.37078
           3.03147
          -3.88159
           4.82532
           1.75162
           2.04859
          -1.62074
          -1.08656
           1.73933
          -3.68191
          -1.78352
          -0.20908
           3.68107
           7.73542
          -3.68631
          -0.72320
          -6.80389
          -1.78959
           6.35808
          -2.56765
          -2.70213
          -1.51270
           0.31167
          -2.39205
           0.83694
           1.79334
           7.57717
          -1.35703
          -0.67191
           3.35563
           0.29633
           5.43329
          -2.29415
          -2.84113
          -0.32920
           2.34925
           6.49646
           2.40864
           0.04066
           0.47038
           2.77100
          -0.52944
          -0.71411
          -2.87321
          -0.35595
          -0.04022
           4.78483
           2.29397
           1.91914
          -2.87488
           1.42416
           3.56342
           0.60002
           1.55933
           6.11119
           7.90279
           2.60747
          -3.59029
          -1.52953
           2.77514
           0.62271
          -3.00323
               NaN
           3.36054
           1.25257
          -3.17144
           5.56258
          -0.56562
           3.60301
          -3.43697
           1.40616
           2.73207
          -0.02368
           2.05731
          -2.25608
          -2.35422
           2.81959
           1.25694
           5.54740
           3.89293
          -4.05358
          -4.08880
           2.18743
           1.12365
           2.03612
           2.61652
           2.68120
          -1.22554
           4.66375
          -0.96491
           2.25865
          -3.28934
           4.08644
          -4.67982
           1.52071
           0.00057
           4.03840
          -2.53900
          -5.86843
           1.05938
           1.92560
           2.41785
          -1.03997
          -3.92715
          -0.53433
           2.17412
          -1.08215
