          -3.83561
          27.07277
          -2.02413
          -9.54502
          33.47165
         -13.73520
          17.41470
          16.53131
           5.09397
          45.12596
           2.49500
           7.92587
          12.00363
         -15.43407
          15.71836
           2.93220
           4.28227
          23.81673
          25.37874
          21.27789
          -4.29405
         -16.84751
          23.54480
          11.46167
           8.04309
          15.06887
           2.98570
           1.45464
          29.60062
          13.44388
          12.75928
           7.15177
          21.18745
          23.73823
           6.93342
          18.42166
         -14.14328
          -5.18290
         -11.31554
          33.03206
         -19.89687
          13.01343
          20.04335
          11.11292
          -0.27853
          -2.38279
          22.07906
          10.92258
          11.14300
           6.42582
          -2.63220
          32.98088
           2.73139
          15.52832
          -1.77670
          -3.24084
          -2.49246
         -13.46542
           1.64700
          19.68246
          26.50110
          35.58311
          15.29726
         -16.72491
           9.10647
          36.86570
          20.55147
          -4.98550
          -6.39592
          32.57194
          12.66521
          -0.25376
          39.53583
          47.85942
          14.51726
          38.13701
           1.07336
          -4.86687
         -32.19262
           4.62683
           2.91400
           4.99582
          32.31974
           0.88646
         -11.39322
          10.62077
           8.25353
         -22.69254
          32.11616
           9.86477
           9.84740
         -12.58324
           8.25093
          34.31625
          -1.45510
           7.21815
           1.79316
         -12.98166
           0.71993
         -14.55098
          14.71457
           3.80995
           0.55431
          23.17994
          23.56202
          -8.20935
          -7.57529
         -10.08451
         -12.40286
           1.34811
         -12.94877
          40.64620
           3.65504
          15.45750
          -9.20626
          10.99974
          -9.11361
           5.94846
          34.05016
           7.57573
          -0.53186
          17.66817
           0.77687
         -14.65969
          14.30901
           2.95620
           7.24684
          26.50004
          -6.61979
          17.45213
          -1.95445
          -7.27507
          -1.99187
           8.72266
          14.24640
          -9.23488
           3.02547
          -1.90645
          21.51750
           9.33803
          27.12660
          25.06397
          33.50871
          22.15896
         -10.35228
          28.06989
           4.04410
          -7.85373
          -3.65029
         -26.14834
          -1.17594
           8.61247
           8.83342
          -5.65909
         -18.53995
          -6.96601
           3.08835
          16.94477
          -7.21631
          21.12922
         -22.69227
          20.73495
         -30.21754
           1.08229
          18.47263
         -24.72718
           7.39130
          -4.50012
          15.39951
           2.50414
          -4.72869
         -17.71733
          -3.71460
          18.37900
           8.76380
          10.12581
         -30.63413
           5.61960
          -6.30048
         -33.84751
           8.28014
         -12.84078
          -3.84640
          30.43130
         -16.41970
          39.47813
          28.61157
         -26.90608
          14.08631
           7.00879
          35.07562
         -18.94661
          22.37290
           4.90561
         -29.75099
         -14.44631
          13.46969
          -1.60333
         -21.81327
           1.85970
          20.53872
          13.08258
          33.85880
          -9.72431
           3.36456
          -6.18015
           8.01597
          34.87356
         -10.60602
           0.35168
          29.83861
           2.43303
           2.26465
          28.68025
          -4.78779
           5.14156
           8.24791
           2.28580
          -3.97646
          13.37470
          26.92563
         -29.14225
          13.46243
           5.08659
           1.56801
           0.83739
           9.12233
          13.38564
           0.26222
         -17.78780
          -3.65371
          34.32525
          22.23838
          -7.40812
          -6.98803
          21.57891
          40.12787
         -20.21592
         -13.06353
           6.76648
         -26.25219
          21.63115
          -5.74640
          25.30024
          -3.95926
           0.77553
          34.67262
           4.85756
         -10.87773
          16.58823
         -23.01176
          15.16961
          17.17094
          12.86989
           6.88052
           2.39598
          -2.54256
         -19.20811
          -1.82214
          -4.61373
          23.10077
          -4.48993
          -8.66300
           5.44702
          16.85042
          12.93376
           9.30655
          -6.17005
          22.33407
           0.53296
          25.43829
          -1.12310
         -12.88837
           6.12659
         -20.69005
         -24.33698
          26.50604
           0.73676
          -6.54903
         -11.03360
         -10.31296
          -4.77922
           3.23250
          19.45133
           0.49374
           5.07173
          -8.57492
          -0.44062
         -13.72782
          23.24129
          23.34248
          12.07007
         -19.70198
          20.72140
         -18.17335
           9.43005
          -0.19773
          -5.83238
          17.41095
          11.84195
         -20.25335
          21.88367
          -0.61300
           5.21980
          -9.22536
          24.37735
         -14.95211
          10.64093
         -19.32656
          18.64824
          -5.33769
          18.65618
          40.30088
          -7.92887
          11.02289
          26.24674
           3.58608
          16.19801
          12.76952
           0.30558
          12.90608
         -27.87173
          20.05720
         -13.90879
          -6.19258
          22.23096
         -20.54288
           5.67853
               NaN
           0.21958
          -6.43485
          16.71822
           1.66291
         -18.96730
           5.64264
          -2.73439
          15.38618
          25.91459
         -12.29937
           1.72891
           7.15889
          10.70188
          25.00703
          -5.67324
         -24.25099
           7.74271
          11.54732
          -9.76913
         -19.06194
          24.19261
           2.57874
           1.65860
          20.75736
           7.19944
          10.18451
          18.14001
           1.77160
         -16.36722
         -28.19877
          -9.26401
          16.97624
          21.72189
          16.81913
          -0.37353
         -16.81656
         -13.41145
          -8.69785
           7.14437
          -9.52502
          -7.43357
          -5.18149
           2.45146
         -13.90498
          23.60685
           5.50882
          15.80751
          22.17792
          25.82136
         -22.80836
          18.09722
         -21.46719
         -24.85572
         -25.95879
          11.45996
               NaN
         -18.24753
         -20.36037
          17.65011
         -11.76519
          -0.13943
         -12.89611
           2.47003
          -4.63841
          10.37811
               NaN
         -29.25027
          -5.39474
          -8.67557
          15.86225
          14.92616
          -0.62746
         -10.49924
          -8.65880
         -11.58913
           1.01205
           4.49377
          13.28764
          10.30576
           1.95416
          -3.44143
           0.83895
           8.47284
          -2.99920
          30.24962
          -2.55911
           3.39526
          -2.66216
          15.32185
          24.65316
         -19.84544
          19.09766
          28.38674
          11.22770
          30.10555
          34.00525
         -10.02870
         -12.89714
           3.34612
          24.90639
           2.90540
          21.32030
          19.34419
           4.45688
           0.39253
         -30.20039
          17.12622
          -6.90048
          24.99788
         -10.46990
          -0.78814
          29.47098
          -8.78507
          14.55657
          -7.11927
          17.69105
          24.09713
           8.36074
           5.84935
          -7.35949
         -12.59204
          10.16975
          21.25605
           1.18217
         -13.99392
         -29.71551
          11.53903
         -12.88444
         -17.41173
           5.84152
         -10.81256
          32.40169
          26.13040
           2.09068
          33.55520
          17.57685
           9.02839
          11.24581
          42.60135
         -37.65149
          -6.74954
          -2.03795
          13.81989
          18.78027
           5.14181
          39.34432
          23.88440
          -8.56893
          14.85656
          17.01534
          26.27810
          41.44298
          -6.83785
          -6.22599
          -0.95111
           6.93851
          14.66209
          -6.27533
         -17.39378
           7.37557
           2.87998
           2.17025
         -15.39517
          -9.38927
           5.04019
          10.03529
          24.00943
           8.50300
          26.86309
          -8.30456
           3.08112
           9.29121
           3.35566
          -2.58317
           3.33837
           8.17977
          -2.40978
          27.00340
           7.72426
         -16.64463
           9.79242
           6.17615
          25.28381
         -22.19103
           9.60844
          15.22416
           9.02093
           3.39033
           9.97369
           7.77856
         -17.74321
          20.62995
          40.24776
          -9.66693
         -24.54381
         -11.74239
           9.82970
          27.75386
          -7.76958
          25.66662
           6.29078
          19.87632
         -24.16981
         -11.21577
          -7.98878
         -21.15158
          14.62857
          27.85805
           7.22587
           3.55630
          -5.78690
           7.80526
          -7.09183
          15.14296
          24.71098
          -5.31204
          21.53128
         -10.20244
         -26.68526
          30.66658
           5.08851
           5.76619
          -6.25701
          21.50764
          -5.51165
           7.75182
         -17.02770
          -1.54050
          -6.34657
          16.16879
          22.30026
          14.30388
           7.78231
           4.30833
          -0.81640
          28.07228
          -6.19200
           5.15468
           2.42478
          -0.37711
         -16.31785
         -16.52842
          10.39134
          27.15988
          26.42494
         -33.80521
           5.31871
         -22.43590
          -6.46754
          -5.50327
          17.49199
          26.10851
          -6.20801
           5.57015
          26.72974
          -6.03971
          10.94882
          -6.46628
           0.37038
          10.75762
          29.87422
           8.97634
          -6.52412
         -32.65433
           8.99636
          33.56230
         -21.17118
          30.40971
          -4.92322
         -11.27526
          32.97907
           0.76329
         -17.25993
          -7.33584
          -9.84620
          -9.64933
          16.55577
          10.65928
          17.65438
          25.03860
           5.96375
         -15.53109
           0.33442
         -23.69984
           2.07207
         -36.23153
         -19.67863
          -5.69239
          22.73370
          -8.96571
         -28.54596
           5.84912
         -11.05156
         -18.77778
          -1.16208
          16.60389
           2.23427
         -23.93105
         -12.17507
          -2.79989
           5.62837
          22.53677
          -1.22534
           8.65214
           3.02962
         -10.51748
          -9.77440
          16.16222
          26.96595
           5.05216
          18.41251
          -7.87567
         -10.35587
          -8.96925
           4.18635
          11.14667
          -0.52008
          17.15095
          -3.24566
          16.81235
          -4.26663
           0.40784
           4.32224
           1.90504
          15.77392
          35.41317
          17.75457
          -9.52250
          30.99896
          -8.35178
         -10.49111
           9.67246
          17.01551
          11.82234
          18.02128
           9.93068
          11.69204
          44.53075
           6.63329
         -14.51348
          -7.36102
          16.18504
          11.31777
           7.13763
          11.21830
          24.81734
          27.22956
          -2.92607
          29.95775
          -7.78468
         -15.16642
          26.38977
          11.40671
          11.88302
          24.81578
          16.16767
         -24.06774
          10.92895
          -4.14596
          -4.02988
         -10.17145
           0.33242
         -13.72809
           7.93880
          -0.56551
          -1.08107
          -4.50182
          23.65547
          -1.79285
          22.17772
          25.29576
           1.68101
          -4.84009
          37.38741
           4.74235
          -6.77152
          -1.49238
          -6.64055
          -4.12244
          26.91228
           9.47161
           8.08370
          -7.81649
          13.07761
          33.54107
          -2.86853
          10.52891
         -11.72295
         -11.03205
         -26.25899
         -10.55159
          18.29231
           5.68432
          23.53653
          17.11641
          17.39613
           8.70228
          -4.38081
          -3.45033
          21.98139
          45.99747
          40.00791
          -3.81246
           3.56356
          -0.35323
           5.62537
          -9.73569
          21.87746
         -12.30918
         -24.82026
         -12.14630
          22.33733
         -13.78379
          15.97453
          18.65192
           2.08609
         -15.34804
           6.07339
          21.65170
          -6.22176
          -9.69343
          -9.40534
          24.58202
           4.84606
          13.05681
          -7.19223
          17.79623
          -3.66218
         -10.79548
          -5.28387
          14.04602
          35.36734
          12.55721
          20.02609
          -9.43774
         -33.46680
          -7.13075
          -0.79408
           6.85034
         -20.31887
          23.29476
           9.60765
          -0.58074
         -13.47720
         -12.19513
          16.20177
          -9.51377
           7.27197
          -9.37501
          15.49407
          13.65309
          -4.83124
         -11.69261
          28.39707
         -10.18529
          13.09710
          20.86252
           7.77174
           7.14815
           2.28975
          -3.80750
           4.74032
          12.59853
           0.63672
           3.34987
           2.22167
          -1.76464
          23.84763
           7.05092
          -5.79354
          -5.66334
         -22.71038
          -5.98322
          -2.26557
         -25.52140
           2.67159
          22.71463
          10.02225
           1.01861
         -15.12833
          28.63790
           6.81851
         -15.63209
          15.04915
          -3.88789
          -4.23401
         -16.82930
          -2.49484
          34.67641
          13.34379
         -24.67268
           1.35267
          -5.62789
          -5.00446
           2.80080
          -4.19484
          14.04433
         -22.11227
          -5.83361
         -23.13564
          34.66664
          12.81162
          17.12704
          -4.83136
          16.49805
           7.76128
           7.43417
          -9.67556
          11.78107
         -18.71660
           3.09616
          17.06652
          24.19569
          -3.77291
          32.69803
           1.43625
          22.79803
          -6.05389
          13.16031
           6.39431
          15.78930
          -1.76330
         -15.65821
          27.47763
           7.68472
           1.79011
          37.97152
           2.63284
          25.04997
          20.47792
           5.47870
         -22.51991
          32.09079
          21.77134
         -20.04596
          35.35919
           1.25604
           7.65194
         -11.60772
         -12.04645
           6.23756
          -6.80889
           4.50442
          -4.65596
          30.30041
           6.66192
           6.64247
          29.70249
           2.20110
           3.26627
          20.63988
          23.51932
          17.66099
          11.73912
           0.76270
          -5.33423
          12.75232
          17.30461
          10.77266
          -5.48930
          -9.35083
           9.43089
               NaN
           2.18989
           4.16962
          -6.09279
          13.51784
          13.17445
          17.69924
           6.85472
          25.23975
          14.03588
          -0.10622
          11.78314
          15.08638
           3.24762
          -5.68374
          20.03857
          11.52492
          -0.97364
          28.59558
         -23.41854
               NaN
         -27.08210
           5.89726
          27.30701
          -9.74596
          18.73029
           7.69077
         -11.38028
         -15.30718
          -3.58695
          17.01315
         -12.60747
           3.59142
          49.29202
         -10.94104
          36.41044
          11.18381
          -8.39082
          29.71772
         -18.32371
           5.86201
         -21.08948
           6.63364
          21.73256
         -10.38581
          13.62645
          -0.01598
           5.07718
           3.57483
          -3.04979
          13.84052
         -12.93427
          -2.10429
         -18.20701
           5.38980
          14.57050
          11.67083
          27.78417
           2.09430
           5.38902
          32.04199
         -12.25488
         -14.40007
          23.90367
         -17.01607
           6.60839
           3.06022
           0.04474
          13.49188
           5.33220
           5.34940
           7.23307
          14.78844
          25.97787
          28.53857
          -4.30905
          -6.61816
          -6.06135
         -10.67428
           1.31273
          -4.98149
           4.87670
          -8.52036
          17.03415
          31.73441
          -6.68640
          -9.92655
         -14.01169
           9.85438
         -11.50696
          11.39296
          28.12246
         -13.64058
          12.08459
          28.60672
           9.63514
          25.93178
           8.89099
         -21.92448
          29.67308
           6.83972
          19.66116
          38.20286
           1.79158
           1.18406
           6.00511
          19.72269
          -3.76428
          16.30568
           3.08179
          -5.22603
           2.60399
          -0.63352
          -5.23436
           7.61974
          -7.36690
          -1.35369
           4.68144
           1.69921
          -2.23860
          -1.67896
           4.20835
          -4.32224
          -4.15392
          -5.06950
           2.90384
           1.04437
          -2.12606
          -0.89036
           2.32693
           1.28328
          -3.55229
          -2.27785
          -7.98506
           0.42967
           1.81833
          -4.79391
          -2.50104
          -2.06371
          -0.20391
           1.42682
           1.73598
          -4.53543
           4.65422
          -5.18246
           3.79118
           0.94939
           8.29421
           5.18396
           4.64425
           2.81951
          -2.80647
           0.42907
           8.44119
          -4.05252
           0.46586
           0.74360
          -4.19257
           4.25280
          -2.98457
           4.43996
           1.04710
           4.16417
          -0.09440
               NaN
           0.06848
           0.48410
          -0.28738
           3.98583
          -3.65717
          -7.44064
           3.64416
           1.85741
           1.70669
          -7.97191
          -1.05442
           0.67511
          -1.02820
          -2.76869
           6.59311
           7.06954
          -0.50664
          -1.76149
          -0.27140
          -3.57125
           2.93044
          -1.10940
          -3.57960
           8.08086
          -0.98673
           4.61517
           1.37622
           3.54502
           4.61591
           4.59706
           4.47231
           3.53513
          -2.53047
          -1.23706
           3.04245
           3.85865
           3.43579
          -1.52362
           2.47789
          -2.96611
          -0.27952
           6.32510
           3.91455
          -0.65208
           1.34155
          -4.11787
           2.56926
          -0.24242
           6.20116
          -0.53319
           3.42478
          -0.81632
           1.72546
          -1.23276
          -1.22661
           4.06130
           3.81988
          -3.57568
           3.15268
           0.15281
           3.68136
           0.03139
          -3.57499
           1.71925
           1.10946
          -2.13362
          -0.22681
          -3.34739
           5.04414
          -3.15036
           3.19322
          -4.88447
           4.57944
           3.56474
           1.32067
           3.27018
           4.42903
          -1.32581
          -5.51462
           1.70903
          -2.31961
          -0.04550
          -3.98477
          -1.90956
           7.00635
          -0.32167
          -0.64958
           0.21963
          -0.59646
          -0.20950
           5.13371
           1.36771
          -0.54315
          -1.55620
           1.26584
           0.41995
          -2.01913
           2.49012
           0.93387
          -4.16440
          -2.37849
          -3.33076
           2.57040
               NaN
           5.06918
          -3.66317
           2.09151
           5.12082
          -4.07876
          -4.94280
           3.51201
          -4.79126
          -5.82357
           1.17329
          -1.62782
          -4.39421
           8.22725
          -3.92911
           1.66661
           4.24903
           0.10178
           4.10996
          -2.93984
          -2.90123
          -4.66628
           7.50542
          -2.98960
           1.68220
          -1.13739
          -1.47335
          -3.79547
           4.59283
          -0.96906
          -3.84534
          -1.32713
           4.00989
           5.62424
           3.30738
           3.65423
           2.11377
          -3.44532
           0.76595
           1.88174
          -8.29203
          -2.89350
          -3.41573
          -1.76067
           5.06843
          -1.57394
           1.84261
           0.53770
           2.00368
           6.43271
           3.68323
          -0.98241
           2.96054
           3.53395
          -3.47012
           0.40739
           4.11715
          -3.89055
           4.16021
           0.07107
           2.01318
          -3.34829
          -0.73146
           2.22698
           1.11870
           7.23134
           3.68840
           4.21697
          -2.13092
          -3.80502
          -4.09157
           1.63882
          -1.69021
          -2.86777
           2.42050
           6.91029
           0.39471
          -2.19628
           0.02470
          -1.15164
           2.11007
          -0.74110
          -0.19779
           3.95866
           0.64252
          -3.35658
          -4.71083
          -3.45737
           7.89017
           4.72505
          -3.30286
           5.19295
           0.45192
          -4.02757
          -5.32493
           2.02335
          -0.94563
           7.98602
           6.03047
          -0.05300
          -0.28321
          -3.84844
          -2.63863
          -2.79171
           1.15001
           0.90261
          -5.04403
           2.41434
           1.41758
          -0.88959
          -1.03183
          -1.75245
          -3.63975
           2.64838
           0.78678
           0.64722
           2.85749
           1.92158
           2.47903
           5.73480
           5.43891
           2.66891
           4.08996
           1.94785
          -4.63743
          -3.52470
           0.40045
           4.25921
           2.78795
          -1.88220
          -3.18378
          -6.10157
           3.42168
          -2.49167
          -1.09504
           3.72452
           2.10916
           8.47473
          -1.89330
          -0.32031
           1.72746
          -0.01313
          -2.82921
           5.95481
           2.78131
           2.98082
          -2.30023
          -3.41299
           6.91085
           2.95080
          -0.88629
          -1.21032
          -0.67753
          -7.14352
           0.91008
           3.42767
          -0.80843
           2.76195
          -5.75666
          -5.49703
           8.04414
          -0.62276
           5.33905
          -6.31369
           0.74457
          -5.66938
           0.60947
          -1.79685
           2.04390
           0.61522
           0.44129
           0.68578
          -3.89156
           5.22963
           1.91801
          -2.15905
           4.84754
           8.24504
           1.75441
           2.55332
          -4.15492
          -5.43897
          -4.93439
          -0.37719
          -5.83292
           6.09475
          -3.15649
           0.14843
           5.30243
          -1.36674
          -1.49690
           4.42073
           3.84302
           0.69368
          -7.05118
           7.04415
           0.83580
           5.20174
           1.60953
           1.62102
           6.27339
          -6.09192
          -4.04176
           2.98640
          -6.15564
           1.18767
           9.11933
          -3.93028
          -1.61662
          -2.76012
          -1.25446
          -1.19020
           0.44315
           2.41764
          -4.39013
          -1.38815
           3.61711
           3.61957
          -1.97892
          -0.91884
          -3.20264
          -6.17563
          -3.09978
          -7.07589
          -2.50411
           3.01302
           0.74914
           3.61227
          -6.96532
           2.14967
          -6.60538
          -3.83611
          -0.44196
           2.28782
           0.92357
           1.36773
          -1.06764
           0.85763
          -0.26693
           1.95777
          -3.17149
          -1.88437
           2.93151
          -5.31149
          -0.30889
          -3.20814
           2.39992
          -0.72591
          -6.50257
          -2.96674
           1.40138
           2.29509
          -7.97363
           2.23416
          -5.57464
           2.40343
           0.28480
           1.80323
          -1.45496
          -5.36607
           2.88389
           0.39520
           1.22668
          -3.39370
          -0.80784
          -9.62222
           4.28754
          -0.83575
          -2.24453
          -8.94981
           8.67173
          -7.24117
          -1.73399
           1.23162
          -0.22752
           3.64546
          -1.27745
          -5.95892
           2.06331
           1.88801
           2.69439
           3.51140
          -2.21460
           3.15159
           1.67547
          -1.77499
           1.85725
           5.08312
           2.72268
           0.07045
          -0.98716
          -3.46695
           1.65149
           5.33275
           1.41644
           4.25713
           1.55421
           1.86825
          -1.21945
               NaN
          -1.55573
           4.60081
          -5.78584
          -2.78149
           3.28688
           0.07011
          -0.33359
           1.58694
           2.44012
           0.29844
           0.68665
          -2.52938
          -6.00297
          -0.31619
           2.93220
          -3.60542
          -1.28355
           3.13925
           1.06182
           2.23918
          -6.83136
          -6.50693
           0.78734
          -4.13003
          -1.29939
           3.14403
          -3.02922
          -2.97110
           3.00449
          -0.98940
          -1.36057
          -0.91134
           0.25148
           0.03329
           0.80083
           3.90592
          -6.59725
          -0.96683
           0.98317
           3.55036
           3.00017
           1.87794
           1.12954
          -2.63367
          -1.86476
          -3.85454
          -2.29945
          -2.36474
          -4.27246
           9.78776
          -3.93009
          -0.46150
           5.18145
           1.94435
           7.11103
          -2.89557
           2.06792
          -3.16681
           2.76900
           4.73878
           0.92244
           4.18577
          -4.22993
          -2.00301
           0.60958
          -0.08488
          -4.61263
          -2.45617
          -0.76486
           0.19471
          -2.19699
          -3.83961
          -3.28900
           3.70100
           3.93318
               NaN
          -2.54972
          -1.59950
          -1.83054
          -2.33554
          -4.27051
          -2.46405
           3.01608
          -4.27594
          -1.05882
          -2.78050
          -4.61867
          -0.67923
          -1.76439
          -1.96482
           0.24888
           4.30607
           3.74150
          -1.83836
           1.07691
           3.70168
          -3.30629
           2.16463
           1.67309
          -2.69801
          -6.01179
           8.06914
           0.01425
           3.35526
           3.38987
          -2.34010
          -1.03812
          -4.94807
          -4.73810
          -1.57105
          -0.64584
           5.35473
          -1.48057
          -3.35488
           0.23454
           5.77381
          -0.13525
           4.77849
           7.08358
          -0.56065
          -0.39596
          -4.98361
           5.72887
           2.33111
           2.75286
           6.22937
          -2.72261
               NaN
          -0.87489
           0.75101
           6.00482
          -0.89898
           0.07703
           4.04197
          -3.04222
           0.55032
          -2.61646
           7.18715
          -3.85088
          -0.16213
          -3.12666
          -0.20791
           1.62586
          -5.87876
          -0.05622
           0.38380
          -0.42241
           1.32993
          -2.86431
          -2.46466
          -1.02049
           0.76865
           1.76854
           3.89542
          -6.61727
           4.69099
           6.38894
           0.21211
          -4.43514
           2.01319
          -2.12753
           1.10902
          -0.66285
           1.70193
          -7.74660
           1.95106
          -1.46147
           6.30149
          -7.25541
           4.07661
           4.94336
           3.28048
          -4.55587
           3.24028
          -5.70638
           3.57272
          -1.15371
           2.69775
          -1.16967
          -4.61211
           7.19020
          -1.82649
          10.05776
          -1.94724
           0.39110
          -1.42946
          -2.68973
           2.68199
          -2.22959
           1.28375
          -5.78719
           1.06629
          -2.26791
           1.57963
          -4.62351
          -3.69181
           2.46562
          -5.44229
          -0.21047
          -3.75138
          -2.10094
          -0.17639
          -0.20541
          -2.35278
           3.83224
          -1.37305
          -2.97198
           1.60894
          -4.88772
          -0.48562
          -3.81796
          -4.32203
           2.60204
           9.13226
          -0.37908
           0.36985
          -3.48688
           1.22134
           2.17284
           1.97656
           5.93285
           2.37994
          -4.75159
           0.38972
          -3.52891
           6.47425
           3.12955
           4.66112
           1.62661
           4.43681
          -2.40687
          -5.24914
          -0.51291
          -1.94134
           1.13848
          -1.42925
           0.37408
          -7.61769
          -1.00578
          -1.15534
          -2.69221
           3.96206
           8.37346
          -2.11224
           4.34161
           0.23056
          -1.57145
           2.52699
           5.91061
           1.43361
           0.97887
           6.74719
           2.93518
          -1.64660
          -2.98577
           5.73587
           1.66138
           5.71638
          -0.59999
           5.05440
          -4.07893
          -3.39375
          -1.45378
          -2.31295
          -6.18003
          -3.84241
          -2.06248
           2.44702
           2.17581
          -1.63011
          -3.76623
          -0.78022
           2.39598
           0.90541
          -1.77213
           2.54687
           0.20504
          -8.35447
          -1.17518
           2.48308
          -0.41404
           3.27068
           3.83894
           1.02124
           1.00803
           2.93312
           4.84266
           2.96072
          -4.67542
           1.98237
          -0.32322
          -3.66009
           0.97265
           3.04902
           0.88551
          -5.89843
           5.30769
          -4.85528
           2.10074
           4.53406
           3.52928
          -2.10318
          -0.27928
          -4.81634
           7.12230
           3.52406
           2.00358
           0.06858
          -5.20203
          -1.05178
          -4.97427
           0.25703
           3.21496
          -2.05303
           5.02371
           0.21624
           2.50538
          -3.61409
           1.96268
          -0.90595
          -5.16049
           0.85645
           2.45321
          -4.51164
          -1.10938
           8.80821
          -3.52928
           9.78609
           2.05765
          -0.63773
           3.51836
           4.87302
          -3.42718
           1.13548
          -1.70187
           5.76014
           1.53649
          -0.11761
          -0.33682
          -6.03441
          -6.03290
          -1.53431
          -1.50081
          -1.71829
           2.39642
           1.90676
           0.68408
          -3.20220
           3.31313
           0.69456
          -2.26634
          -3.27639
          -2.37204
          -2.17320
          -0.04277
          -5.46411
           2.98034
           4.29632
           0.29536
          -2.22077
           4.05892
          -0.81387
          -3.37741
           5.11429
          -0.36999
           4.41900
           1.42083
          -0.79850
          -0.26268
          -0.46525
           1.23630
          -3.69225
           0.46003
           2.45594
          -0.59897
          -1.50752
           1.71963
           6.66934
           0.67513
           3.18109
          -2.83656
          -0.84458
          -5.76103
           5.23519
          -1.85745
          -1.25200
           3.54377
           3.16453
           2.34222
          -3.84764
           3.43945
           2.05712
          -0.33437
          -2.62534
          -1.24855
          -5.05150
           4.58269
          -2.71188
           0.52627
          -1.79315
          -0.66923
          -1.76170
          -2.13554
           2.05333
          -3.72866
          -2.09532
          -1.28517
           5.12325
           8.27756
          -3.01891
          -1.13046
           2.70137
          -6.02693
           3.29938
           2.84092
          -3.38097
          -3.36438
           1.68014
          -1.51388
          -1.87051
           1.07545
          -4.09674
          -3.81549
           3.81912
          -1.18665
           1.41657
           1.12347
           5.53622
           1.56541
          -1.06583
           1.18300
          -3.53503
           2.21037
          -2.78402
          -4.17146
               NaN
           3.30177
           4.57916
          -1.09307
          -2.26587
           3.81354
          -2.94646
           4.31680
           3.91718
          -2.18325
          -2.11697
           0.41211
           0.63745
          -0.63200
          -0.64097
          -3.95679
          -2.38607
           1.20790
           0.31212
          -5.51830
           1.67546
           0.27706
           1.23053
          -1.44595
           6.06981
          -0.19019
          -4.89603
           1.15557
          -2.17152
           1.74175
          -2.05412
          -1.30494
          -3.95009
           0.37300
           2.01935
          -9.33727
           1.33271
          -1.58172
          -1.69123
          -0.79154
          -0.85305
           7.86411
          -2.55162
          -7.24940
           3.71174
          -3.10179
          -1.51099
          -2.86483
           4.53263
          -4.12327
           3.44006
          -1.22664
          -0.43811
           1.38019
          -0.75232
           2.01617
           2.20738
          -6.95283
          -5.27636
          -1.13805
          -4.41849
          -5.13569
          -0.83903
          -3.85042
           0.70883
          -4.74329
          -0.26549
           3.77016
          -3.74374
          -4.35452
          -4.10938
           3.27652
           8.14364
           0.05614
           5.65408
           8.92151
          -0.26901
           8.79761
           6.86428
          -0.22311
           1.31255
           3.27397
           2.76896
           1.18330
          -0.08880
          -4.64626
           3.61634
          -7.55531
           1.61406
          -1.90166
          -5.18888
           2.34734
           2.77058
           2.26025
               NaN
           5.12558
          -1.81158
           7.46355
          -4.06089
           2.76927
           1.29830
           5.21337
          -3.15646
           2.56151
           2.13195
           2.33682
           3.15218
          -7.79621
           3.63520
          -0.27402
          -8.02889
           8.48716
          -8.78317
          -2.93395
           4.57096
          -2.17925
          -1.92560
          -1.54628
           3.47961
          -3.65938
          -4.92695
          -5.41217
           3.63490
           0.10127
          -4.02910
          -1.58796
           2.66341
           2.43943
          -4.16766
          -3.43098
          -8.89358
          -0.91314
           1.27529
          -4.75256
          -4.22188
          -3.12144
          -1.40694
           2.66047
           0.83300
          -5.75910
           4.04809
          -3.84586
           6.43172
           1.86342
           8.63663
           2.22524
           5.50877
           2.50927
          -4.16709
          -0.36146
           8.57747
          -3.40000
          -1.67320
           0.34618
          -5.63870
           3.64566
          -2.23616
           1.49018
           0.66669
           3.19229
           0.69239
               NaN
          -0.49634
           1.47426
           0.25898
           4.60286
          -5.31107
         -10.20947
           1.48373
           2.55211
           1.69518
               NaN
          -2.65196
           1.11255
          -1.28821
          -4.83428
           5.87539
           6.22676
          -2.22944
          -4.70980
          -2.69846
          -6.48877
           2.31409
          -1.38849
          -1.62937
           7.89057
          -0.51779
           3.89847
          -2.16341
           4.48922
           5.28137
           5.23352
           3.56024
           5.02447
          -4.89803
          -1.72751
           2.70786
           4.03979
           2.51995
          -2.57560
           4.14095
          -3.10608
           0.35610
           6.76960
           3.73577
           0.16590
           1.38665
          -5.06521
           2.59163
          -0.98314
           4.63132
           0.20829
           3.83822
          -0.77928
           2.07940
          -1.32461
          -0.57435
           1.06230
           3.01982
          -5.38575
           3.69883
           0.56853
           5.09226
          -0.58995
          -5.98531
           0.82272
           1.94463
          -3.68066
          -0.71752
          -1.80694
           3.38952
          -3.38376
           3.03611
          -6.97089
           4.72366
           1.77820
           1.31568
           3.61164
           4.95339
          -1.23953
          -7.32429
           2.25507
          -3.20533
           0.86485
          -4.56529
          -1.79167
           4.21398
          -2.32474
          -1.27105
          -0.79561
           0.81854
          -3.18283
           5.07083
           2.25275
          -0.66158
          -0.55059
           0.54959
          -1.09606
          -2.15756
           3.12351
           2.86785
          -3.47168
          -3.05135
          -4.83298
           3.00211
               NaN
           6.58825
          -5.23242
           4.12001
           4.73443
          -6.32545
          -1.76983
           2.27095
          -3.84887
          -7.62874
           2.09605
          -1.08514
          -3.63500
           8.52765
          -5.37365
           1.74932
           3.57820
           2.21461
           3.17405
          -1.90149
          -1.25020
          -5.32807
           8.70210
          -2.84151
          -1.04188
          -0.95715
          -5.35398
          -4.39651
           7.07292
          -2.62070
          -4.62612
          -3.68536
           5.48519
           3.53574
           3.77535
           5.93094
           3.56759
          -4.34180
           0.90805
           3.52257
          -8.28151
          -4.70389
          -3.43205
          -5.25429
           5.71502
          -1.28276
           3.22168
          -0.78027
           0.17384
           7.17507
           5.13214
          -2.81298
           2.74028
           3.28171
          -4.25168
           0.69072
           2.77189
          -4.25438
           3.36316
           0.01391
           1.33927
          -5.37075
           0.89285
           2.76901
           0.81238
           6.10231
           3.97620
           3.58222
          -1.69666
          -3.56341
          -3.13636
           2.93738
          -4.85336
          -3.35656
           2.86291
           7.50046
          -0.53652
          -4.68032
           1.85928
           0.07928
           1.43807
           0.48074
          -0.85096
           3.96749
          -0.35325
          -2.91688
          -5.30414
          -5.99894
           7.21645
           5.32952
          -5.42163
           6.11624
          -1.15925
          -3.66902
          -6.25492
           0.54947
          -1.25651
           8.70566
           6.94337
          -0.50951
          -0.26256
          -3.32895
          -1.94503
          -1.57135
           0.09981
          -0.00447
          -5.37909
           1.09176
           1.10643
          -2.84977
          -0.25945
          -3.02111
          -3.10377
           4.85580
           0.39567
           2.15317
           4.66728
           0.54990
           1.56947
           5.86045
           6.78085
           3.19492
           4.18392
           1.41129
          -5.96037
          -2.93988
          -0.44702
           4.92835
           1.77044
          -0.05704
          -3.40673
          -8.57161
           4.40982
          -1.54805
          -2.46974
           6.50991
           1.18221
           9.26229
          -1.59485
          -2.33236
           0.01318
           0.68039
          -5.06644
           5.55996
           1.74385
           4.05050
          -3.91043
          -2.81697
           6.96871
           4.91762
          -2.56179
          -0.61843
          -1.75063
          -9.14497
           1.63171
           3.16616
          -2.14197
           2.22753
          -6.90778
          -6.84673
           8.05117
          -2.11543
           7.07583
          -8.18400
           1.40641
          -5.10448
          -0.84887
          -0.17709
           2.17555
          -2.47821
           1.25282
           1.43791
          -3.92780
           4.05951
           2.90964
          -2.87323
           6.09522
           6.29949
          -0.09410
           3.89841
          -4.64132
          -5.26133
          -6.19064
          -2.40392
          -5.95362
           7.79784
          -4.42571
          -1.01479
           5.37446
          -0.42975
          -2.53433
           3.96104
           3.91557
          -1.16620
          -7.92588
           7.00930
           0.50109
           5.72256
           2.43424
           2.99068
           8.03733
          -6.28430
          -4.79438
           0.35526
          -5.24890
           2.30527
               NaN
          -3.36290
          -2.60453
          -2.28806
          -1.24691
          -1.26633
          -0.75080
           4.25057
          -5.75082
          -1.48503
           2.74099
           2.39411
          -3.32087
           1.87061
          -4.35046
          -4.87294
          -1.09838
          -5.27807
          -3.61010
           5.42421
           2.23723
           5.16761
          -8.64244
           2.42092
          -6.76937
          -2.53387
          -0.41550
           1.92076
          -0.07036
           4.51911
           0.96915
           2.27128
           0.62860
           0.51304
          -4.62712
          -2.37651
           3.70445
          -4.37889
           0.29885
          -3.94243
           1.50239
          -1.95822
          -7.36252
          -1.36701
           1.93400
           1.90448
          -7.88678
           2.74694
          -8.38307
           2.45502
          -0.74272
           1.83148
          -1.95813
          -6.97305
           4.64335
          -0.00092
          -1.67504
          -4.02564
          -1.42170
         -11.55797
           4.15040
           0.26145
          -2.80164
         -10.92567
           8.28262
          -7.86013
          -1.62399
           1.31219
           0.67842
           5.70147
          -1.05757
          -5.94982
           0.75239
           3.30091
           1.67369
           1.97827
          -1.10053
           1.75079
           3.78928
          -2.73694
           0.60605
           4.61263
           2.10551
           0.77443
          -0.55260
          -4.11962
           0.70843
           4.44581
           2.94332
           6.00067
           0.87487
           4.26776
          -0.20196
               NaN
           0.18839
           2.61776
          -8.34518
          -4.05541
           0.69411
          -1.09213
          -1.18318
           0.00260
          -1.43867
           3.62169
           1.33172
          -1.54389
          -6.48388
          -1.28367
           2.12594
          -6.81909
          -4.21092
           4.66648
          -0.58450
           1.53957
          -8.14452
          -9.48149
           1.11665
          -4.24711
          -1.94823
           2.40648
          -4.54435
          -2.16724
           3.96772
          -2.30052
          -0.38759
           1.49537
           1.88347
           0.21790
          -0.14296
           3.15435
          -8.75716
          -2.48305
          -0.75646
           3.96199
           4.00157
           1.63043
           0.35311
          -2.52145
          -1.83508
          -5.23980
          -1.64835
          -4.35619
          -4.40517
               NaN
          -5.03886
          -0.86288
           3.04328
           4.06121
           6.03553
          -4.63673
           0.65605
          -2.91331
           1.55750
           4.72380
           3.08474
           2.24338
          -7.04310
          -2.16173
           3.93447
           0.65563
          -5.44646
          -5.23898
          -0.00636
          -1.66239
          -0.82433
          -5.34695
          -0.11913
           5.09547
           4.80986
               NaN
          -2.97026
          -3.16458
          -2.36504
          -2.74415
          -2.76691
          -2.33160
           4.30905
          -4.17829
          -3.00582
          -1.73317
          -4.55052
          -0.46985
           0.44843
          -4.45411
          -0.54438
           4.66143
           6.51351
          -3.77985
           1.50184
           2.54925
          -2.40079
           2.74061
           1.77979
          -3.12074
          -8.01867
           9.03483
          -1.07041
           2.84675
           4.02970
          -3.75905
          -0.40997
          -5.10837
          -4.84667
          -2.00058
           0.60168
           6.10379
          -2.62134
          -4.19434
          -0.63492
           8.65608
          -0.19094
           5.81913
           6.95365
          -0.40831
          -0.96800
          -6.65363
           6.06886
           3.19919
           0.24025
           6.99111
          -3.72226
         -10.81415
          -1.29990
           0.30979
           3.63668
          -1.56838
           0.58472
           7.45194
          -3.17118
          -0.27185
          -1.69352
           4.17024
          -3.04218
           1.22125
          -5.13382
           0.11079
           2.52937
          -4.76333
           1.00387
           0.09981
          -0.99209
           0.50378
          -3.72270
          -4.16998
          -1.54153
           2.32253
           1.90823
           6.28399
          -7.41748
           7.01484
           7.50688
           0.71218
          -6.60844
           2.21686
          -0.42393
           0.38610
           0.19025
           3.26531
          -8.30883
           0.44981
          -1.11047
           8.85308
          -6.63532
           4.42812
           4.87787
           0.37588
          -3.48569
           1.75466
          -6.50052
           4.70222
          -0.41603
           2.78567
          -3.13932
          -5.09767
           5.79353
          -1.03154
          10.36937
          -1.65316
           0.19140
          -2.72137
          -2.20371
           1.41542
          -3.00529
           0.41409
          -6.44322
           0.97366
          -2.90152
           1.38672
          -5.58849
          -5.69464
           0.81405
          -4.56434
          -3.10352
          -2.94969
          -2.11730
          -0.08331
          -0.86015
          -2.75558
           2.93048
          -3.05750
          -3.40781
          -2.24166
          -4.74217
           0.27250
          -3.30535
          -5.99626
           2.25405
           8.80812
           0.39524
          -1.08853
          -4.78497
           1.29710
           1.72395
           3.48986
           7.71494
          -0.47587
          -6.07598
          -0.17332
          -5.11077
           4.36636
           4.66864
           3.82561
           1.56953
           4.76468
          -1.03602
          -3.46256
           0.58797
          -2.07459
           0.48665
          -1.30626
           1.96889
          -8.86273
          -0.81249
          -2.46122
          -3.91333
           4.31095
           9.11736
          -6.24819
           5.38524
           1.34004
          -1.52518
           2.04982
           5.66734
           1.57656
           0.50138
           5.23521
           3.12031
          -2.34537
          -6.31701
           6.79663
           0.41555
           6.05431
           1.13701
           7.76685
          -3.54150
          -3.45349
          -1.22812
          -3.79002
          -6.53644
          -4.16590
          -3.36320
           3.82343
           1.72881
          -4.53918
          -6.93763
          -3.12013
           2.45839
           1.86780
          -2.27629
           2.75978
           0.74303
          -9.03725
          -0.14432
           4.38560
           1.74470
           2.44144
           4.74235
          -0.04513
           0.01380
           3.55166
           5.71551
           3.41166
          -5.54767
           2.94735
          -0.12832
          -3.76504
           1.08245
           2.81532
          -0.49791
          -5.66211
           3.36771
          -5.07596
           3.83538
           6.38852
           2.34681
          -5.01086
          -0.49758
          -6.86395
           7.61949
           6.16592
           2.90637
          -0.48931
          -6.86184
           0.33701
          -5.92886
          -0.06446
           2.07983
          -0.87946
           6.03588
          -1.36236
           2.60274
          -4.48370
           1.87274
          -0.61082
          -6.04938
           1.68785
           2.21341
          -5.95934
          -0.01634
           7.49107
          -4.62833
           9.50509
           1.68906
           0.12640
           2.63856
           3.90611
          -4.65987
           1.19025
          -1.88140
           4.97788
           0.65111
          -0.84869
           0.23942
          -6.21937
          -6.37212
          -0.05551
          -1.65939
          -1.03633
           3.54230
           2.20638
          -1.11679
          -3.88935
           3.60811
           1.17910
          -4.70551
          -3.55424
          -1.79345
          -3.37607
          -0.25320
          -4.18593
           4.75519
           5.15343
          -2.39642
          -2.45695
           5.81236
          -0.60535
          -3.38247
           5.38206
          -0.88704
           4.28541
           0.18026
           0.74935
          -0.02560
           2.17883
          -1.85302
          -3.75804
          -1.96581
           2.42801
          -1.12420
          -0.63279
           1.11634
           6.20564
          -1.07194
           4.11267
          -3.06730
          -1.57923
          -6.91427
           6.25713
          -3.73472
          -2.04454
           1.18379
           3.87586
           1.81970
          -4.29917
           2.33393
           2.26927
           1.35482
          -4.78696
          -1.82781
          -5.73394
           1.59809
          -1.55670
          -1.67692
          -2.43440
          -1.51092
          -0.21332
          -5.07679
           0.26364
          -1.50665
          -3.95142
          -1.30459
           4.39022
           9.44459
          -0.77173
          -1.46950
           2.80889
          -6.15537
           3.82774
          -0.29266
          -3.09571
          -3.24157
          -0.74814
          -1.76906
          -2.21640
          -1.75468
          -6.26252
          -5.07057
           2.71382
          -1.46244
           2.06421
          -0.26052
           3.89584
           0.84583
          -0.67341
           1.17277
          -3.17333
           5.54412
          -3.92225
          -4.99436
         -11.02005
           2.97618
           2.95654
          -2.12631
          -2.12902
           2.10255
          -4.07090
           4.05558
           3.22894
          -4.24550
          -1.31865
           1.64676
          -0.62849
          -1.43009
          -0.17282
          -6.29299
          -0.78695
          -2.84748
           1.70431
          -5.50417
           0.80585
           0.58253
           0.59319
          -0.40576
           6.49864
           2.14379
          -4.87882
           1.53710
          -1.29181
           1.02715
          -5.57730
           0.27553
          -6.48202
          -0.38277
           3.10944
               NaN
           2.79559
          -1.96118
          -0.17627
          -2.26297
          -2.22502
          10.23005
          -2.38642
          -6.61877
           2.42149
          -3.88768
          -1.22490
          -3.42992
           5.57308
          -2.45476
           4.47036
          -1.04631
          -2.29932
           1.22018
          -2.07869
           0.89311
           1.33519
          -8.99584
          -4.40053
          -0.82273
          -6.19274
          -4.16926
           0.31465
          -3.86795
           0.92744
          -5.67331
          -1.18314
           3.05148
          -3.78943
          -4.12282
          -5.48498
           0.58348
           8.08796
           0.47314
           5.44785
           9.70457
          -0.57563
           8.56186
           5.76742
           1.71623
          -0.20936
           0.61728
           3.29065
           1.75260
           0.56794
          -5.59773
           4.87097
          -9.06252
          -0.32265
          -1.56608
          -5.70672
           0.31127
           2.41371
           1.42354
               NaN
           6.11172
          -3.55524
           6.02626
          -5.54566
          -0.70422
           0.47975
           5.45036
          -2.91911
           2.04574
           2.22483
           1.65684
           2.96536
          -0.97562
           0.89863
          -1.22806
          -0.61296
           6.18527
          -5.02478
           1.25965
           4.86415
           8.11317
          -2.75622
          -1.89840
           5.41348
          -5.41843
          -2.87554
          -4.50283
           1.69485
           2.60401
           1.02109
           0.26328
           1.77049
          -0.62868
          -2.53464
          -0.37089
          -6.48261
           2.65034
           2.71636
          -4.86229
           0.34479
          -0.31449
           1.78558
          -0.61331
           3.22927
          -2.51180
           5.65661
          -7.39285
          -0.57557
          -0.56218
           7.72794
          10.07690
           3.21455
           3.33256
          -0.55637
           1.73641
           8.21581
          -5.13163
           4.00330
           1.40083
          -1.80104
           5.25686
          -4.22226
           9.31811
           1.67619
           5.77141
          -1.39554
               NaN
           1.00255
          -1.15336
          -1.19092
           2.96542
          -0.92204
          -2.86173
           7.21694
           0.70855
           1.72572
          -1.76013
           1.58750
          -0.04831
          -0.59822
           0.64726
           7.78002
           8.46326
           2.34242
           3.11424
           3.74232
           1.25358
           3.94973
          -0.64786
          -6.80478
           8.39555
          -1.76223
           5.80040
           7.22983
           1.98355
           3.51541
           3.54452
           5.98064
           1.07216
           1.38487
          -0.42599
           3.59578
           3.55908
           4.95035
           0.21608
          -0.27238
          -2.73463
          -1.33066
           5.59001
           4.21020
          -2.00481
           1.26697
          -2.55122
           2.53226
           0.98253
           8.79727
          -1.75939
           2.74108
          -0.87757
           1.14014
          -1.08088
          -2.30528
           9.02085
           5.14296
          -0.58229
           2.24950
          -0.53469
           1.34811
           1.05892
           0.41104
           3.20186
          -0.27170
           0.42476
           0.58469
          -5.89489
           7.78045
          -2.76438
           3.45303
          -1.43407
           4.34094
           6.51920
           1.32892
           2.70551
           3.56187
          -1.46848
          -2.52189
           0.80603
          -0.85486
          -1.55098
          -3.02474
          -2.10451
               NaN
           2.99089
           0.37818
           1.89856
          -2.93648
           4.70759
           5.23771
          -0.09592
          -0.34729
          -3.21920
           2.45032
           2.92704
          -1.79021
           1.44266
          -2.26441
          -5.30998
          -1.26574
          -0.84647
           1.85646
          -8.51333
           2.55705
          -1.06803
          -1.26309
           5.75981
          -0.36332
               NaN
           5.56439
          -6.34972
          -2.83828
          -0.35272
          -2.52527
          -5.64974
           7.73047
          -1.54023
           1.52985
           5.35840
          -3.39227
           5.65771
          -4.65699
          -5.63160
          -3.57185
           5.52643
          -3.23450
           6.18712
          -1.43545
           4.94419
          -2.80151
           0.49141
           1.76233
          -2.55412
           2.57276
           1.57012
           9.07807
           2.53346
          -0.11084
          -0.29047
          -1.96278
           0.53095
          -0.83175
          -8.30941
           0.10041
          -3.38873
           4.01685
           3.99914
          -2.05548
          -0.43799
           2.71728
           5.02977
           5.20502
           1.28711
           2.04488
           3.32481
           3.95107
          -2.17761
          -0.06118
           6.34187
          -3.28887
           5.47830
           0.16560
           3.12766
          -0.00369
          -3.41764
           1.33062
           1.62527
           9.09847
           3.21246
           5.26666
          -2.84907
          -4.20459
          -5.67124
          -0.50866
           3.54080
          -2.05946
           1.68887
           5.93431
           1.93471
           1.91166
          -3.00922
          -3.18725
           3.22137
          -2.76171
           0.88237
           3.94405
           2.28927
          -4.08372
          -3.72966
           0.74572
           9.00434
           3.72540
           0.20104
           3.66608
           3.11637
          -4.62052
          -3.78697
           4.46076
          -0.43152
           6.79592
           4.52079
           0.70196
          -0.31735
          -4.70755
          -3.78567
          -4.80987
           2.88678
           2.40268
          -4.48993
           4.60154
           1.93213
           2.35202
          -2.30915
           0.34559
          -4.52613
          -1.00213
           1.43358
          -1.84323
          -0.13543
           4.18998
           3.98320
           5.52702
           3.21969
           1.79901
           3.93456
           2.83518
          -2.44963
          -4.49184
           1.80194
           3.15262
           4.47065
          -4.90054
          -2.81507
          -2.01678
           1.78756
          -4.05216
           1.17835
          -0.88178
           3.64210
           7.17230
          -2.38686
           3.00709
           4.56242
          -1.16003
           0.87057
           6.60779
           4.49699
           1.21186
           0.36261
          -4.39867
           6.81517
          -0.30181
           1.88454
          -2.18915
           1.09709
          -3.83366
          -0.28330
           3.86013
           1.39690
           3.64575
          -3.85300
          -3.26496
           8.03251
           1.84572
           2.46687
          -3.22069
          -0.34994
          -6.60358
           3.02118
          -4.47549
           1.82618
           5.73095
          -0.90077
          -0.55804
          -3.83164
           7.16470
           0.27810
          -0.97800
           2.78420
               NaN
           4.81137
           0.32890
          -3.35054
          -5.73275
          -2.85687
           2.97448
          -5.63331
           3.27830
          -1.05752
           2.07208
           5.18330
          -2.91627
           0.21873
           5.18094
           3.72304
           3.76943
          -5.60466
           7.10176
           1.38934
           4.34043
           0.24567
          -0.64404
           3.35630
          -5.77376
          -2.79712
           7.33761
          -7.65515
          -0.66053
           5.37042
          -4.86857
           0.01712
          -3.54078
          -1.26694
          -1.06431
           2.41762
          -0.61354
          -2.13991
          -1.22795
           5.06598
           5.64616
           0.24030
          -5.53185
          -1.30445
          -8.32995
          -6.40957
               NaN
          -0.67511
          -0.97446
          -1.71176
           1.04014
          -4.19181
           1.70109
          -6.33417
          -5.98968
          -0.48572
           2.89483
           2.56726
          -3.84383
          -4.43594
          -1.48018
          -1.74790
           4.34698
          -0.76426
          -1.07051
           1.65326
          -6.85374
          -1.31393
          -1.99383
           3.88419
           1.31201
          -5.08044
          -5.61227
           0.52056
           2.94105
          -8.11725
           1.38616
          -0.93025
           2.31810
           1.98405
           1.75650
          -0.62285
          -2.70855
          -0.02579
           1.05028
           6.02535
          -2.34865
           0.20733
          -6.42099
           4.51433
          -2.65025
          -1.32322
          -5.68226
           9.31522
          -6.21757
          -1.91590
           1.09837
          -1.72572
           0.24536
          -1.64107
          -5.97397
           4.23122
          -0.44855
           4.38238
           6.04679
          -4.05697
           5.46814
          -1.82022
          -0.18418
           3.92642
           5.86120
           3.74332
          -1.09376
          -1.70580
          -2.38761
           3.21106
           6.79950
          -1.10863
           1.37379
           2.67765
          -2.09989
          -2.90213
          -8.46048
          -4.44004
           7.88025
          -1.55336
          -0.67478
           7.57464
           1.99215
           1.07142
           4.20704
           8.85463
          -5.19734
          -0.38011
          -4.15911
          -5.20766
           1.28378
           4.26554
           1.70914
           3.55756
           0.61360
           3.78440
           3.39616
          -4.65974
          -1.58779
           0.24274
          -3.93641
          -0.22638
           4.36374
          -0.52360
          -4.30048
           1.41156
           1.17883
          -2.96961
          -4.89142
          -2.44740
          -0.27201
           2.36160
           5.14882
          -3.02532
           1.54060
           3.86007
           2.86962
           1.34411
           2.28725
           2.41356
          -2.81926
          -1.91383
          -1.56367
          -3.37620
           0.92860
          -4.05298
           7.30931
          -2.09649
           0.20228
           8.71742
          -1.55636
           8.88962
          -0.01614
           4.40277
          -3.58603
           4.77250
           4.76355
          -2.65343
           7.39797
           0.42233
          -1.74053
          -4.88892
          -1.30949
          -3.23370
           2.14588
          -2.01922
           3.26587
          -4.46700
          -1.34688
          -8.53113
           1.39491
           2.48338
           9.65444
          -1.85426
           0.98872
          -0.94661
          -1.65980
          -6.75708
          -2.68309
           0.87786
          -4.43743
           2.16101
          -4.51250
          -4.73137
          -1.02549
          -5.42382
           2.15180
           1.56074
           3.71840
          -0.84268
           1.37236
           0.37418
           5.60751
          -4.80374
           1.21212
           1.49663
          -1.99892
          -2.69295
           6.47214
           1.80799
           4.19621
           2.33177
           0.00648
          -2.07691
          -4.68297
          -4.55854
          -0.86072
          -2.70890
           4.11599
           0.40597
          -1.96664
           1.67239
           1.00729
          -0.04315
           3.05753
           7.29845
          -0.81257
           0.55003
          -2.22184
           5.16660
           0.89554
           6.90807
           4.96965
          -1.06945
               NaN
          -0.17204
           1.48065
           9.92112
           0.20803
          -0.76256
          -1.59722
          -2.82894
           1.90998
          -4.14276
               NaN
          -5.18824
          -2.44988
           0.19264
          -0.73497
           0.13169
          -7.72340
          -1.80933
           0.85344
           0.51970
           2.69618
          -1.44478
           0.35550
          -0.15883
          -1.80106
           1.53753
          -0.05466
          -5.29394
           0.84795
           4.54015
          -0.61487
          -0.84107
           1.67638
          -4.94484
           2.30453
          -2.07364
          -0.88348
          -6.81681
           4.43373
          -2.04192
           2.08182
          -8.28088
           3.49532
           5.05168
           8.08393
          -6.32567
           5.69711
          -4.39309
           1.70484
          -2.37363
           2.55236
           2.08762
          -3.80912
           9.49991
          -3.14114
           9.54244
          -2.43357
           0.72136
           0.70701
          -3.49349
           4.77657
          -0.94678
           2.72194
          -4.70230
           1.21949
          -1.22010
           1.89866
          -3.02769
          -0.37966
           5.19686
          -6.89419
           4.57386
          -5.07716
          -2.07388
          -0.33032
           0.87737
          -1.68667
           5.32351
           1.41258
          -2.25123
           7.97681
          -5.12843
          -1.73934
          -4.66567
          -1.55329
           3.17752
           9.66829
          -1.65962
           2.78162
          -1.34019
           1.09606
           2.91517
          -0.52604
           2.98573
           7.10269
          -2.56140
           1.32082
          -0.91294
           9.96015
           0.58430
           6.04283
           1.72101
           3.89460
          -4.67389
          -8.20366
          -2.33347
          -1.72098
           2.21644
          -1.63263
          -2.26333
          -5.55871
          -1.32545
           1.00425
          -0.67280
           3.38509
           7.14325
           4.72752
           2.61572
          -1.60422
          -1.64798
           3.31611
           6.31292
           1.19721
           1.76851
           9.24759
           2.62904
          -0.49101
           2.52324
           3.98166
           3.72167
           5.15753
          -3.47254
           0.56872
          -4.96768
          -3.29494
          -1.82697
           0.12974
          -5.59062
          -3.30743
           0.08858
           0.17081
           2.91504
           3.18073
           1.47843
           3.08939
           2.29278
          -0.68613
          -0.93838
           2.19478
          -0.68466
          -7.22533
          -2.87995
          -0.66318
          -3.98403
           4.64203
           2.34493
           2.78473
           2.65224
           1.91022
           3.39918
           2.21498
          -3.23296
           0.38655
          -0.64554
          -3.48655
           0.79106
           3.43549
           3.17332
          -6.28923
           8.51592
          -4.49033
          -0.76789
           1.46728
           5.48476
           2.70537
           0.08175
          -1.43014
           6.30009
          -0.84489
           0.51061
           0.99120
          -2.45713
          -3.34848
          -3.39563
           0.78868
           5.09217
          -3.99380
           3.34987
           2.82683
           2.34436
          -2.17598
           2.11142
          -1.39403
          -3.69050
          -0.51845
           2.84979
          -2.11751
          -2.91697
          10.98641
          -1.71175
          10.25081
           2.66721
          -1.90139
           4.97330
           6.47203
          -1.38863
           1.04490
          -1.40498
           7.05380
           3.00067
           1.09141
          -1.28976
          -5.72854
          -5.47193
          -3.97986
          -1.23856
          -2.84607
           0.50142
           1.41128
           3.66225
          -2.06585
           2.82531
          -0.10673
           1.76739
          -2.81689
          -3.32887
          -0.18398
           0.30522
          -7.57788
           0.04521
           2.87889
           4.74685
          -1.83020
           1.15919
          -1.15871
          -3.36903
           4.67147
           0.48508
           4.63993
           3.47240
          -3.35824
          -0.65476
          -4.83788
           6.34522
          -3.58344
           4.47172
           2.50212
           0.26961
          -2.95409
           2.71732
           7.43616
           3.56434
           1.64051
          -2.45497
           0.37034
          -3.85388
           3.54517
           1.24708
           0.05865
           7.44657
           1.98817
           3.20632
          -3.10093
           5.26768
           1.70627
          -3.12785
           0.94940
          -0.29060
          -3.92292
           9.51844
          -4.62226
           4.16976
          -0.73270
           0.72269
          -4.32231
           2.72850
           5.01300
          -7.40328
           0.97418
          -1.25305
           6.33550
           6.34758
          -6.73517
          -0.56979
           2.52354
          -5.81452
           2.42561
           8.02303
          -3.85271
          -3.56748
           5.69587
          -1.09187
          -1.29850
           5.75575
          -0.51512
          -1.73993
           5.64700
          -0.73056
           0.34556
           3.41221
           8.24899
           2.75542
          -1.71478
           1.19991
          -4.13319
          -3.30278
          -0.90168
          -2.81060
               NaN
           3.84021
           7.26254
           0.61563
          -2.49220
           6.64306
          -1.08694
           4.74879
           5.05534
           1.22717
          -3.43719
          -1.62968
           2.73097
           0.68784
          -1.41516
          -0.09333
          -5.03060
           7.91444
          -1.99021
          -5.54167
           3.11355
          -0.22811
           2.28453
          -3.16615
           5.36066
          -4.04998
          -4.92449
           0.52463
          -3.62634
           2.92350
           3.77231
          -3.91863
           0.23705
           1.62285
           0.21663
          -3.97540
          -1.08650
          -0.95418
          -4.19656
           1.64183
           1.41582
           3.95146
          -2.82482
          -8.29230
           5.84546
          -1.80214
          -1.98411
          -1.93033
           2.81200
          -6.88255
           1.73621
          -1.52485
           2.63986
           1.64480
           1.44114
           3.87342
           3.64976
          -3.57422
          -6.72476
          -1.65950
          -1.48436
          -6.73392
          -2.74690
          -3.82143
           0.34732
          -3.20529
           1.25206
           4.95866
          -3.66818
          -4.73769
          -1.83449
           7.73009
           8.23571
          -0.63347
           5.99514
           7.62654
           0.23806
           9.18746
           8.67819
          -3.43028
           3.82939
           7.66745
           1.90623
           0.24182
          -1.17487
          -3.07277
           1.54151
          -5.06278
           4.81687
          -2.45661
          -4.33250
           5.71446
           3.36075
           3.64395
               NaN
           3.49477
           1.07197
           9.84044
          -1.60548
           8.51351
           2.65197
           4.82144
          -3.54897
           3.41447
           1.97837
           3.46131
