         -13.95273
          -8.32764
          -0.94078
         -14.28621
          -6.58945
         -18.81022
          -4.16427
           0.34443
           2.02992
           2.66823
         -18.94922
         -14.84341
           3.21073
         -17.29452
          -7.78332
         -17.44824
          -9.97727
          10.87520
         -18.81335
          -8.97643
          -7.41421
           5.08355
          -9.09533
           6.39537
           8.53209
          -2.25263
          -9.07743
         -18.29004
         -10.67324
         -14.36078
           0.02668
          -6.90236
          -3.22393
          -4.33253
          -1.52673
         -16.98500
         -12.32581
           5.23903
           2.30652
           0.67179
          -5.83870
          -7.87455
          -9.60402
          -5.07280
           0.58009
          -9.38206
          -7.30099
         -12.58738
          -8.92160
           0.25437
          -6.72331
         -14.15781
         -13.75718
          -5.27167
           1.16468
          -0.42825
           7.05143
          -3.82843
         -19.08206
         -14.69379
          -1.41291
         -11.97143
          -3.87366
          -9.93706
          -9.16015
           9.27462
         -27.38176
          -6.51779
           1.47848
          -1.32239
          -4.03144
          -6.07269
         -17.54062
          -8.20315
         -10.15917
          -0.14966
         -11.83075
           2.73521
          -9.58975
         -12.23622
         -11.33001
         -24.78352
         -18.76812
         -14.53603
          -9.57344
          -2.08976
          -7.15624
         -19.68823
          14.76935
          -0.11788
          -2.71009
         -13.41930
          -7.82059
          -7.83386
          -9.66460
         -13.11889
           3.66588
           6.43609
          -1.74781
           0.23065
          -5.71580
          -2.78560
          -5.64819
           5.90190
          -3.97123
           1.44080
          -8.26394
           6.39794
           9.11190
          -8.90804
         -13.03838
         -11.17284
          12.01253
          -7.16642
          -3.40622
         -27.67175
          -7.55029
           9.46549
           2.46457
          -0.12509
         -12.97690
         -15.60285
          -5.14480
          -6.34367
           4.73921
          -7.02498
          -7.73932
           4.63583
          -2.82643
           2.95809
          -5.48483
         -25.10556
          -5.59294
          -0.39778
         -11.88670
           0.43006
         -10.29536
          -4.09006
          -3.99948
         -11.64446
         -16.55981
               NaN
         -19.20760
           5.73976
          -5.80350
          -9.85770
         -20.67156
          -3.62398
         -13.40250
          -1.49975
          -4.36106
           9.46738
               NaN
         -16.44257
          -7.09682
          -5.27681
         -12.78717
          -3.40008
         -13.84420
          -4.21285
         -12.89332
          -9.78111
         -24.66684
          -6.08980
         -10.31379
         -15.37005
          -0.05658
          -0.70703
          -7.81145
         -25.88172
          -5.40038
           2.33335
          13.67566
          -7.15016
          -0.70810
          -9.12860
         -15.00016
          -1.09297
          -1.34216
          -2.17919
          -6.32637
          -3.44925
         -10.67369
           3.71867
          -9.48520
           3.56930
         -15.53910
           2.97041
         -21.72402
           1.29700
           2.79536
         -14.30278
         -25.98268
          -9.18021
          -9.83441
         -16.81407
           3.71814
         -10.34938
          -7.60907
           3.70255
           5.55045
         -21.72966
         -11.39709
          -4.05960
         -20.74653
          -3.63620
           6.92794
          -5.99494
         -13.06241
         -11.69374
          -8.64250
          -2.19138
         -19.29630
           0.10792
          -1.55961
         -22.14191
          -3.97006
           8.77023
          -6.29565
          -7.71311
           1.35720
          -8.38681
         -14.02996
          -4.52140
          -6.56735
          12.87721
           3.91320
         -11.07916
          -9.28679
          -3.25650
          -1.68503
          -6.13663
         -20.69276
           5.46149
          -5.58282
          -2.27452
          -7.06710
          -9.59204
          -3.84137
           5.26567
         -11.72106
         -18.14313
           7.92011
          -6.90233
           8.67067
          -0.26703
         -11.31987
         -15.49470
          -1.81659
           6.57936
           0.35281
          -9.10463
          -6.38119
          14.03639
          -9.49121
          -3.93082
          -5.14033
          -3.09428
         -18.57202
         -12.87389
           0.39754
           0.31184
           0.25910
          -8.02393
          -1.09729
         -18.13406
         -11.36816
          -5.72039
           0.40921
          -1.05473
         -19.28787
          -4.52736
         -17.33074
         -11.46786
         -13.57975
          -4.77505
           0.31382
          -4.78768
          11.11792
          16.40837
          -1.52768
         -15.85140
           4.52378
          -7.26834
          -1.87128
          -5.95693
         -19.03078
          -4.80075
           3.80856
         -11.97471
           6.10975
           5.17910
           3.35983
          -8.80530
         -11.89797
           3.39519
         -13.90419
           7.88569
          -8.06033
         -18.00633
          -7.50323
          -3.86442
          -1.66225
          -6.85213
          14.21963
         -25.64318
          -6.29278
         -16.99154
          -5.20396
           3.09855
           0.37381
         -14.32981
           7.97471
         -13.87994
          -3.42278
          -9.24863
          -1.57749
         -12.75872
         -17.16060
         -11.70555
          -7.22418
          -8.45454
          -7.38288
          -5.90598
           4.49133
           7.51366
           9.04534
          13.27162
         -13.93721
         -14.78564
           1.76614
         -17.25562
           1.83602
         -13.80593
         -16.29170
           8.21176
         -10.84712
          10.85710
          -4.36706
          -4.44738
         -15.78969
         -11.56664
           3.98458
          -4.22375
          -5.60938
          -0.94329
           2.08716
         -14.67124
          -8.21177
         -12.07062
          10.41661
          -8.11817
          -7.06057
          -7.14750
           2.26765
          -2.70597
          -5.05453
          -7.66583
          10.73512
         -21.76277
          -8.52897
           5.90470
          -4.23151
          -8.20420
           5.05967
          11.13447
               NaN
         -15.97834
           5.20344
         -14.98133
         -10.26198
           1.89388
           9.07998
          -6.53055
          -6.33820
          -7.97572
           2.14478
           5.22098
          -8.46169
          -9.68657
          -5.34622
         -15.68930
          -7.01697
         -12.19197
          -5.76517
           0.72594
         -13.58371
           1.76234
         -14.01388
           3.80826
          -2.01413
          -7.11983
          -6.71552
           0.67757
         -16.85491
          -4.76959
          -5.56199
          -3.97279
         -14.68853
          -2.50372
         -15.41939
           9.82738
         -16.66154
           5.69174
           3.94313
          -5.34195
           1.84072
               NaN
          -8.16122
          -9.81360
           8.06279
           6.60840
         -11.64987
           1.98742
           2.86327
          -0.70418
          -7.92936
          -7.06670
          -5.18164
           5.35859
          -2.93486
         -11.86891
           1.24634
          -2.10301
          -9.08677
         -28.06415
          -1.81227
          -8.49624
          -2.75624
         -14.33715
          -6.99165
          -7.17570
           8.15630
          -8.55635
          11.25613
         -17.28678
          -7.40685
          10.30446
         -10.82366
         -11.18718
          -1.17590
         -17.95528
          -6.73187
         -15.01419
          -1.32441
           2.87324
          -0.10151
           4.26706
         -15.95635
           5.25552
         -14.43914
           5.17480
         -17.13786
          -2.97278
          -7.28207
          14.94466
         -15.36799
           0.82768
          -1.33660
          14.82700
         -11.63832
         -12.13129
          -8.52583
          14.70235
          -7.24678
          -3.85558
         -11.68653
          -2.92272
         -13.64951
          -0.19145
           0.70179
          -1.49403
           6.76484
         -16.28592
           2.86599
          -6.73348
         -13.99298
          -7.00975
          -3.07625
         -13.79242
         -11.40025
          -2.84286
          -2.11087
         -14.74668
         -15.19381
           2.81430
          -4.03871
         -10.58005
          13.73464
          -0.23777
          -4.11056
          -4.54363
          -8.69304
           7.33269
         -28.22923
           0.41785
          -5.57519
         -14.54476
           0.83158
         -23.43565
          -2.16363
          -7.38383
          -5.79941
          -3.08640
         -13.51758
         -10.24115
          -6.46026
          10.44666
          -1.31625
          -6.23522
          -5.52597
          11.66590
         -11.91602
          -2.10218
         -12.19037
          12.58210
         -10.95783
           6.75137
          -2.37335
           3.39342
          -0.20481
          -8.67458
          -1.96918
           4.65435
          -5.51173
           2.71837
           7.36425
         -12.86664
         -14.06464
          -3.25708
          -9.00423
          -2.76082
          -5.04004
           3.56074
          -0.85729
           0.02131
         -13.89231
         -18.97446
          -7.03519
         -19.22218
           2.85703
          -6.56968
          -4.09497
         -20.46362
         -11.95729
          -9.67774
          -2.05353
          -8.83057
          -6.06362
          11.36831
          -3.17021
           5.07651
         -11.95203
          -8.42866
         -12.78731
          -4.36222
          -7.75960
          -4.81171
         -11.22377
          -9.94267
           0.89238
          -9.92423
           2.94551
          -5.85798
          11.45947
         -11.55201
          -9.89493
         -19.42537
           4.38302
         -15.54369
          -7.28759
          -9.92418
           0.35726
           4.87216
          -0.84869
         -28.28624
         -10.23364
         -24.95792
          -2.98684
          -5.98312
          -8.54306
          -8.18474
         -11.25269
          11.78261
          -2.27504
          -5.80601
          14.60920
           2.11600
          -3.73044
          -6.11064
         -24.45342
         -22.26619
          -1.31657
               NaN
         -14.09741
         -15.88225
         -11.58148
          -5.33520
          -4.44438
           1.45184
          -2.57227
         -14.42997
          13.62314
         -14.37169
           6.98953
         -11.58283
          -7.49402
          -4.56656
         -13.08246
          -6.32297
          -1.85301
          -6.63650
          11.17574
          -9.95646
          14.29254
           3.44609
          -5.98657
         -10.74837
         -10.18465
           6.63364
         -20.36630
           1.94324
          -8.13030
          -9.02044
           0.29056
          -9.73392
          -1.12488
         -11.53079
          -8.73458
          -4.55950
          -2.13730
          -8.17573
         -21.01040
         -14.18069
         -11.20973
         -12.35357
         -11.96487
          -8.29878
           2.30735
          -2.18693
          -5.14591
         -10.87287
          -7.46160
           5.54548
           1.60817
           2.44211
          -5.85494
         -10.62346
          -4.53737
         -16.88482
          -6.67369
          14.99598
          -3.37743
         -15.00680
         -10.67479
         -18.95253
           0.24177
           7.25303
          -1.70417
          -8.28915
          -5.11606
          -9.61680
          -4.92068
          -8.56438
         -15.27299
         -20.83527
          -4.67237
         -12.36285
           6.40516
           2.56285
         -18.61541
          -6.25465
         -13.03745
         -12.20996
          -3.63629
          -4.43568
          -4.04614
          -9.10546
           8.95328
           4.88698
          -4.06936
         -10.22646
          -9.80395
          -8.06037
          -4.04322
         -23.08128
          -4.94008
           8.69659
         -11.48812
         -10.22501
           7.76867
         -10.53459
           5.03505
         -21.83350
         -28.01560
         -12.72437
          -2.57632
           0.81594
          -0.25433
         -15.49444
         -13.55467
          -7.74516
          11.05555
         -19.42420
         -22.36139
           0.54439
         -22.36489
         -21.67858
          -0.58365
         -12.81288
           5.07426
          -8.65028
          -3.72687
           1.28850
          -4.62576
         -17.12634
          -4.15976
         -16.99206
          -9.59506
          -4.69957
          10.59280
          -8.73927
         -18.63056
          -8.15555
         -15.67857
         -11.82372
         -14.53967
          -5.88307
          -5.19811
          -1.83605
          -6.55506
         -10.10368
           5.69692
         -20.09244
          -5.28139
          -3.32638
         -11.09076
         -17.95871
          -7.23348
          -7.95070
          16.12002
           5.22647
          -5.67797
         -13.31298
           7.82940
         -12.18740
          -2.11424
          -3.46684
          -0.99801
          -5.11137
          -1.80504
          -4.08350
           1.24277
         -21.92795
          -3.56834
          -5.25647
          -6.95537
         -10.20141
          -7.86072
          -2.30455
         -15.11237
           3.35984
          -6.34330
         -11.93609
           4.00898
          -1.40483
         -11.67504
          -7.36385
         -10.91640
           3.87461
           3.76341
          -5.39687
          -1.35039
          -2.19648
          -1.27536
          -5.41879
         -15.93072
         -12.26482
         -13.40961
          -9.59520
          -1.58865
          -6.75542
          -6.63230
         -13.79504
           3.54503
           1.08622
          -6.64966
         -12.57902
          -6.79881
          -7.51935
         -14.69573
          -5.54138
          -1.95363
          10.73508
           4.53035
          -6.95562
         -10.94625
         -12.38097
          -5.04079
           3.01376
         -11.03454
           3.72069
          -2.61019
          -6.58537
         -13.53323
          -9.62378
          -0.25722
         -11.17563
         -20.04186
         -21.17932
          -8.30655
          -5.44346
          -8.94292
         -12.97196
           9.91096
          -2.99328
         -17.18441
          -1.75644
           4.32536
         -10.72569
          -3.82084
           5.23457
               NaN
           6.88525
           8.62373
          -1.81849
         -17.78225
          -3.53284
          -8.38059
         -11.01056
         -17.78451
         -15.77954
          -1.35279
          -8.91632
          -1.85006
           4.77084
         -12.27391
         -11.96845
         -10.25779
          -3.87247
         -12.90191
         -16.21105
          -4.17639
         -12.60053
         -20.54984
          -8.26232
          -9.77258
           4.89560
         -20.20627
          -7.44055
         -11.91572
          -9.46690
          -8.31237
         -17.82346
           0.34843
           3.64877
         -11.59345
         -10.01656
          -9.74416
          -3.70589
          -0.86516
           6.39800
         -16.75449
          -4.72416
         -11.29370
          -4.63794
         -25.13125
          -5.98945
          -1.89679
          -5.29481
          -6.87461
          -3.85270
          -4.68756
         -24.95490
          -1.93830
           0.15497
          -8.53871
          -2.35496
          15.00656
          -8.70360
           3.29158
         -18.92132
          -2.06742
          -8.53902
           0.88213
          -5.39666
           8.65148
           4.01920
          10.50743
          11.13123
         -11.28836
           0.91273
         -19.93731
          -0.46849
           3.10184
           2.33225
           5.26128
           5.20910
          -5.41126
          -3.15688
         -21.12877
          -7.98738
         -12.97041
          -8.05364
          -5.63279
          -9.31687
         -16.50976
         -24.07372
         -13.43119
         -15.25210
          -9.34944
          -0.62182
           1.65290
         -16.76849
          -8.61306
         -20.16176
          -9.56482
          -4.44254
         -10.66361
          -5.55816
           3.57010
           7.35408
          -4.51230
          -5.14214
          -3.89068
         -10.77146
          -8.87821
           4.79692
           0.57154
          -2.75947
          -5.77915
          -8.18146
          -7.82077
         -10.38887
          -4.54798
         -10.60992
          -7.52722
         -20.50951
         -10.78644
           5.53681
          -1.74866
               NaN
          -7.63505
          16.16969
          -3.61680
          -4.59295
         -13.51818
           2.62473
           1.08098
         -15.66294
           0.21434
         -26.39036
          -8.19406
          -3.81564
         -15.39644
         -12.82662
          -5.59142
          -1.40505
          -0.85732
          -1.46526
          -9.16785
          -3.35381
           4.74812
           1.03514
          -5.69692
          -4.41763
           7.35780
           3.09307
           7.27169
          -4.69287
         -24.42508
          -1.06508
           3.58788
         -10.16591
         -21.13814
         -26.72017
         -17.23215
          -1.82995
         -22.12817
          -9.90536
          -8.61768
         -14.80627
          -1.73072
           4.36494
          15.06770
         -15.63117
          -1.60562
         -10.97990
           4.43253
           4.42522
          -6.66965
          -4.10219
          -2.62609
          -7.75501
          -9.57058
          -8.25362
         -15.24690
          -5.76725
         -25.55331
          -9.47403
         -22.20676
         -23.23094
         -21.78964
         -23.45232
         -23.77038
         -25.01679
         -21.41661
         -22.30254
         -21.53605
         -23.20227
         -23.13869
         -25.24044
         -23.69752
               NaN
         -24.21158
         -22.69374
         -23.18527
         -23.00264
         -23.44255
         -23.10972
         -22.38946
         -23.62807
         -21.82973
         -23.37670
         -21.37230
         -23.55804
         -21.79873
         -22.66016
         -22.76639
         -23.06778
         -23.00054
         -24.17444
         -23.09414
         -24.12951
         -23.87944
         -22.54419
         -24.30430
         -22.73724
         -21.02338
         -22.16638
         -22.71883
         -23.13472
         -21.96082
         -23.09938
         -23.34488
         -23.20135
         -22.61742
         -21.45282
         -22.89460
         -22.87837
         -22.27984
         -22.65612
         -23.35394
         -22.24785
         -22.58300
         -22.85956
         -23.74352
         -22.31912
         -22.34127
         -24.22734
         -22.23763
         -23.74808
         -22.62259
         -23.59672
         -22.45558
         -23.39562
         -23.11672
         -23.13058
         -23.26848
         -23.94273
         -22.92554
         -21.43382
         -23.09840
         -23.42317
         -23.13793
         -22.60775
         -22.46220
         -24.22894
         -22.32195
         -22.39338
         -24.28638
         -23.08124
         -23.19689
         -22.86146
         -21.59214
         -22.00393
         -23.87602
         -22.16983
         -22.96713
         -23.60870
         -23.84080
         -22.42135
         -24.62316
         -23.59586
         -22.80468
         -24.07669
         -23.46336
         -22.49563
         -22.76721
         -23.48592
         -21.98455
         -23.64104
         -23.33935
         -23.54621
         -22.17445
         -24.80075
         -23.51984
         -23.75364
         -22.32861
         -23.00565
         -23.99189
         -24.16173
         -23.73503
         -24.30879
         -23.91121
         -22.22236
         -23.75096
         -23.28489
         -23.56422
         -23.86187
         -23.88444
         -23.77635
         -23.77456
         -25.03051
         -22.47635
         -21.02504
         -23.66972
         -23.73703
         -23.86798
         -22.51511
         -23.44029
         -22.67152
         -23.78302
         -23.31040
         -21.39006
         -23.11504
         -21.84212
         -22.12552
         -23.15044
         -22.00514
         -21.86320
         -22.31925
         -21.51748
         -23.01212
         -24.51622
         -23.39429
         -21.53470
         -23.94231
         -22.11713
         -23.59574
         -23.44305
         -23.83124
         -21.84594
         -24.38664
         -23.62764
         -21.27180
         -21.97947
         -24.01001
         -24.44027
         -20.92549
         -21.48105
         -22.84734
         -24.41043
         -22.63520
         -22.99978
         -22.60877
         -23.06145
         -22.66977
         -23.20378
         -23.22842
         -22.74148
         -22.69041
         -23.32726
         -22.48617
         -23.92366
         -22.80309
         -23.56187
         -25.14799
         -22.63514
         -24.76261
         -23.31863
         -24.76495
         -22.91490
         -21.63469
         -22.87030
         -23.86546
         -22.54964
         -22.41323
         -23.49539
         -21.48722
         -23.44889
         -24.94635
         -23.83164
         -22.93295
         -23.74268
         -21.30751
         -22.46328
         -22.81185
         -22.92391
         -21.77504
         -22.11224
         -22.74702
         -22.91526
         -22.99325
         -22.66005
         -24.76163
         -22.89947
         -21.95355
         -24.36469
         -23.89760
         -21.43371
         -24.16522
         -20.83894
         -22.52908
         -23.06020
         -22.76093
         -24.43055
         -23.80600
         -23.00034
         -23.33883
         -22.17113
         -23.59981
         -23.52690
         -23.59484
         -23.44337
         -23.75534
         -22.00431
         -23.38514
         -23.39313
         -22.03856
         -22.94719
         -22.69399
         -23.84934
         -21.19822
         -22.88771
         -25.09343
         -23.10490
         -21.45537
         -24.03199
         -23.63692
         -24.62270
         -22.65519
         -22.00592
         -25.34922
         -23.44014
         -22.71887
         -24.19209
         -23.78425
         -23.30031
         -22.54085
         -22.63530
         -23.22403
         -23.71122
         -21.77128
         -22.05863
         -23.83319
         -24.02250
         -23.58558
         -23.63704
         -23.83150
         -23.12344
         -22.00055
         -22.46374
         -22.78854
         -23.36355
         -23.25711
         -22.50489
         -22.40303
         -23.30167
         -22.55505
         -24.43261
         -22.67306
         -23.35837
         -22.60299
         -22.87345
         -23.97926
         -21.75621
         -23.85777
         -23.38256
         -22.39711
         -23.73420
         -24.56791
         -22.71450
         -23.47438
         -23.16765
         -21.39347
         -23.15561
         -22.82804
         -22.88096
         -24.05851
         -23.71866
         -21.78569
         -22.75832
         -22.05527
         -22.82768
         -24.28586
         -22.75750
         -23.09251
         -22.72444
         -23.88354
         -23.23791
         -22.20927
         -22.57943
         -24.18132
         -25.20897
         -24.52032
         -20.85114
         -24.25447
         -23.32469
         -23.83764
         -22.88926
         -21.99992
         -23.46983
         -23.51876
         -23.43208
         -24.06617
         -23.71531
         -22.48730
         -24.34720
         -21.80998
         -23.04805
         -22.54071
         -23.14607
         -22.15719
         -24.09095
         -23.28868
         -24.05778
         -23.45313
         -24.29287
         -21.79010
         -22.30897
         -21.97367
         -24.77064
         -23.10893
         -22.18650
         -23.65479
         -22.87849
         -23.70719
         -22.92890
         -20.87364
         -23.60842
         -22.61028
         -22.98222
         -21.90847
         -22.05212
         -24.17662
         -23.34965
         -23.69285
         -22.14017
         -23.04413
         -21.50229
         -23.22980
         -23.85329
         -22.84844
         -24.89265
         -21.82619
         -23.80673
         -24.42159
         -21.75331
         -22.85765
         -23.61132
         -24.12920
         -23.69008
         -21.28967
         -21.82623
         -22.29484
         -23.73864
         -21.54223
         -23.34206
         -23.69304
         -22.23455
         -23.39951
         -20.98980
         -23.12284
         -22.71352
         -23.45016
         -22.48139
         -24.55921
         -22.98973
         -24.29094
         -23.44451
         -24.02850
         -22.46022
         -22.38276
         -21.13199
         -23.01780
         -22.90458
         -20.80182
         -22.51635
         -23.19840
         -23.60055
         -21.25853
         -23.14649
         -24.69717
         -23.53327
         -25.12024
         -23.77229
         -23.72617
         -23.21464
         -23.96315
         -23.58825
         -24.06211
         -22.58321
         -23.63861
         -23.10934
         -22.16035
         -22.69438
         -22.65638
         -22.46214
         -24.17012
         -21.87169
         -21.05163
         -23.90908
         -23.06191
         -22.41213
         -22.23514
         -24.27751
         -22.61558
         -24.96264
         -22.66286
         -22.90926
         -24.17699
         -22.74242
         -21.03361
         -22.49963
         -23.88685
         -23.55764
         -22.14091
         -24.03386
         -24.43344
         -23.60857
         -23.22023
         -21.84407
         -21.54308
         -23.08119
         -22.69567
         -22.55930
         -21.17255
         -23.28467
         -22.86503
         -24.03099
         -23.32436
         -22.47488
         -22.90953
         -24.13256
         -21.79140
         -23.10894
         -23.54462
         -24.72543
         -22.42352
         -23.15351
         -22.19025
         -23.61794
         -23.37532
         -21.73391
         -22.28299
         -23.15968
         -23.12290
         -24.25922
         -23.61289
         -24.15046
         -22.53863
         -24.32745
         -23.04030
         -21.11082
         -23.63421
         -22.09292
         -23.73245
         -20.83944
         -23.46378
         -22.14576
         -23.34633
         -23.67018
         -23.51303
         -21.83571
         -24.16520
         -22.19971
         -22.29248
         -23.23624
         -24.21362
         -22.21397
         -23.28319
         -21.86953
         -23.76597
         -23.09525
         -22.12919
         -24.32586
         -23.37567
         -24.04886
         -22.75165
         -22.87169
         -22.14676
         -22.83189
         -22.88425
         -23.89847
         -24.00158
         -24.05168
         -23.31362
         -24.24059
         -23.30746
         -22.42477
         -22.00153
         -22.93170
         -21.27950
         -24.56285
         -21.38345
         -22.21668
         -22.90706
         -23.55816
         -23.46843
         -24.44976
         -23.56450
         -22.78488
         -22.70957
         -22.94654
         -21.87133
         -23.80774
         -22.95515
         -23.70809
         -23.07709
         -23.64103
         -22.13227
         -22.73585
         -23.03411
         -21.88031
         -22.42947
         -21.68187
         -23.67012
         -22.61465
         -22.91748
         -22.96784
         -23.83840
         -23.23351
         -23.39815
         -22.59034
         -22.62047
         -23.86297
         -21.89257
         -21.63258
         -23.62294
         -22.16183
         -21.82303
         -22.58963
         -24.86217
         -23.39047
         -22.69096
         -23.46524
         -23.64062
         -23.00436
         -23.68919
         -21.50856
         -23.06895
         -23.04284
         -24.12829
         -23.21637
         -23.57271
         -22.42170
         -22.45075
         -21.52520
         -22.58056
         -22.94607
         -23.90751
         -22.38989
         -23.90012
         -22.41528
         -23.68909
         -22.43642
         -23.14095
         -20.78802
         -22.04828
         -24.57353
         -23.64045
         -22.83296
         -23.31756
         -21.61732
         -22.92086
         -25.16793
         -22.96174
         -21.71198
         -22.02980
         -24.14174
         -22.65143
         -23.02835
         -22.84437
         -23.24503
         -22.09134
         -22.92070
         -22.85360
         -23.41558
         -21.75354
         -22.99430
         -23.98583
         -23.52438
         -22.54562
         -23.87569
         -23.50084
         -24.10309
         -23.85456
         -22.56759
         -23.57998
         -23.66547
         -24.18184
         -24.25176
         -22.75121
         -23.62833
         -22.95728
         -23.49146
         -23.52382
         -23.37552
         -23.26483
         -23.72145
         -22.64506
         -22.77610
         -24.24474
         -22.82401
         -24.36008
         -21.78290
         -21.29932
         -23.62411
         -21.38719
         -23.32389
         -24.36078
         -22.38921
         -23.36730
         -23.53457
         -22.71995
         -23.18402
         -22.64602
         -22.76144
         -22.78039
         -22.05015
         -22.76159
         -24.06867
         -24.86260
         -23.30009
         -23.10419
         -21.77609
         -22.57841
         -22.16902
         -23.41252
         -22.80529
         -22.64334
         -22.47491
         -22.13179
         -23.75323
         -21.46389
         -23.50172
         -22.65344
         -22.48514
         -21.68602
         -22.30832
         -24.12196
         -22.63991
         -22.67397
         -23.08797
         -22.89702
         -21.61934
         -22.64574
         -23.14548
         -22.96173
         -22.34398
         -24.68228
         -23.55027
         -22.84518
         -24.68000
         -23.35981
         -23.69179
         -23.15499
         -23.28030
         -23.14562
         -21.76890
         -23.15613
         -24.42816
         -23.30237
         -22.19322
         -23.05225
         -23.49472
         -22.99296
         -23.28684
         -22.90223
         -22.10974
         -21.13234
         -23.38627
         -23.00193
         -24.71605
         -23.65411
         -23.05510
         -23.43888
         -23.09091
         -24.30532
         -22.09394
         -23.92167
         -24.36339
               NaN
         -22.54645
         -21.52374
         -23.77052
         -22.76205
         -23.47948
         -22.39831
         -23.28487
         -23.71677
         -23.15222
         -23.68076
         -21.91488
         -23.66810
         -23.89604
         -22.33371
         -22.01302
         -24.38378
         -24.36922
         -23.17786
         -23.93675
         -22.86789
         -23.67002
         -23.47492
         -23.05684
         -23.37650
         -23.23536
         -22.44711
         -22.74236
         -24.73677
         -23.38648
         -23.72647
         -24.78763
         -23.49752
         -22.70270
         -22.46180
               NaN
         -23.20479
         -22.55747
         -23.00644
         -22.98236
         -22.60931
         -23.59610
         -22.62198
         -22.83070
         -24.98921
         -23.97089
         -23.48784
         -22.29336
         -22.67082
         -22.55167
         -23.50089
         -23.11661
         -23.35983
         -22.92526
         -22.95433
         -24.34068
         -23.95270
         -23.64669
         -22.38841
         -23.69129
         -22.45503
         -22.36647
         -22.68288
         -24.13676
         -23.05682
         -21.66541
         -22.00808
         -22.88945
         -21.58877
         -22.66050
         -23.33810
         -23.61620
         -21.07212
         -21.81207
         -24.92408
         -22.88309
         -23.25258
         -22.69584
         -23.59709
         -23.24417
         -23.32917
         -20.86213
         -22.42057
         -23.53682
         -22.99976
         -22.63353
         -22.11564
         -23.30595
         -24.18253
         -21.17568
         -23.56968
         -22.97483
         -23.26984
         -22.43256
         -23.84967
         -24.01476
         -21.84405
         -24.53356
         -22.69746
         -24.47333
         -23.04501
         -22.07904
         -23.94629
         -21.49215
         -22.65089
         -21.13677
         -23.42549
         -22.20723
         -20.69253
         -23.84012
         -22.82360
         -24.23682
         -23.73433
         -24.06881
         -23.23148
         -24.34133
         -23.56340
         -24.67790
         -23.34117
         -23.02142
         -23.57216
         -23.04978
         -22.58204
         -23.31336
         -23.47587
         -24.00212
         -24.07494
         -21.25507
         -24.09406
         -23.10710
         -22.39757
         -22.90092
         -24.05630
         -23.11913
         -23.19873
         -23.35315
         -22.46867
         -23.22041
         -23.43019
         -23.24883
         -22.29467
         -24.42573
         -22.22248
         -22.20931
         -23.60778
         -23.38714
         -22.41699
         -23.15734
         -23.49714
               NaN
         -23.50730
         -22.85438
         -23.11133
         -22.77526
         -21.12644
         -22.84235
         -22.08358
         -20.68481
         -23.35189
         -22.50962
         -23.10762
         -23.32169
         -22.11667
         -21.40136
         -21.66647
         -23.81156
         -22.77272
         -22.14847
         -22.06768
         -22.01508
         -22.11175
         -23.78086
         -22.12479
         -23.63598
         -22.95471
         -22.35359
         -22.16408
         -23.63615
         -22.34299
         -23.53660
         -22.38814
         -23.98519
         -21.80019
         -23.13155
         -22.36316
         -22.90700
         -23.53114
         -22.99491
               NaN
         -22.70520
         -22.45125
         -23.41911
         -22.24746
         -24.47866
         -21.42192
         -23.41542
         -22.69744
         -21.71781
         -22.35477
         -21.79004
         -24.34672
         -22.26115
         -22.48433
         -23.01992
         -23.50744
         -23.17436
         -23.11051
         -24.36836
         -21.64132
         -24.13485
         -24.01032
         -22.99453
         -23.52654
         -22.90326
         -22.16564
         -23.10949
         -23.19170
         -24.81457
         -22.77997
         -23.08546
         -23.87992
         -23.65753
         -23.86262
         -23.80465
         -23.11551
         -22.62121
         -21.86070
         -23.50511
         -23.69181
         -23.97901
         -24.58293
         -24.71799
         -22.43042
         -24.95095
         -24.18223
         -23.42037
         -22.20836
         -22.74794
         -22.88873
         -23.07580
         -23.70762
         -22.70573
         -22.71908
         -23.73065
         -22.96966
         -23.40509
         -23.43981
         -24.02250
         -22.11459
         -22.23190
         -23.28234
         -22.02161
         -22.84640
         -22.35618
         -22.94353
         -22.50807
         -23.41908
         -21.67116
         -23.70805
         -22.36132
         -23.72551
         -22.30455
         -23.47576
         -23.52127
         -22.08239
         -22.83901
         -24.21239
         -23.05300
         -24.94704
         -24.79218
         -22.06829
         -22.71844
         -21.81165
         -23.78340
         -21.86436
         -23.33533
         -24.33310
         -22.90387
         -22.90360
         -22.74423
         -21.40548
         -23.28813
         -23.52602
         -23.12297
         -24.18469
         -21.98461
         -21.07221
         -23.31831
         -23.01679
         -23.46865
         -22.46022
         -23.27665
         -24.41374
         -20.71947
         -21.57770
         -23.57250
         -22.13349
         -21.93946
         -22.01012
         -22.59168
         -22.85536
         -23.60689
         -22.76598
         -23.61975
         -24.50625
         -23.58923
         -22.74356
         -21.57084
         -23.01785
         -21.05768
         -23.44928
         -23.64832
         -24.34516
         -21.30348
         -23.11831
         -22.43166
         -23.35557
         -21.90543
         -24.67959
         -24.35650
               NaN
         -24.06076
         -22.05806
         -22.92659
         -23.95745
         -22.51493
         -23.00818
         -22.73134
         -23.71553
         -20.82726
         -24.35358
         -22.03742
         -23.45812
         -21.50353
         -21.71933
         -22.14147
         -21.99136
         -23.29501
         -24.07504
         -23.45336
         -24.12014
         -24.58328
         -21.77602
         -23.64783
         -22.93282
         -21.79049
         -22.58537
         -22.79437
         -22.56597
         -22.07953
         -22.61901
         -23.82102
         -22.92758
         -22.16063
         -21.30851
         -22.88563
         -23.26748
         -22.74112
         -22.14361
         -22.98686
         -22.32053
         -22.76104
         -23.36465
         -24.75646
         -22.75354
         -21.58876
         -23.71089
         -22.94587
         -23.26895
         -22.58709
         -23.49974
         -22.39956
         -24.71694
         -21.72989
         -23.11920
         -23.60430
         -24.08758
         -22.96449
         -21.37211
         -22.28470
         -23.41552
         -22.85280
         -21.88396
         -22.32949
         -24.96265
         -21.64783
         -22.19435
         -23.91023
         -21.69346
         -22.24941
         -22.64043
         -20.99508
         -22.66316
         -23.92968
         -21.20869
         -24.42637
         -23.76923
         -24.00851
         -22.16426
         -24.27428
         -23.63306
         -22.41404
         -23.29982
         -23.74274
         -23.05826
         -23.45473
         -23.77170
         -21.76480
         -23.92122
         -22.75261
         -23.62059
         -22.45312
         -25.28361
         -23.42169
         -24.64299
         -23.39653
         -22.54933
         -22.62777
         -23.91039
         -25.04924
         -23.89039
         -23.63069
         -20.70016
         -24.25506
         -23.97214
         -22.72154
         -24.71202
         -23.29018
         -23.52415
         -23.19257
         -25.37517
         -23.74284
         -21.05112
         -23.72841
         -24.98007
         -24.47865
         -22.66809
         -23.07446
         -21.74430
         -23.60993
         -23.18811
         -20.76158
         -23.18948
         -21.85346
         -22.11602
         -23.23851
         -21.73221
         -20.86863
         -23.92113
         -20.56444
         -23.58739
         -24.92637
         -23.25589
         -20.81212
         -24.20160
         -21.74165
         -23.53109
         -23.43069
         -24.31962
         -20.26087
         -23.79701
         -23.58578
         -21.34288
         -21.72500
         -24.24012
         -24.30654
         -20.72664
         -21.40071
         -22.79931
         -23.08646
         -22.61566
         -21.95921
         -22.41924
         -23.38614
         -23.24570
         -23.15866
         -21.80159
         -22.68183
         -22.29405
         -23.63737
         -22.00064
         -24.30698
         -22.47218
         -22.79156
         -24.93599
         -22.53335
         -25.25851
         -23.42096
         -24.97009
         -22.70102
         -22.69619
         -22.92979
         -24.45927
         -22.12764
         -23.40490
         -22.47641
         -21.59555
         -23.64723
         -24.26824
         -22.93710
         -22.92140
         -23.00378
               NaN
         -23.56806
         -22.52733
         -22.89812
         -22.50340
         -22.76701
         -21.68667
         -22.32019
         -23.51636
         -21.68452
         -24.87168
         -23.66821
         -22.11961
         -23.82102
         -23.56150
         -20.90565
         -24.56595
               NaN
         -23.09563
         -22.54222
         -21.75678
         -24.28588
         -24.74966
         -22.32958
         -22.87224
         -22.51981
         -23.66322
         -23.21863
         -23.81746
         -22.81634
         -24.81509
         -23.26972
         -23.14515
         -23.20979
         -22.38240
         -22.91738
         -23.10557
         -22.77489
         -21.99836
         -23.16924
         -25.59812
         -22.93024
         -21.44946
         -23.75874
         -24.11782
         -24.57048
         -22.03138
         -22.72765
         -25.07203
         -24.19432
         -23.30698
         -24.12753
         -23.24351
         -23.76042
         -23.05481
         -23.10812
         -22.98246
         -23.91778
         -23.12669
         -21.13759
         -24.11389
         -23.78603
         -23.61526
         -22.70243
         -23.21577
         -23.29731
         -22.64335
         -22.82422
         -22.91572
         -23.04297
         -22.66761
         -22.39350
         -21.77997
         -24.17574
         -22.57873
         -23.66205
         -23.09607
         -22.73114
         -22.22206
         -22.32773
         -23.81746
         -21.73029
         -24.22479
         -24.93118
         -23.88747
         -23.57556
         -24.11880
         -23.40976
         -23.67494
         -23.76804
         -21.40426
         -22.29670
         -22.44109
         -23.54440
         -23.17025
         -24.11349
         -22.59876
         -23.16035
         -21.58322
         -22.41823
         -25.06406
         -21.98082
         -23.75797
         -22.72879
         -23.32740
         -23.21828
         -22.05152
         -22.64356
         -23.94763
               NaN
         -23.45891
         -20.60679
         -23.68594
         -23.56671
         -24.71843
         -22.53958
         -20.98775
         -24.76427
         -23.39058
         -23.65970
         -23.90448
         -24.02482
         -22.10885
         -24.07293
         -21.13550
         -23.22926
         -22.07864
         -23.12212
         -22.17592
         -24.63478
         -24.22304
         -25.30312
         -24.74586
         -24.31357
         -21.53433
         -22.56131
         -20.52628
         -24.50402
         -22.60098
         -21.57790
         -24.77817
         -22.63416
         -24.56266
         -22.59719
         -20.87172
         -22.92438
         -22.67351
         -23.48094
         -21.47416
         -22.15978
         -24.56807
         -23.46279
         -23.38359
         -21.29413
         -22.58810
         -22.78415
         -23.47820
         -22.87591
         -23.25035
         -25.61551
         -22.62670
         -23.52713
         -23.65118
         -22.66087
         -21.86623
         -23.34821
         -24.43064
         -23.62063
         -20.84052
         -22.78183
         -23.13784
         -21.89587
         -20.97898
         -23.98908
         -23.14392
         -22.59832
         -23.54915
         -21.79429
         -23.22696
         -22.94224
         -22.87945
         -22.93221
         -24.93543
         -23.19037
         -24.66653
         -23.17957
         -23.48286
         -22.42875
         -21.90988
         -20.77223
         -22.99687
         -22.24356
         -21.53370
         -22.03096
         -23.51086
         -24.14862
         -21.00568
         -22.53404
         -24.11710
         -22.36377
         -25.06982
         -23.44176
         -24.34999
         -22.36920
         -24.58918
         -23.08613
         -25.59014
         -21.67369
         -24.38707
         -23.56374
         -22.37031
         -23.28325
         -21.09070
         -22.19086
         -24.08016
         -23.01405
         -21.85119
         -23.76998
         -23.87349
         -22.87946
         -22.60107
         -24.63321
         -22.49113
         -25.23194
         -23.19650
         -23.00584
         -23.77696
         -23.48630
         -21.24290
         -22.38701
         -22.72639
         -23.86648
         -21.57922
         -24.45542
         -23.89742
         -23.73355
         -22.76809
         -22.68477
         -21.40679
         -24.08258
         -22.01016
         -22.32517
         -21.91402
         -22.91520
         -22.80992
         -24.46578
         -21.96215
         -22.53752
         -22.68242
         -24.63157
         -22.21142
         -23.61929
         -23.75788
         -24.55902
         -22.90874
         -22.56243
         -22.95365
         -23.32119
         -23.64059
         -21.81366
         -24.03322
         -22.47933
         -23.88566
         -24.73013
         -24.90806
         -23.69342
         -22.38455
         -23.74801
         -24.14407
         -21.03918
         -23.63124
         -21.60618
         -23.79767
         -20.42863
         -23.87329
         -22.34943
         -24.04155
         -24.30145
         -22.96057
         -22.80223
         -23.74411
         -21.81463
         -22.40906
         -23.30075
         -23.68019
         -21.60379
         -23.76951
         -22.30655
         -23.11790
         -22.49075
         -22.55335
         -23.85125
         -23.14063
         -25.51671
         -23.34043
         -22.86388
         -22.27334
         -22.87386
         -22.95175
         -22.14475
         -24.08710
         -23.89792
         -22.61848
         -24.71555
         -22.31923
         -23.03781
         -21.84511
         -23.02384
         -21.63610
         -23.59183
         -21.09251
         -22.22862
         -23.65501
         -23.73309
         -23.82210
         -24.66120
         -24.33825
         -22.26487
         -22.96078
         -22.85880
         -23.48654
         -23.55585
         -23.10027
         -23.69721
         -23.80621
         -24.06106
         -21.97490
         -22.46059
         -23.94790
         -22.41218
         -22.36366
         -22.51828
         -23.90107
         -21.27459
         -23.01218
         -22.89460
         -24.09944
         -23.62380
         -24.13177
         -23.00442
         -23.17628
         -23.23450
               NaN
         -21.95995
         -22.70087
         -22.91320
         -21.86613
         -22.72241
         -23.87628
         -22.89348
         -22.25464
         -22.94130
         -23.57149
         -23.59773
         -24.52464
         -22.09752
         -23.01442
         -22.12409
         -24.02540
         -22.62748
         -24.02161
         -22.28042
         -22.16862
         -20.95303
         -21.86148
         -23.47998
         -23.64969
         -22.34543
         -23.88832
         -23.62815
         -23.38975
         -22.06877
         -22.35001
         -21.79516
         -20.98986
         -24.39212
         -23.83197
         -23.21174
         -23.81370
         -21.66155
         -21.32641
         -24.19686
         -21.64151
         -21.57557
         -21.99614
         -23.43505
         -22.47573
         -22.85494
         -23.79550
         -23.59530
         -21.69508
         -24.45643
         -23.04629
         -23.74256
         -21.62872
         -22.24229
         -22.85355
         -23.22543
         -20.69419
         -23.27806
         -22.78000
         -24.01807
         -24.04668
         -22.36132
         -23.68700
         -23.73368
         -23.21830
         -25.53160
         -22.52587
         -24.21076
         -22.98707
         -23.46131
         -23.81751
         -23.11590
         -22.98998
         -24.18641
         -22.44261
         -24.16190
         -24.11812
         -23.55458
         -25.16065
         -22.10595
         -21.01555
         -23.00418
         -22.27330
         -23.17263
         -24.53201
         -21.72970
         -22.47660
         -23.82424
         -22.54626
         -23.13879
         -22.39771
         -22.72697
         -23.28760
         -21.79535
         -22.32455
         -23.24830
         -24.38581
         -23.33165
         -22.83244
         -21.34492
         -22.64733
         -21.83122
         -23.81921
         -22.76046
         -22.59957
         -21.78869
         -22.55511
         -24.17531
         -21.81408
         -23.62417
         -22.95507
         -22.25791
         -21.03162
         -22.13617
         -25.37500
         -22.87673
         -21.04624
         -22.80098
         -22.44500
         -22.13412
         -24.13059
         -23.48834
         -23.20788
         -21.93312
         -24.03998
         -23.77027
         -23.09553
         -24.41689
         -22.61940
         -23.64655
         -22.38737
         -24.14562
         -23.84426
         -20.64173
         -22.68507
         -23.67170
         -23.09404
         -21.96227
         -23.34185
         -23.44251
         -22.37570
         -24.57236
         -24.00724
         -22.17278
         -20.60307
         -22.85836
         -22.76329
         -24.92051
         -22.79412
         -22.63813
         -24.13294
         -23.34894
         -23.52230
         -23.28695
         -23.91806
         -25.17701
               NaN
         -21.35334
         -21.14264
         -24.11225
         -23.20629
         -23.49233
         -21.49664
         -22.68971
         -23.41680
         -24.62213
         -22.90694
         -21.31684
         -24.06545
         -22.69556
         -21.85210
         -21.92534
         -24.18279
         -25.06351
         -22.56879
         -24.46047
         -23.34343
         -23.37725
         -22.62297
         -23.61798
         -22.37399
         -22.96184
         -22.57695
         -23.31223
         -24.20866
         -22.13629
         -23.63848
         -24.22281
         -22.53310
         -21.90224
         -22.18326
         -25.07479
         -23.80823
         -22.85154
         -22.69343
         -23.96284
         -22.28073
         -23.31753
         -22.59910
         -22.54020
         -24.36299
         -23.98947
         -22.81781
         -23.60365
         -23.35207
         -22.53824
         -22.83068
         -24.27804
         -22.69432
         -23.09955
         -22.93467
         -25.09444
         -24.42691
         -24.07723
         -22.10538
         -24.18071
         -21.02907
         -22.64704
         -22.85132
         -24.27879
         -22.88107
         -21.10786
         -22.35648
         -22.71855
         -21.33166
         -22.45658
         -22.94283
         -23.93286
         -21.18230
         -21.91802
         -24.10451
         -22.48474
         -23.84767
         -23.90765
         -23.30007
         -23.22254
         -23.14676
         -21.85881
         -21.76588
         -22.39097
         -22.78281
         -22.45309
         -22.37093
         -23.63160
         -24.21507
         -21.26743
         -23.38456
         -23.53432
         -24.01506
         -22.47321
         -23.62654
         -23.79656
         -21.49341
         -24.42897
         -22.48716
         -24.89598
         -24.32209
         -22.99032
         -23.74733
         -21.28491
         -22.34476
         -21.83067
         -24.31776
         -21.74210
         -21.67631
         -23.89077
         -22.96286
         -23.99926
         -23.63955
         -23.87103
         -23.09517
         -22.77299
         -22.88111
         -24.51997
         -23.38007
         -22.95313
         -23.31359
         -23.64576
         -23.25573
         -22.67886
         -23.33139
         -24.63891
         -23.72295
         -21.60881
         -24.48884
         -24.84003
         -23.49944
         -23.50528
         -24.62893
         -22.47511
         -23.24843
         -23.49263
         -22.14581
         -22.52029
         -23.04095
         -23.21464
         -21.86115
         -24.51434
         -23.13673
         -22.01150
         -23.19556
         -22.78612
         -22.53607
         -23.16885
         -22.84875
               NaN
         -22.93068
         -22.16166
         -22.62833
         -23.03189
         -22.27456
         -22.45673
         -21.98412
               NaN
         -23.09002
         -22.55901
         -22.39579
         -24.00397
         -23.23185
         -20.89388
         -21.37511
         -23.62802
         -22.88120
         -22.33021
         -23.19627
         -21.84088
         -22.09795
         -23.37208
         -21.89293
         -22.08859
         -22.84175
         -22.85694
         -22.43293
         -23.67373
         -22.78042
         -23.58200
         -21.55436
         -24.28875
         -22.41005
         -22.56550
         -22.25818
         -24.20481
         -23.69578
         -23.50061
               NaN
         -22.96754
         -22.71152
         -22.87225
         -21.98352
         -25.74742
         -22.48263
         -24.53797
         -24.27858
         -21.35173
         -22.23869
         -21.46713
         -24.64294
         -22.67793
         -22.85514
         -23.77920
         -24.41259
         -23.15429
         -22.48722
         -23.16573
         -21.23733
         -23.35464
         -23.83670
         -22.74246
         -23.44517
         -21.33663
         -20.65813
         -22.16888
         -22.56254
         -24.35794
         -23.22486
         -23.60368
         -22.95045
         -23.18019
         -22.87576
         -23.82942
         -23.45898
         -22.52953
         -21.86636
         -23.82238
         -24.20996
         -23.87249
         -24.66899
         -24.95477
         -22.21790
         -24.80470
         -24.66452
         -23.69448
         -22.36179
         -22.11779
         -22.44813
         -23.05680
         -23.46419
         -22.51900
         -22.32559
         -23.48656
         -21.92874
         -22.77467
         -23.74677
         -23.91905
         -20.52913
         -22.03917
         -24.99824
         -22.32130
         -22.98186
         -21.76433
         -23.64504
         -23.02213
         -22.55695
         -21.78858
         -22.41751
         -22.06597
         -23.99434
         -22.05632
         -23.54183
         -23.44279
         -22.25874
         -23.44717
         -24.34019
         -23.37708
         -24.29445
         -25.32605
         -22.47300
         -22.13686
         -21.56482
         -24.76359
         -22.36592
         -24.13704
         -24.77184
         -21.83342
         -23.77244
         -23.47223
         -20.87981
         -22.51857
         -22.54719
         -22.31038
         -24.46071
         -20.95256
         -20.63663
         -23.04692
         -22.40371
         -23.30535
         -23.29528
         -24.00689
         -24.23234
         -20.76714
         -21.20449
         -24.17268
         -22.93870
         -21.46368
         -22.50282
         -22.66800
         -22.63883
         -23.09006
         -22.43078
         -23.16818
         -24.20606
         -22.41917
         -22.65554
         -23.25429
         -23.58194
         -22.99536
         -23.45732
         -23.97145
         -26.12313
         -21.60295
         -20.95874
         -20.06076
         -22.94974
         -25.17019
         -26.16430
         -22.61201
         -20.56530
         -24.46002
         -23.74086
         -23.61137
         -21.42981
         -24.97057
         -23.27698
         -21.82630
         -23.48401
         -23.48105
         -21.76752
         -20.27669
         -23.72264
         -22.28500
         -24.20995
         -23.79580
         -24.84092
         -22.51547
         -24.33818
         -22.50241
         -24.14495
         -22.72004
         -23.80957
         -25.38568
         -22.41505
         -19.75974
         -21.47621
         -22.59441
         -24.07160
         -21.76528
         -23.89068
         -22.56057
         -23.65234
         -23.36985
         -21.69054
         -22.90938
         -22.23740
         -21.51999
         -23.50034
         -23.95862
         -22.12812
         -22.28972
         -22.02755
         -22.07495
         -21.60353
         -23.58084
         -25.07805
         -21.07099
         -24.53733
         -22.68105
         -23.75647
         -22.54785
         -21.21907
         -25.40120
         -23.14932
         -22.71529
         -23.70413
         -22.86138
         -21.53548
         -24.43876
         -23.43576
         -23.60760
         -23.80002
         -22.68080
         -23.02033
         -23.43240
         -22.72124
         -24.90601
         -25.36726
         -24.75765
         -23.22556
         -22.57564
         -20.91800
         -23.78763
         -23.75308
         -20.56339
         -23.34425
         -23.56453
         -22.84484
         -25.19787
         -23.53458
         -23.44815
         -25.35638
         -23.00315
         -21.56884
         -21.63469
         -23.01516
         -22.34652
         -23.17952
         -24.30586
         -23.42369
         -21.71542
         -24.00535
         -23.68153
         -22.28865
         -20.56946
         -23.75732
         -26.23893
         -24.57576
         -21.57018
         -24.99800
         -24.37330
         -24.72982
         -22.92057
         -22.15281
         -24.95233
         -22.46144
         -24.86334
         -24.19180
         -24.73325
         -24.46275
         -20.39012
         -20.98207
         -23.57304
         -21.68941
         -22.86205
         -22.26311
         -24.04291
         -24.19888
         -24.06813
         -23.51186
         -22.42534
         -22.99241
         -21.82343
         -22.14118
         -23.00537
         -22.45472
         -23.50151
         -19.68055
         -23.08738
         -22.06449
         -23.84059
         -23.62227
         -22.72497
         -23.51518
         -22.73565
         -23.70224
         -23.46340
         -23.02676
         -24.45696
         -25.35792
         -23.69660
         -21.15471
         -22.39864
         -23.63095
         -24.66055
         -21.25306
         -21.61339
         -22.92647
         -26.59136
         -22.66739
         -24.71388
         -22.92098
         -22.52660
         -21.72107
         -23.27811
         -25.57877
         -22.83975
         -23.34331
         -22.81643
         -23.28596
         -23.29223
         -23.34818
         -24.83075
         -25.49720
         -22.80281
         -23.94574
         -23.15006
         -24.42705
         -23.26721
         -19.88613
         -22.77229
         -22.88730
         -23.24480
         -20.77970
         -25.17391
         -21.30877
         -23.12217
         -26.06338
         -25.30519
         -22.95198
         -24.95983
         -23.15700
         -20.64342
         -23.28054
         -22.96639
         -20.57523
         -21.03366
         -24.49369
         -23.89549
         -22.13156
         -24.26700
         -24.58036
         -21.63316
         -21.68002
         -25.26027
         -24.45124
         -22.30355
         -23.50513
         -23.52714
         -21.59582
         -23.91345
         -24.41502
         -24.66886
         -22.25155
         -24.10527
         -24.10743
         -21.59676
         -23.49536
         -24.03470
         -23.22815
         -24.47625
         -22.00964
         -19.91986
         -23.78045
         -23.69512
         -21.47216
         -22.99630
         -22.01602
         -25.61922
         -19.88018
         -22.42397
         -24.26208
         -23.39262
         -21.46511
         -24.48209
         -22.84475
         -24.70873
         -23.68278
         -20.81704
         -25.80582
         -22.19781
         -21.75011
         -24.29844
         -24.67499
         -22.54239
         -21.69421
         -21.85645
         -23.62194
         -23.37097
         -19.53858
         -23.57582
         -23.37082
         -24.41202
         -23.53670
         -25.17658
         -24.84577
         -22.83702
         -20.94169
         -21.86994
         -22.57906
         -23.89162
         -24.22816
         -22.68838
         -23.42936
         -21.86185
         -22.51604
         -25.70193
         -21.97625
         -24.39157
         -23.23046
         -23.77240
         -24.24579
         -21.79891
         -23.25319
         -20.83160
         -19.94209
         -23.99553
         -25.30771
         -21.56921
         -23.14401
         -22.17865
         -21.37568
         -24.57046
         -23.46546
         -21.78811
         -25.52172
         -23.06828
         -20.44635
         -22.09606
         -22.83285
         -23.50216
         -23.00395
         -24.03689
         -21.99633
         -22.71726
         -24.79965
         -23.27025
         -22.46912
         -22.47380
         -24.56625
         -23.18475
         -26.26874
         -21.25365
         -25.19098
         -22.92603
         -22.38676
         -23.46526
         -23.66722
         -21.33756
         -23.72990
         -23.05714
         -24.33252
         -23.20547
         -23.11071
         -24.79899
         -22.92102
         -22.74955
         -23.30184
         -23.18553
         -22.12634
         -23.19514
         -21.74955
         -22.00639
         -21.32367
         -24.25876
         -22.21141
         -21.89330
         -24.35790
         -25.20982
         -23.94565
         -23.18904
         -21.80430
         -23.28096
         -22.29801
         -23.47531
         -20.87681
         -24.73520
         -22.50613
         -22.16071
         -22.62388
         -21.87478
         -23.53181
         -23.16328
         -24.20228
         -23.53381
         -23.79534
         -19.39073
         -22.82062
         -25.46330
         -22.18639
         -23.70191
         -20.50755
         -24.26730
         -25.69065
         -20.25833
         -24.49076
         -24.04472
         -23.63266
         -23.80448
         -22.02952
         -20.25210
         -20.90622
         -26.77414
         -22.47006
         -22.27625
         -24.59759
         -21.63532
         -23.15302
         -19.66461
         -22.95133
         -22.33674
         -24.39027
         -21.73879
         -23.93948
         -22.65924
         -23.67224
         -23.88093
         -24.92731
         -22.51206
         -23.16171
         -21.72459
         -23.05227
         -23.99344
         -19.59622
         -23.31592
         -22.68369
         -22.69772
         -21.67505
         -24.15533
         -25.65269
         -25.45972
         -25.20330
         -24.31677
         -22.69857
         -24.60729
         -22.93192
         -24.41535
         -21.54504
         -24.08141
         -22.40572
         -22.36081
         -21.81448
         -21.72436
         -25.23545
         -22.90902
         -24.31832
         -19.98993
         -19.73454
         -24.13822
         -21.72503
         -21.64233
         -21.63238
         -23.69158
         -22.82058
         -24.51903
         -21.78381
         -22.75017
         -24.83595
         -21.51706
         -20.68887
         -22.68516
         -25.79842
         -23.04890
         -23.06616
         -23.33946
         -25.31640
         -23.40268
         -23.96504
         -20.45921
         -21.76757
         -21.43165
         -23.82489
         -22.94498
         -19.95116
         -23.89329
         -22.95582
         -23.31477
         -25.56827
         -22.37170
         -23.28363
         -23.31057
         -21.09951
         -22.26826
         -23.19334
         -24.99956
         -21.62422
         -24.12717
         -20.93272
         -24.10675
         -22.93836
         -21.60253
         -19.39990
         -24.28037
         -21.86642
         -23.48351
         -21.47939
         -24.90331
         -22.79243
         -25.28193
         -21.22213
         -21.22883
         -23.63909
         -22.89470
         -23.62503
         -21.51617
         -22.78922
         -21.81027
         -22.20114
         -22.63033
         -24.42307
         -20.24360
         -24.85882
         -22.83405
         -22.10044
         -23.12998
         -25.09232
         -23.21910
         -22.48209
         -21.14963
         -24.83352
         -24.09103
         -21.43049
         -25.10766
         -23.76285
         -21.63094
         -21.78179
         -22.88456
         -21.93824
         -22.76277
         -22.77307
         -26.78728
         -23.86071
         -24.30496
         -24.45869
         -23.45822
         -24.93533
         -21.41493
         -22.25919
         -22.77993
         -20.69209
         -26.16235
         -21.86271
         -22.19701
         -21.67501
         -23.27002
         -22.88585
         -24.10146
         -22.28993
         -23.64145
         -22.29577
         -23.09108
               NaN
         -24.22266
         -22.71610
         -23.72601
         -21.87604
         -22.94915
         -22.39151
         -23.18927
         -21.52887
         -21.00417
         -22.53788
         -20.30410
         -23.28968
         -24.82208
         -22.76148
         -23.08850
         -23.40841
         -22.59059
         -22.18968
         -21.90825
         -21.70490
         -24.89822
         -25.16103
         -21.09332
         -25.14184
         -20.92411
         -21.75204
         -22.37090
         -26.48618
         -24.20913
         -23.40969
         -24.32830
         -23.75449
         -22.02692
         -22.31299
         -20.53840
         -23.15876
         -24.55626
         -24.29777
         -24.18644
         -22.83326
         -22.65443
         -22.91550
         -22.46771
         -23.76506
         -22.06658
         -24.33221
         -22.46311
         -23.91955
         -20.41738
         -24.18217
         -23.04204
         -24.44382
               NaN
         -23.79176
         -24.87235
         -23.32497
         -22.20902
         -22.50029
         -21.54446
         -25.54731
         -26.76754
         -25.13651
         -21.93668
         -22.08524
         -25.30583
         -22.94084
         -23.31401
         -21.27761
         -22.66804
         -22.74408
         -20.39096
         -22.53620
         -22.87695
         -21.95914
         -24.23307
         -25.85098
         -24.01683
         -25.59542
         -24.86014
         -24.68825
         -24.24314
         -23.53810
         -22.90735
         -23.40369
         -23.55311
         -25.76904
         -22.14355
         -23.12241
         -22.66892
         -22.90821
         -23.54114
         -23.04003
         -23.80319
         -23.71757
         -22.95553
         -22.97854
         -20.49334
         -24.45331
         -21.62056
         -23.04135
         -21.25076
         -21.76677
         -24.64530
         -19.92754
         -23.57304
         -24.07872
         -23.47559
         -24.83452
         -23.05741
         -23.00607
         -23.25853
         -23.05505
         -22.81821
         -21.94489
         -22.46987
         -23.48151
         -25.42003
         -25.64799
         -23.24810
         -23.55185
         -22.48633
         -22.46487
         -22.72545
         -22.74261
         -22.87914
         -22.71545
         -23.60530
         -21.43448
         -23.05795
         -20.88703
         -23.30000
         -22.15659
         -22.85945
         -22.76398
         -22.59189
         -22.05788
         -22.24980
         -25.35526
         -23.56071
         -23.64162
         -20.77138
         -20.19983
         -22.58069
         -22.55625
         -23.02076
         -25.74032
         -23.18789
         -22.43279
         -25.11340
         -24.57947
         -23.76632
         -24.41946
         -21.85490
         -21.99478
         -23.62566
         -23.93209
         -25.67425
         -23.64553
         -22.57364
         -22.57521
         -23.58074
         -24.00974
         -21.16927
         -21.08200
         -22.00588
         -22.00418
         -24.25588
         -23.39504
         -24.37926
         -25.07072
         -23.74195
         -22.29557
         -22.66588
         -25.59516
         -20.12875
         -23.92761
         -23.02315
         -22.01658
         -24.51181
         -22.15151
         -23.20760
         -22.03027
         -23.45831
         -23.88360
         -24.26525
         -24.21089
         -20.73088
         -24.95545
         -22.90000
         -23.01356
         -25.87353
         -23.12706
         -22.15745
         -24.71488
         -23.22556
         -24.18118
         -23.07405
         -22.08455
         -24.15228
         -24.87831
         -22.13250
         -25.02788
         -23.68591
         -22.23322
         -21.80364
         -25.60669
         -25.44587
         -23.87141
         -25.71804
         -25.08616
         -24.02126
         -22.92061
         -26.15390
         -22.21078
         -22.07306
         -23.52204
         -21.36725
         -23.15056
         -24.05498
         -22.65966
         -23.30924
         -26.02076
         -23.94027
         -24.59154
         -20.13499
         -21.54862
         -22.57380
         -24.60491
         -21.20344
         -24.45609
         -22.63817
         -22.98671
         -23.09905
         -23.17155
         -22.93748
         -22.85462
         -22.88509
         -24.80393
         -21.90428
         -22.40542
         -23.90280
         -23.34631
         -22.58383
         -21.43418
         -23.17096
         -22.01229
         -22.99640
         -23.98920
         -23.09459
         -20.89063
         -21.63754
         -26.27411
         -23.53928
         -22.27231
         -20.69967
         -24.08635
         -23.27981
         -23.62964
               NaN
         -23.49902
         -25.42432
         -23.35712
         -22.93077
         -21.69512
         -22.76951
         -24.12894
         -21.02454
         -23.87463
         -22.05319
         -22.04226
         -22.36562
         -24.21724
         -24.37419
         -22.42165
         -24.70585
         -23.04388
         -23.77712
         -20.94133
         -20.57792
         -24.27404
         -21.83353
         -23.15516
         -19.99375
         -21.95568
         -22.97340
               NaN
         -23.75669
         -22.59420
         -24.62816
         -23.89047
         -24.39459
         -23.45601
         -26.92477
         -24.68732
         -24.93804
         -23.27709
         -23.13391
         -23.99808
         -22.06805
         -21.47231
         -24.35856
         -23.71387
         -22.95314
         -24.65476
         -20.67237
         -23.44376
         -20.25252
         -20.58252
         -21.90537
         -23.11302
         -24.18000
         -23.11686
         -23.12339
         -23.00049
         -24.37368
         -24.07138
         -23.30514
         -23.00878
         -24.27976
         -20.71647
         -22.53515
         -24.28683
         -24.37718
         -22.22085
         -23.13838
         -24.56519
         -25.07226
         -24.45714
         -23.99546
         -23.90695
         -22.35253
               NaN
         -23.47757
         -22.24743
         -22.65644
         -23.78326
         -22.42825
         -24.28017
         -22.19781
         -20.27967
         -22.23732
         -22.14642
         -24.11390
         -22.59403
         -21.84910
         -20.20862
         -22.30205
         -22.13447
         -24.45424
         -22.50672
         -26.18493
         -23.14079
         -21.52444
         -21.72122
         -23.57425
         -21.62243
         -23.46180
         -23.76160
         -23.48516
         -20.79560
         -24.06396
         -22.53610
         -20.76918
         -23.25993
         -22.16187
         -22.24054
         -22.27305
         -22.02252
         -24.31994
         -22.68224
         -22.38867
         -19.67466
         -21.56630
         -20.09290
         -22.32083
         -22.54599
         -22.32196
         -23.85876
         -21.57462
         -21.87351
         -21.76919
         -22.01643
         -23.20743
         -24.13723
         -26.34939
         -22.30680
         -25.42005
         -24.29633
         -23.40976
         -23.66059
         -25.48391
         -24.64889
         -24.65892
         -24.22809
         -25.56675
         -22.04712
         -22.23181
         -25.41098
         -24.44381
         -25.48823
         -23.76386
         -22.54973
         -22.77222
         -21.85137
         -22.98248
         -22.83828
         -24.15448
         -24.44119
         -24.32794
         -22.78050
         -25.19187
         -23.38777
         -22.96885
         -21.95562
         -23.78595
         -23.61452
         -23.10711
         -24.10862
         -23.01333
         -23.36725
         -24.13271
         -24.68432
         -24.44357
         -22.93417
         -24.19292
         -24.72626
         -22.54939
         -20.45580
         -21.52795
         -22.62327
         -23.33112
         -21.78797
         -21.66127
         -24.83922
         -21.47773
         -25.83390
         -22.84784
         -23.28266
         -22.71347
         -23.36693
         -23.65056
         -21.79190
         -21.83721
         -24.00187
         -22.51917
         -26.02201
         -23.91277
         -21.40162
         -23.67645
         -22.21824
         -22.16879
         -21.03817
         -22.01470
         -23.61040
         -24.66717
         -21.47240
         -21.54503
         -22.27140
         -24.55580
         -25.13841
         -24.46151
         -23.73001
         -23.68467
         -21.78971
         -23.76535
         -24.02669
         -23.73765
         -21.08466
         -22.07376
         -24.71255
         -20.64094
         -22.19248
         -22.58386
         -20.80710
         -22.72319
         -21.19851
         -22.46596
         -23.21204
         -24.45825
         -23.31813
         -24.36360
         -25.00072
         -25.51661
         -22.88855
