          -8.63090
         -13.83984
          22.63791
           0.86443
          37.19719
          11.05875
         -16.04149
          23.41962
          59.38257
          44.16873
          53.73765
          64.32692
          17.27574
         -22.45978
          46.14060
         -29.63309
          -3.67100
         -26.53567
           1.18417
          32.25427
          -7.68888
         -37.69213
           1.69838
          15.47954
          16.31863
         -21.24489
         -39.84862
          28.86268
         -27.31345
          28.73486
          12.20065
           5.71361
          13.51115
          12.47518
         -12.96035
          -1.00633
          17.25410
          30.36011
               NaN
          13.07352
         -15.71916
         -12.53140
           8.55261
           0.04896
         -27.52164
          11.23738
         -34.41712
          41.44568
          44.93128
           8.73867
          12.89444
         -32.88308
          56.73548
         -38.02111
          -8.35545
           0.76169
         -26.47062
           3.23283
          -8.35410
          -1.68367
           3.25247
           3.30443
          27.46145
          22.82872
          39.09808
          70.34018
           4.90329
         -11.55329
         -51.83496
         -17.08324
         -56.63055
          -8.50265
          58.30687
         -34.55911
          12.92203
          24.48425
          40.82135
           7.92941
          66.91977
          -1.77609
          54.33378
          -1.86818
         -38.30096
           8.98835
           9.85055
          15.04847
         -53.07264
          38.80742
          49.63628
          43.32634
          45.64393
          38.59167
          21.37476
         -23.67512
          36.82059
          -1.69204
          42.92263
         -54.46993
         -36.14936
          14.50127
           6.60796
          19.62009
           4.29560
          14.91877
         -17.39854
         -22.57266
          42.33719
          11.53391
          -4.12814
          46.04623
         -16.54978
          28.44228
          28.04787
          17.50743
          -0.76177
          26.36265
         -37.84224
          21.35779
          -8.70738
          29.90485
          68.24963
         -54.94913
          25.35027
          38.31708
          36.16543
          21.53477
          11.64844
          -1.87587
           9.26463
         -25.55301
          40.71694
          27.67149
          -3.16066
           7.88915
          50.04311
           7.99246
          12.14291
          34.58479
         -32.98019
          -5.02305
          13.95949
         -27.53886
           6.15481
         -10.35031
           3.76668
         -19.01555
          29.72496
         -12.37691
           8.74763
           5.66520
          18.88416
          -5.62664
          37.97673
          28.93376
          14.42973
         -23.08963
          32.79359
          -8.51198
          30.26195
          30.63594
          37.60500
          13.04718
         -28.61997
          -3.60676
          16.67726
          50.49798
          -1.01977
          39.92719
          17.99305
          21.68783
          18.65895
           5.41171
          38.76853
         -16.19921
          71.03641
         -21.17011
          26.06848
          13.22225
         -18.38826
         -50.89309
         -25.68636
          12.22011
         -19.92348
         -41.19747
         -31.78162
         -13.81436
          67.26009
          55.51963
          11.57367
           6.81159
         -60.60170
          31.96536
          25.63535
         -15.00290
          28.99005
          77.40459
          -1.55291
          17.80387
           6.32968
          25.66215
          24.98754
          46.79701
           0.57886
         -11.96437
          27.78330
          15.08097
          12.35092
          15.45007
          45.89622
         -30.37808
          12.35699
          11.90541
         -35.35425
          -4.87298
         -27.30592
          13.01040
          -0.63250
           3.52628
          -1.45728
           1.72887
         -27.55952
          27.29081
           6.60824
          35.11692
          -3.82910
         -18.53356
          42.42039
          34.69608
         -30.74238
         -11.65938
          14.25937
          -3.93231
           6.65321
          29.47010
         -39.30833
          62.95207
          43.75507
          67.20897
          42.00279
          -0.52395
          19.08995
         -16.33043
          10.32229
          75.82274
          24.89686
          12.98167
          46.28196
          17.03321
          19.37884
          -3.05746
          37.77701
          -1.32626
          48.09570
          28.14822
          44.71462
          -1.95270
         -39.15906
          70.91059
           8.68928
         -10.18360
          55.64651
          28.06186
          -7.67635
          18.66363
          42.23859
          24.09186
           9.19087
          48.22775
          16.06573
          -7.42888
          -5.74350
          -6.80032
          16.99099
               NaN
         -28.46088
         -30.80165
          13.82956
          51.00608
          36.79521
          49.92745
           5.09361
           6.75222
          11.40212
          33.40559
          20.31505
         -25.10464
         -19.91445
          34.14070
           5.48381
          47.35161
         -15.00748
         -18.62877
         -18.83384
         -11.39072
          -4.84646
          -7.65556
         -14.05106
          32.78741
          -3.77760
          54.88881
          28.95927
          -5.96394
         -23.25829
          40.50503
          22.67029
          27.59443
          -2.21858
         -36.88059
          75.38670
         -22.56625
         -17.72372
          11.61495
           4.16926
          11.33351
          20.42997
          -6.42855
          10.84301
           3.17669
          24.56879
          -5.56630
          18.36894
          39.47389
          -0.65738
          61.41737
         -38.71642
           4.45390
          -2.32919
         -29.48863
          11.89257
          18.86600
          26.54897
          -7.70248
          21.15693
         -11.13987
          33.61528
         -44.76350
          25.39166
           3.06783
          53.87678
         -24.19743
           4.81555
          39.45928
          50.95907
         -15.80870
          15.69359
          10.32824
         -10.45087
           8.23666
          38.61929
         -45.64738
         -12.89634
          71.02250
           4.65525
           1.87314
          23.56309
          15.29271
         -10.09225
          54.54630
           0.16246
         -12.20188
         -49.93432
          -4.27182
          17.12573
         -30.41105
               NaN
          30.77867
          48.43047
          33.89205
          45.03670
          29.51806
          49.16621
          33.52412
          20.23193
         -21.21611
          24.00692
         -29.50110
          19.67773
          11.76068
         -18.27732
          29.22523
          18.82915
          13.03258
          19.44356
          12.47649
          24.46575
          17.12799
          19.73032
         -11.24751
         -16.71601
          44.27926
         -16.16997
          26.70470
          -0.46068
          -1.98544
          13.32798
          44.82240
          34.47049
          22.61552
          29.70633
          29.56622
         -16.44339
          14.75855
          -1.77699
         -12.54929
           3.73377
         -32.28427
          -3.47864
          27.09273
          31.84981
          29.66232
          45.57335
          65.51999
          25.65774
           7.61720
          27.88077
          -2.30636
          31.71732
          37.94447
          29.92160
          28.45940
           2.71196
           8.24619
          -3.60048
          -5.42050
          16.62846
          -6.76409
          31.14501
          -3.63308
          80.21926
           5.72961
         -16.29181
          45.94545
          -6.34647
          10.90908
          28.68568
         -15.61559
          49.31370
           7.99044
          24.58550
           7.04880
          63.71714
           9.95957
          -5.14216
          20.92586
           8.18901
          36.77415
         -43.02249
          10.68277
          27.19660
          62.59591
         -16.55179
         -13.23190
           7.92360
          36.98695
          44.18641
          69.79030
         -43.37835
          22.94515
           7.48407
          -2.36938
          19.28879
           7.53596
          37.84140
           5.99678
          45.86594
          21.84023
          20.33446
          16.06167
          69.93762
         -46.77481
          38.26013
         -10.67867
          24.84385
          23.85521
         -29.15841
           6.74644
          -1.69766
          20.87619
          12.51870
          58.70557
         -31.09329
           6.89042
           7.18765
           6.92787
          19.14678
         -18.45667
         -51.13656
         -18.69013
          30.48647
          57.58364
          -3.20950
          14.92278
         -18.66272
         -42.69847
          -1.31454
         -29.20013
         -15.44947
          14.78131
           6.97615
         -37.12752
          24.33909
          -3.76227
          41.74187
          -6.43891
           2.06820
         -15.02310
          60.21844
          41.98862
           0.55566
          26.27773
          40.39290
          12.59400
          28.89629
          26.99283
         -37.18952
           3.87136
         -20.87154
          14.60727
         -13.73947
          70.76626
           6.89099
         -20.67836
          11.71387
          -5.12129
          50.75219
          17.84907
          34.68711
          -9.96925
          29.04921
          81.38803
          14.58451
          12.68097
         -23.64406
          41.38512
          -2.52350
         -41.71127
          17.64032
         -11.70962
          15.79448
          65.84123
           0.71230
          22.15185
         -43.68032
         -16.51427
          30.48037
          11.14029
           7.65203
          12.63698
          23.72747
         -23.64871
          45.51195
         -42.81971
         -10.99481
         -23.13675
         -44.52247
          21.34428
          -8.00957
           9.48156
         -17.28773
          25.04708
          20.12855
         -13.11081
          -3.87466
         -38.53157
         -10.83566
          42.20422
         -19.73732
         -21.23093
         -20.47859
          63.62441
          27.16932
          40.32327
          49.70415
          -0.44458
           1.58630
          -9.04522
          -6.65743
          54.94887
           8.71392
         -20.28302
          14.12475
          10.49492
          -0.01278
          -5.04712
          -8.44950
          13.41172
          61.06445
          53.75330
         -27.03879
          36.70583
         -13.07367
          36.76622
          29.69475
           5.49095
         -14.57757
           4.14155
          -3.58863
          -0.23046
         -20.83723
          20.48933
          47.78662
          48.74359
               NaN
          31.62476
          20.40116
          -2.65556
          19.40821
          56.71494
         -32.05458
          34.46417
          17.22083
         -12.33894
         -18.56491
          19.88459
          46.80583
          25.69947
          23.21498
          -2.09453
         -11.79663
          11.48207
         -12.50833
          46.23211
          12.50358
          -3.09966
          38.63772
          18.00631
          -8.84924
         -59.18046
          39.37908
          38.31161
          -9.59780
          -8.68493
          14.54832
         -16.33809
         -12.86238
           0.55434
          -0.41014
          -0.12098
          21.26275
          -8.81168
          25.85611
         -15.56211
          31.46656
          -9.88645
           1.84178
           7.76822
         -19.06579
          18.70633
          48.50979
          51.90119
         -25.03997
          18.91066
         -27.99822
          23.28247
          59.78205
          13.34058
           1.24869
          -2.77284
         -23.44061
         -30.19723
         -47.65489
          18.22938
         -29.32829
          40.87097
          56.43920
          37.89405
         -40.93565
          30.27304
          16.68130
         -18.02302
          -4.70456
          16.70779
         -23.92558
          27.75992
          -5.08440
         -28.47077
          16.85133
         -19.03265
           5.92145
          -2.81168
          34.27605
          41.02696
          20.09053
          47.37674
           9.00607
           7.72100
         -29.66422
          49.34064
          32.57770
          16.38545
          15.26759
          11.85615
          -0.87132
          11.63668
         -54.79146
          56.28023
          48.55337
         -14.10225
          -9.93488
          28.92577
          14.74765
          73.99889
          23.58162
          17.05462
          12.58765
          38.74671
          84.85679
         -25.31667
           3.34933
         -13.50299
           8.24803
          -0.54083
          -0.66245
         -36.47743
          40.32274
          30.00755
          45.79693
           7.70704
          15.49395
         -33.20475
           4.54415
          -8.70412
          -7.44489
          -2.30564
         -19.40751
          17.98337
         -45.51064
          12.39366
          11.29537
          -9.21730
           2.68340
          41.21348
         -28.74972
          15.73063
           7.25195
         -15.42146
         -36.28207
          71.27069
         -25.50857
          -1.66716
          70.41529
          21.09198
          15.93439
         -17.44640
          16.05553
          40.53218
           5.08119
          -9.06806
          24.94009
          14.48932
           3.15079
          22.63626
         -23.12842
          49.79255
          30.84353
          50.91220
          61.36431
          11.90338
           2.43953
          32.41322
         -14.66056
          12.16104
          30.26717
          75.54205
          48.17056
          11.55821
         -28.49795
          67.53799
          26.14529
          -0.07743
          -0.16525
         -22.99310
         -17.54854
         -12.40390
         -42.39667
          38.38624
          19.33859
          36.65582
           4.70733
          27.09885
          -5.86005
         -15.41356
          -7.12457
          40.58610
          67.10294
         -26.54647
          -2.77005
          -9.71933
          44.09308
          43.72909
          30.40108
          16.78904
          -4.20248
         -12.22982
           6.88808
          21.81612
         -10.97906
          10.17916
          53.91088
           5.48002
          38.69658
          20.05263
         -32.22768
          40.16380
          80.93058
          19.27557
          28.75499
          47.83246
          51.60153
          11.22072
          46.13542
          -9.45861
          -9.68736
         -15.47035
           4.00605
         -11.02839
          -3.40725
           7.97252
          14.78197
          48.71082
          -9.39084
          -2.91187
          33.49125
          73.72659
          17.74935
         -23.67391
           0.64203
          18.53767
           2.62646
          23.97391
          19.66378
          28.48375
          33.17307
         -10.34963
          11.28581
           6.05887
          36.44386
          18.03550
          51.13311
          24.51264
           9.84346
          24.29771
          -6.26049
          45.80705
         -53.58533
         -16.19339
          22.37479
          -9.11999
           0.62888
          24.58946
          -7.24442
          -5.52985
          34.24225
         -22.33167
          20.24567
          55.66387
         -31.00384
           2.66170
           9.98997
           0.66548
          32.59891
          31.21884
         -19.58595
         -49.18220
         -11.48902
          26.44589
          25.07565
         -21.34875
          56.22661
          48.25654
           6.88644
          -6.71868
          38.73991
          50.09034
         -12.71550
           4.80252
           7.65957
          43.88823
          24.04223
          13.17220
         -11.99630
          54.75131
          11.84984
          19.88385
         -10.58544
          14.43251
         -10.95721
           1.55440
          57.64172
          15.03735
          16.37638
          13.01158
               NaN
          -9.30223
         -22.35343
         -26.44118
           9.84841
         -13.73702
          13.03129
          17.46741
          10.98146
          49.86640
         -17.39761
          59.74372
         -37.21336
         -20.85326
          33.60307
          24.21314
         -25.88476
         -25.38356
         -32.86482
          26.73019
          42.46719
         -42.61722
           0.77559
          19.77567
          -6.69933
           2.05418
          35.18128
               NaN
          14.55911
         -45.13316
          40.96192
          33.46166
          12.07817
          40.98589
          -2.21861
          21.06030
         -28.25877
         -29.16593
          10.92536
          23.38910
          35.93058
          13.44844
          16.32843
          -9.76145
         -43.09802
          16.50969
          23.09725
         -12.46846
         -31.88642
         -42.96102
          37.84027
          54.66574
          18.76490
         -45.30594
          59.28458
           8.64090
         -19.06054
         -31.00303
          16.37961
          -6.39777
          13.50895
         -30.37019
         -15.47493
          40.94405
          64.72873
          33.61918
           7.53748
          43.92296
          28.98220
         -29.22512
          21.56112
          -1.70722
          17.20184
          36.37113
               NaN
         -10.49543
          10.50067
          54.51999
          35.19641
          15.31801
           5.26617
         -40.05699
         -23.00290
          14.14485
          53.14215
         -11.60476
          -0.69106
           7.77045
         -27.50996
         -29.00677
          11.36597
           3.23082
          41.06447
         -30.01114
          23.08012
         -29.45858
          23.04643
          22.72529
          38.02663
          72.68959
           7.97001
         -31.75235
           2.87503
          -3.14931
           6.79178
          -1.63983
          -3.99350
          41.05461
           0.64851
          -4.07988
          -7.70227
           4.95101
          -1.70068
           0.10376
               NaN
          -0.77226
          -2.41450
           3.24093
          -6.19000
          -2.96185
           1.08211
           4.72913
          -4.39728
           3.68781
          -5.71688
           2.95854
           0.60231
          -0.45164
          -0.14026
           0.95512
          -3.22430
          -8.15379
           1.96588
           1.31896
           3.49552
          -5.81308
           3.82663
          -6.08239
           3.79087
           6.14836
           0.77269
           4.41937
          -1.28615
          -1.25025
          -0.20448
           3.46292
          -9.02202
          -5.70922
           4.37152
          -4.59617
          -3.01007
          -4.97669
          -8.20566
           0.21841
           6.94781
          -3.25057
           0.17074
           2.41488
          -0.53643
           2.95407
          -6.35600
           2.16095
          -0.35735
           3.41660
          -2.08123
          -5.51730
           3.00308
          -1.74519
          -3.52336
           8.61367
          -9.40842
           8.08428
          -5.53813
           1.34172
           2.27797
           2.15747
          -0.71746
          -5.39624
           5.29819
           1.61647
           0.44189
           4.86288
          -4.54767
           6.26440
           5.03859
           4.15855
           3.57180
          -2.17283
           2.51231
           5.82026
           1.81205
           1.68210
          -1.63058
          -1.96103
           1.88031
           6.14642
           6.97935
          -5.63330
          -0.01544
          -6.71917
          -0.22512
           7.96307
          -5.99111
           3.89365
          -3.34424
          -0.35859
           3.43912
          -0.86277
          -2.56504
          -0.95866
          -0.06637
           4.95504
           3.71461
           3.23978
           0.13600
           2.09554
           3.32462
           1.80862
          -1.12990
          -1.11936
           5.17167
           1.03550
           1.67373
           3.32096
          -1.97493
           5.77854
           5.46658
          -5.32817
          -2.99727
           1.72506
          -9.76910
          -3.81813
           2.19703
          -4.82974
           4.48701
          -7.15185
          -0.05869
          -0.54930
          -0.16894
           3.41835
           0.35689
           1.79921
          -1.95059
          -1.31081
          -7.19857
          -3.99627
           3.63696
           5.25679
          -6.33597
           2.05150
           5.95842
           3.96015
           0.86046
           2.56083
          -4.01200
          -8.15322
           2.05892
           0.40702
           2.20546
          -3.21812
          -1.52604
          -2.76769
          -6.63530
           0.69972
           1.46546
           0.87519
          -2.34443
          -2.45027
           1.17603
          -0.14185
           3.84860
           0.90764
          -2.79375
          -1.73871
          -1.32359
          -2.16711
          -1.42114
          -1.95772
           3.90545
           2.04858
          -1.64188
          -3.48250
          -3.32087
          -8.27182
          -0.67381
           5.10387
          -0.58212
          -2.08516
           3.56814
          -5.98802
           1.71611
          -1.57655
           0.56486
           3.79358
          -1.07700
           1.50836
           1.88896
           2.36986
           4.54810
           1.53789
          -1.55037
           6.64566
          -2.18040
           1.67446
           2.00690
           3.17571
          -0.50960
           1.04406
          -0.40378
          -1.68267
          -5.93458
          -0.33990
           2.89550
           0.25097
           5.28376
          -2.50224
           2.63258
           1.69941
          -6.06771
           0.98102
           0.21738
           2.59376
           4.36672
           2.01220
           3.30114
           5.31816
          10.44848
           1.80248
           0.89184
          -3.36512
          -4.56781
          -0.19150
           3.07591
          -1.92864
           0.99823
          -1.91526
           3.50570
          -1.09977
          -4.25012
           1.96279
           0.75520
           2.54202
           1.83126
           5.10748
           0.17858
          -3.72064
           2.07751
           1.75085
          -3.06391
          -6.79052
           2.21305
          -1.30118
          -0.25722
          -6.67308
          -4.68586
           2.82401
           3.95006
           3.10769
           5.02243
          -4.06628
          -2.13909
           3.59244
          -2.19495
          -1.34596
           5.40710
           1.88339
           5.01061
          -0.83062
          -5.84282
           1.67135
          -1.75674
          -0.92797
          -0.93369
          -2.87307
           7.24608
           7.16726
          -1.45122
          -0.96293
          -0.56223
          -3.64648
          -2.26801
          -1.65949
          -1.34919
           5.18559
          -3.70229
          -1.60625
           7.15163
          -0.19051
          -1.41559
           1.80061
           2.10645
           3.17121
          -5.18665
           7.44591
           5.18180
           0.69271
          -1.61736
          -0.12875
           1.76378
           0.51710
           8.64487
          -0.78160
           5.52979
          -2.58326
          -3.20295
          -0.06761
          -2.59346
           0.69464
          -0.93514
          -2.08615
           2.04518
          -5.00794
           3.98009
          -5.38144
           1.18946
          -1.87304
          -1.45444
          -1.30869
          -2.29657
           3.14049
          -3.65546
          -5.61496
          -0.43670
          -3.33343
           7.19798
          -7.20066
           5.01727
          -2.35741
          -3.65832
          -1.16141
           1.03597
          -2.53085
           1.41935
           7.27556
           3.81510
          -4.53890
          -0.37018
           7.16969
          -3.88948
          -0.71964
           4.60455
          -6.49390
          -2.95622
           1.04021
          -2.27073
           0.20691
          -9.99264
          -1.49948
           0.98164
          -0.93545
           6.54261
          -5.67087
           3.15607
          -4.44390
          -2.98062
           4.70138
           5.71314
          -2.81778
           3.49787
          -5.05509
           0.92645
           4.72408
          -2.82455
           5.13704
          -5.91160
          -1.25877
          -1.14239
           6.42517
           1.95199
          -1.89709
           3.24128
           0.33325
          -3.00608
           3.14894
          -3.30782
           1.34331
          -6.48291
           1.97862
          -1.20026
          -0.58731
           0.86552
          -3.68897
           1.25035
          -0.53757
          -0.63827
           3.90343
           7.80133
          -6.54646
          -0.26258
          -0.58417
           1.19918
          -1.27170
          -4.78550
           5.95492
          -0.42731
          -3.95482
           1.89964
           4.28766
          -1.57018
           1.46624
           5.63785
           2.73528
           5.76942
          -1.77331
           5.23355
           1.54624
           2.86811
          -3.32439
           0.87359
           1.47802
           0.27926
          -0.45942
          -3.56197
          -1.00879
           0.29337
           6.22849
           1.11302
           7.30320
          -4.30467
          -8.42528
          -2.63884
           3.91666
          -2.25043
          -0.01265
          -5.76704
           2.37521
           0.50933
          -4.74914
           6.60828
          -1.69997
           4.51703
           4.78725
           0.66984
          -2.39461
           2.04671
           0.07745
           0.58690
          -0.48426
           0.29460
           4.09893
           4.87279
           5.00047
               NaN
           0.26655
           3.55557
          -0.86410
           1.90568
          -0.26299
           8.08772
          -7.55352
          -0.59721
          -2.26228
           1.12100
           1.15288
           1.09732
           2.35584
          -0.12530
           1.82120
           4.41680
           1.37839
          -1.84666
           2.38459
          -5.61903
          -0.27210
           0.88650
          -2.67947
           7.97901
          -5.41819
           0.85354
           1.59113
           2.05912
           3.78655
           2.67354
          -1.77842
          -0.05643
           2.12240
          -0.45722
           2.62598
           2.98379
           0.07310
          -6.58173
          -2.32954
           4.51032
          -5.98800
           1.64369
          -2.53858
          -1.80431
           0.45127
           5.75216
          -4.04538
         -10.31246
          -0.76998
           3.03117
          -5.07063
           6.65870
           0.23194
           2.57687
          -5.04770
          -5.43964
           3.60200
           2.94146
          -2.27772
           2.83260
          -2.15038
          -2.69142
           1.18212
           1.77307
           0.04208
           4.33826
           0.35748
          -8.54173
           1.57138
           0.28819
          -1.70046
          -5.90086
           7.05611
           0.27902
          -2.61441
          -2.05708
          -3.76628
          -1.54868
           2.30902
          -1.53628
           1.02192
          -5.65428
          -4.13791
           3.07811
           2.44485
          -1.25701
           3.00608
          -7.05625
          -3.35476
           0.29057
           2.86591
          -3.01658
          -0.07933
           1.12878
          -2.04846
          -2.41813
          -9.82437
           2.89888
          -8.27300
          -1.04311
           3.80591
           2.00102
           1.22690
           4.37588
          -6.14555
          -1.05797
           7.44212
           7.11459
           2.26286
          -5.79392
           4.44950
          -3.13153
           5.41355
          -8.19518
          -2.54699
          -2.96854
           3.08506
           2.73888
          -2.62537
           0.59104
          -0.06814
           1.29618
           3.24854
           4.56486
           4.32483
          -0.52125
           0.84217
          -1.43788
           3.32524
           4.11919
          -2.69214
           1.78159
          -5.79729
           0.17165
          -0.72663
          -1.35078
          -2.78727
          -3.19400
          -3.44055
           1.12176
          -1.32083
           0.94286
           0.04678
           0.58327
           2.95435
           0.82121
           3.61398
           0.13340
          -4.91088
           0.81991
          -1.45927
           5.50101
          -0.45769
          -0.97012
          -1.72407
          -7.00137
          -5.06799
           5.53912
           2.91019
          -1.58464
          -1.33327
          -5.86265
          -0.62145
          -4.01842
           0.19796
          -0.72345
           2.04746
          -2.77443
          -2.62645
          -6.02941
          -1.35709
           4.36354
          -3.66163
          -0.00678
           0.70012
           2.29803
           1.23267
           4.92792
          -3.59164
          -2.08673
          -2.00537
          -0.53803
          -7.74884
           6.07704
          -0.42820
           8.38401
          -2.32328
           4.11066
           1.31017
          -3.15266
          -0.32725
          -5.30472
           3.81202
          -0.16121
          -2.73734
          -2.11025
          -0.30945
          -0.12051
          -0.02907
           4.53024
           1.30088
          -3.11159
           1.53755
           0.94256
           4.86677
           2.60377
           1.85066
           2.32121
          -5.27634
          -1.97268
           2.32563
          -8.04009
           3.07809
          -0.44612
           3.72834
          -3.27107
          -0.74669
          -3.78188
           2.10194
           0.30915
          -0.22353
          -1.06010
           4.06558
          -0.66371
          -3.73040
          -2.47535
           2.05523
           3.19589
           1.91114
          -5.44469
          -3.95337
          -2.82455
          -5.16428
           3.14218
          -1.07548
           3.70192
           3.66147
           7.24839
           0.65606
           1.67374
           4.21932
           0.62434
          -2.37621
          -4.67628
           1.60039
          -4.80703
          -7.18186
           1.63985
           2.95315
           0.23408
          -1.84778
           0.56364
          -9.12690
          -7.13895
           4.62508
          -3.50341
          -3.46179
          -0.61492
           4.02210
           2.10459
          -3.14459
           2.80931
          -1.71844
          -1.08580
           6.67718
           5.10476
           2.88274
          -0.76414
           2.07419
               NaN
          -0.67751
          -2.37168
           2.08512
           2.23558
          -0.33706
          -8.09178
          -3.06789
           3.34149
           4.14720
          -1.44116
           5.45907
          -6.95575
          -3.45442
          -2.72073
           7.10491
          -3.20077
           1.56068
           0.64059
          -5.64015
           2.25827
          -0.53640
           4.92484
          -0.43730
           0.94390
           2.14732
           2.81999
           3.21550
          -1.51180
          -2.60244
          -0.98719
           3.86748
          -2.80333
          -6.02923
           9.49107
           3.51230
          -5.34116
           2.68216
          -0.46227
           5.84838
           1.75775
          -0.70905
          -1.19350
           0.25788
           2.00414
           3.34570
           0.12126
          -4.62220
           4.97108
           2.86421
           7.22046
           4.49692
          -0.78302
           0.75863
           1.03123
          -2.46384
           1.24716
          -0.56219
          -0.36473
          -4.08144
          -3.71659
           2.83291
           3.83221
          -4.03391
           2.93254
           5.82139
          -1.46518
          -0.14577
           1.64020
           2.11293
           2.86219
          -3.29295
          -5.82525
          -5.91932
           6.66455
           0.61089
          -3.08747
          -0.54589
          -4.74814
          -3.81289
          -6.70941
           4.48933
           1.92193
          -8.16370
          -4.18692
          -0.02375
           3.71760
           3.83747
          -4.01826
          -5.60753
          -4.66006
          -4.13569
           4.79724
          -1.01921
           2.46217
           5.87299
           1.81748
           1.54969
          -2.39972
           0.67627
          -2.29952
          -0.66592
          -4.78374
          -1.46210
          -3.10018
           1.46955
          -6.42198
          -0.58104
          -1.62850
          -2.46291
          -4.87957
          -2.31569
          -6.79934
           2.59125
           0.73532
           5.02700
           3.06952
          -1.80039
           4.03317
           3.25746
          -2.48785
           0.38193
           3.37791
           1.55436
           4.25470
           7.33504
          -2.10929
          -9.98182
          -0.09446
           2.48903
          10.75161
          -3.68800
           1.45790
           4.46584
           5.73496
          -5.17594
           0.75150
          -4.35197
           3.57305
           3.51722
          -1.14699
          -0.41315
           0.36860
           2.28235
          -0.13074
           2.86880
           5.79123
          -5.52806
           3.20073
          -0.32232
           1.93370
           0.05390
           3.55852
          -5.86122
          -7.02449
           2.28418
          -1.05122
          -0.68355
          -1.40278
           4.84292
           7.58235
          -2.01202
           1.14405
           2.58448
           2.93953
           1.22389
           4.02678
          -5.09198
           1.16150
          -6.14896
           2.43277
          -5.74301
           7.21590
          -3.17131
          -0.06016
          -0.35265
           0.30002
           4.00917
           1.35852
           4.37690
          -2.34875
           4.11135
          -2.45050
           2.84170
          -4.38845
          -6.80031
          -0.34596
          -0.66766
          -1.50750
          -3.08331
          -0.68035
           3.27127
           8.46623
          -2.30425
           1.26087
          -5.79845
          -2.24914
           4.36368
           4.98923
          -0.42508
          -0.80598
           3.65033
          -3.89488
          -5.74384
           0.06254
          -6.69618
           4.74018
          -3.04582
          -9.24726
          -3.00785
          -6.97700
           0.26887
          -0.71130
          -4.48213
           3.38329
          -4.51223
          -6.38292
          -3.53188
          -4.88223
          -3.94602
          -7.59813
          -0.54337
           2.09032
          -2.43858
           4.91159
           7.04240
           2.84642
          -0.68812
           2.43420
          -0.88669
          -4.23588
           2.07241
           3.11182
           1.49722
           3.38847
          -6.55866
               NaN
          -1.15627
          -1.75985
          -8.53194
          -1.16983
           1.54145
          -4.68286
          -8.37049
          -3.19894
          -2.94218
          -5.20012
          -1.48184
          -0.02095
           5.47741
           1.96697
          -3.25296
          -1.88913
          -0.50697
          -0.73902
          -5.60170
          -2.66064
           3.72540
          -1.66397
           6.59441
          -0.67887
           0.32550
           4.51545
           2.88054
          -6.83895
          -7.67347
          -1.10366
           2.12476
          -1.12197
          -2.77321
           3.05059
           4.42560
          -3.87901
           4.53348
          -4.50695
           3.69698
           3.24716
           7.09335
          -3.07913
           2.71142
          -4.48430
           3.16342
          -0.56812
          -3.97071
           0.33443
           0.83938
           2.33660
          -1.72187
          -1.87609
           1.73049
          -0.79975
          -6.07692
           6.79444
           2.49712
          -1.45330
          -2.25250
           2.33572
          -2.74779
          -7.14256
           4.42545
          -5.14845
          -0.99795
         -10.35161
          -2.75246
          -7.01902
           0.68643
          -9.05201
          -8.74291
          -0.70854
           6.03627
          -6.62787
           5.14983
          -5.41616
           4.59087
           0.50627
          -2.17653
           1.06222
           2.87390
          -3.76429
          -7.99162
           1.02412
           2.54435
           6.22509
          -7.83191
           6.65312
          -6.34208
           4.24762
           5.72924
           1.35039
           3.86321
           0.20959
          -2.16833
          -2.28690
           2.22025
               NaN
          -7.37875
           4.74044
          -2.03087
          -4.33668
          -4.19091
          -5.89037
          -0.52607
           9.39276
          -6.47230
          -3.44005
           1.49566
          -1.96766
           5.47582
          -9.06937
           4.21262
           0.58794
           4.11774
          -0.92620
          -3.46014
           4.44662
          -0.36651
          -4.53130
           8.80362
         -11.16064
           8.55930
          -6.37772
          -4.15922
           2.66205
           3.31387
           2.30932
          -3.99837
          10.06623
           1.19017
          -5.09218
           6.78672
          -4.47068
           5.09542
           0.85467
           2.76954
          -1.54583
          -2.04611
          -2.14040
           4.89863
           4.51858
           0.75730
          -1.45784
          -1.28073
           5.40712
           3.70301
           2.81115
          -7.42205
          -5.01965
         -10.86568
           0.39416
          10.33784
          -9.20219
           3.04167
          -6.97370
           3.75567
           7.23676
          -2.59571
          -2.76120
          -1.47520
          -0.98125
           3.73165
           5.62138
           3.86601
          -2.37515
           1.20910
           2.61355
          -0.47865
           1.37193
          -3.68346
           2.31448
          -1.46872
           0.78173
           1.74461
           0.47656
           3.51455
           6.27017
          -5.89636
          -8.36380
           5.65679
         -12.03157
          -7.48619
           0.71726
          -6.93977
           2.91140
          -7.25534
          -1.17458
           0.69359
          -3.63831
           2.90849
           1.44756
           0.35846
          -6.77983
          -1.46903
          -6.70466
          -5.17509
           6.49241
           6.25141
          -6.67783
           4.21390
           4.89988
           5.07126
           0.20264
           3.12728
          -5.91940
          -7.74348
           3.21843
          -0.00177
          -0.04411
          -2.76969
          -5.15099
          -3.44285
          -7.76747
           1.88946
          -1.71258
           1.30492
          -5.36581
          -5.69094
          -1.42248
          -0.42597
           6.21917
           0.57028
          -4.69906
          -4.82964
          -1.11066
          -5.75137
          -3.25997
          -1.87646
           4.82532
           1.18819
          -1.66307
          -2.77865
          -7.84078
          -7.19047
          -2.60225
           3.34141
           0.04132
           1.36289
           5.82110
          -6.84265
           3.99911
           0.63715
           2.93043
           4.06749
          -4.89986
          -2.53572
           1.40070
           1.93471
           8.77754
          -1.91303
          -4.56160
           7.87752
          -4.45987
          -3.19595
           3.40062
           1.58546
          -1.00754
          -0.31638
          -1.68046
          -5.04779
          -5.93292
          -0.11520
           0.28523
          -0.94066
           2.98916
          -2.35619
          -1.42725
           3.01344
          -7.00472
           0.94169
           2.55227
           2.11966
           5.70076
           1.83503
           3.24812
           4.34335
           9.32025
           2.30279
           3.72888
          -5.87231
          -3.95309
          -1.06715
           3.42832
          -1.14622
          -2.65284
          -4.77794
           6.12605
          -0.71055
          -5.08445
           1.87696
          -0.63319
           0.98626
           4.53180
           0.33756
          -1.37495
          -9.10717
          -1.98629
           0.67296
          -3.73154
          -5.31817
           1.32054
          -4.35396
          -2.98896
          -7.12800
          -7.70061
           1.59863
           1.67265
           3.64636
           0.91440
          -4.75268
          -5.16205
           0.15670
          -5.82980
          -1.79258
           7.85930
          -1.99425
           4.45764
          -0.70190
          -9.76792
          -0.98555
          -0.81120
          -1.84432
          -3.46982
          -5.42630
           5.27725
           3.26463
          -1.94650
          -0.52852
          -1.17072
          -1.55074
          -2.24973
          -7.98585
          -0.26714
           6.60446
          -3.69828
          -6.35341
           4.84601
          -4.18708
          -1.27150
           1.51146
           2.03342
          -0.23917
          -7.11935
           8.65257
           6.30151
          -0.10329
          -3.31240
          -3.01013
           2.76306
           0.99383
          10.68221
           1.44161
           5.87757
          -2.38384
          -3.11828
          -2.32568
          -3.01416
          -3.24183
          -3.07079
          -0.97629
           4.09057
          -6.19661
           2.83462
          -6.80322
           2.18726
           0.95443
          -6.89569
          -0.33160
          -0.92835
           2.87466
          -2.42592
          -5.46654
          -3.03192
          -1.84577
           6.14961
          -6.20721
           2.86729
          -1.11377
          -4.70503
          -3.13609
          -0.09008
          -5.97916
           4.94182
           8.00771
           4.31066
          -3.20383
          -1.44689
           7.71671
          -6.44292
           0.70767
           4.54271
          -6.64149
          -4.67589
           4.81007
          -4.56915
          -0.32526
               NaN
           0.23132
           0.26923
          -4.01158
           5.36804
          -5.38432
           3.09974
          -5.21443
          -2.68854
           4.71769
           3.24661
           0.91785
           3.89476
         -10.02548
           0.38901
           4.91115
          -3.31170
           2.71272
          -5.72590
          -4.35932
          -2.01809
           6.74206
           5.37091
          -1.34271
           2.85336
           1.76450
         -10.12066
           1.52207
          -5.98751
          -0.93458
          -9.65325
          -0.80076
          -5.69638
          -4.27192
          -1.85806
          -2.99173
          -0.21606
           0.86095
          -1.46490
           1.70523
           8.52757
          -8.33720
          -1.32739
          -0.57302
           1.61873
          -2.54906
          -5.50841
           5.02026
          -0.41111
          -3.97952
           2.24894
           0.00567
          -1.26891
          -0.39690
           4.33828
           3.58918
           5.17090
          -2.56409
           1.79607
          -1.17105
           1.45340
          -3.73753
           1.73557
           0.72789
           0.09009
           0.66402
          -3.50889
           0.92226
          -0.42111
           4.45965
           0.36154
           5.75746
          -7.85899
         -13.43148
          -3.49276
           2.66495
          -3.74626
           0.79731
          -8.47329
          -2.04724
          -1.57844
          -6.90285
           6.10788
          -2.10902
           4.10608
           4.83571
           0.03490
          -2.01726
           0.22004
           0.59312
          -5.49689
           0.46718
           0.66723
           2.39423
           5.90718
           3.43595
         -12.70375
           1.00082
           0.78473
          -1.01109
           0.12146
          -0.86107
           2.15732
          -9.10350
          -0.91252
          -2.21192
           1.58159
          -0.84600
           5.32483
           0.24431
          -2.87613
          -2.69254
           5.85061
           1.22332
          -3.29063
          -0.27985
          -7.73283
          -3.83029
           5.20576
          -5.11005
           8.22594
          -4.82724
          -0.42906
           0.97042
          -2.03559
           2.96972
          -1.13103
          -2.24531
           1.85256
           2.46641
          -6.26612
           6.47061
           0.95908
           2.29404
          -8.31649
          -5.18900
           6.71769
          -5.21975
           1.43303
          -2.82666
          -2.64707
          -5.62440
           7.90670
          -5.31411
         -10.31317
          -0.49233
           1.50011
          -4.40681
          10.30893
           0.76061
           2.98194
          -7.16221
          -6.09967
           1.92437
           4.22033
           0.02723
           2.94626
           0.29379
          -1.81576
          -0.65111
           0.02697
           2.28141
           2.92006
          -0.14763
         -11.59282
           2.72675
           0.47459
          -0.92793
         -10.66428
           4.66809
           0.62590
          -4.10419
          -5.02714
          -4.75494
          -3.65652
           0.13479
           1.87012
           0.72426
          -4.36167
          -4.09720
           2.97420
          -3.27100
          -1.90632
           3.50208
          -8.27335
          -2.82409
          -2.93750
           2.75848
          -6.18258
           3.13024
           0.28834
          -8.06450
          -2.66703
         -10.89385
           5.12127
         -10.46183
          -1.43052
           6.07804
           1.56015
           2.24363
           2.70709
         -11.44934
          -1.26790
           7.14050
          11.18403
           2.67531
          -7.98693
           4.08312
          -4.40801
           3.12468
          -9.53608
          -0.62967
          -4.23233
           6.49623
           3.20203
          -1.99527
           3.11519
          -1.49590
           1.72056
           1.68959
           5.13488
           2.27857
          -3.22344
           1.48392
          -0.38257
           6.40047
           4.72929
          -4.80545
           2.75149
          -3.90684
           0.76636
          -6.11999
          -2.49538
          -5.76771
          -5.51633
          -2.99433
           1.33688
          -1.04278
           0.89004
          -3.88540
           0.56233
           4.07549
           0.46999
           2.29188
           0.86647
          -4.04783
           1.53807
          -2.27805
           0.39286
          -2.89511
           1.14338
          -4.10302
          -6.76667
          -7.57372
           1.81996
           1.40375
          -0.12771
          -1.67050
          -6.14051
           1.63199
          -2.50067
          -0.21837
          -5.59053
          -0.39229
          -9.83580
          -3.44613
          -8.39623
          -2.15419
           1.99708
          -7.37676
           2.69448
          -1.90338
           1.05131
           1.26870
           6.88710
          -5.54795
          -5.12379
          -4.46106
          -2.97760
          -8.02316
           5.93043
          -2.43805
           8.55186
          -5.65756
           3.26903
           4.08690
          -5.82433
          -2.76170
          -5.61514
           8.16174
          -3.32743
          -2.36354
          -1.62663
           0.88072
          -1.50649
           0.16399
           5.24023
           0.69570
          -3.11075
           0.97708
          -1.20726
           4.34113
          -0.45155
           3.33496
           0.68628
          -4.24767
          -2.31657
           0.78875
          -7.59078
           1.71159
          -3.19333
          -0.31391
          -0.84871
          -1.71736
          -2.57113
           0.71195
          -5.07773
          -0.84113
          -0.66658
           4.23472
           0.81191
          -2.17805
           0.32187
           1.51911
           5.57499
          -1.30621
          -8.01195
          -6.78298
           1.13043
          -8.45002
           1.67285
          -0.33306
           4.04235
           3.23394
           8.04626
          -1.08902
           1.88891
           6.60219
          -0.48037
          -0.83382
          -5.21167
           1.07761
          -6.46897
          -9.87226
          -0.16897
           0.71329
          -0.94455
          -3.14825
           2.94932
         -10.18565
          -8.31558
           3.03380
          -4.92830
          -5.17898
          -1.39900
           2.99223
           5.64046
          -5.54095
          -0.29587
          -0.98207
           0.20007
           4.43907
           6.92141
          -1.03475
          -3.41289
           1.42072
         -12.32648
          -2.73531
          -5.42539
           3.58235
           0.94092
           0.17969
          -8.90033
          -3.47542
           3.42894
           6.84203
          -1.77547
           2.86677
          -9.50003
          -3.79583
          -3.38088
           8.82129
          -3.82092
           2.04257
           0.96955
          -5.99588
           2.90113
          -2.87668
           7.70195
          -1.99537
          -0.26775
           2.31138
           3.12285
           0.32295
           0.59611
          -3.38324
          -1.99468
           5.76464
          -0.36111
         -10.73939
          11.10017
           3.08091
          -9.18317
           1.62106
          -2.24142
           6.73091
          -0.03595
          -3.70258
          -2.16481
           0.99213
           1.31875
           2.82381
          -1.11962
          -7.61501
           6.77031
          -0.79170
           4.59479
           0.30822
          -5.91447
          -0.17350
           2.56825
          -4.59522
           2.81057
          -1.14136
          -1.09235
          -8.99197
          -5.21446
           2.52202
           7.51682
          -9.05605
           1.04175
           6.50191
          -2.05069
           1.77064
           2.96485
           2.84185
           5.58260
          -4.60049
          -7.83010
          -6.88794
           6.23143
          -2.36545
          -3.26331
           0.27992
          -3.24542
          -7.33895
         -11.42862
           7.39668
           1.89666
          -7.71547
          -6.46058
          -1.92810
           1.50524
           2.52298
          -4.82568
          -5.59718
          -5.12456
          -6.28883
           4.56862
          -2.38384
          -2.88993
           4.67201
          -1.43724
           0.36826
           0.32313
          -3.43559
          -7.31222
          -2.93278
          -5.18464
          -4.72192
          -7.06935
           0.35548
          -7.73189
          -0.39213
          -2.06290
          -1.83982
          -5.63400
          -2.42809
          -5.46573
           0.64255
          -0.57060
           2.00491
           4.09553
          -1.24690
           0.30623
          -2.61086
          -4.11319
           1.29366
           4.83287
           2.30586
           3.74114
           6.63634
          -4.18985
         -11.08970
          -2.23214
           3.83841
          10.10754
          -5.07059
          -0.83409
           3.03767
           2.13231
          -7.87113
          -0.33853
          -6.43262
           4.23685
          -0.11664
           3.61482
           0.04574
          -0.76742
           2.48311
          -0.47119
           1.09333
           5.53526
          -5.62125
           0.47794
           2.52777
          -0.56454
          -3.20125
           5.30258
          -4.24114
          -8.46461
           2.71358
          -2.66011
          -2.33741
          -0.95354
           8.56338
           8.07345
          -4.11633
          -0.72809
           3.28666
           0.71628
          -0.89725
           2.43050
          -4.16810
          -1.66353
          -8.51676
           3.51029
          -6.13252
           6.77433
          -6.95746
          -2.22224
          -2.07260
           2.15149
           0.31116
          -0.12407
           1.77791
          -0.19818
           2.30345
          -2.68160
           2.31282
          -6.90017
          -7.77882
          -1.51855
          -0.86501
          -9.03696
          -3.09974
           0.34855
           6.03179
           7.65410
           0.27124
           1.21155
          -5.79515
          -1.80089
           2.69579
           6.32638
          -3.98551
           1.08643
           6.13614
          -3.88450
          -7.56337
           2.27991
          -5.17864
           7.39621
          -5.86460
         -12.73005
          -0.69641
          -7.85231
          -2.28268
           0.18339
          -5.19068
           1.01700
           0.90395
          -7.90287
          -0.82770
          -6.85675
          -6.11767
          -9.00585
          -3.33749
           1.65072
          -3.59371
           7.21953
           8.88054
           2.78811
          -2.87369
           0.62749
           0.54640
          -5.10849
           1.78167
           5.51692
           0.17765
           3.16939
          -5.36368
               NaN
           1.93678
          -3.97297
         -10.19461
          -3.04472
           4.48909
          -7.91806
         -10.02197
          -2.18315
          -0.94365
          -6.95546
          -0.25326
          -0.80327
           7.29410
           3.92875
          -5.72055
          -4.82499
          -1.62151
          -2.04609
          -8.85470
          -4.54110
           5.26327
          -2.20948
           7.56449
          -2.48721
          -3.86312
          10.27165
           2.93202
          -6.35947
         -11.87575
          -4.84664
           2.44879
          -0.55551
           1.04251
           4.10611
           3.93215
          -8.31654
           5.05117
          -3.77728
           4.97361
           4.67057
           8.41257
          -4.99503
           2.46560
          -7.20769
           4.53558
          -1.83390
          -2.68974
          -1.39093
          -2.22634
          -0.36404
          -6.66744
          -2.83617
           3.96271
          -0.22403
          -6.53287
           6.25465
           3.25964
          -1.84167
          -2.66375
          -2.14168
          -6.28280
          -8.62787
           5.82017
           4.00103
           1.92570
               NaN
           2.50247
           5.20017
           7.46540
          -1.45697
           6.59850
           4.04339
           2.56746
          -0.70848
           1.27002
          -6.21420
           0.25911
           0.76114
           2.40087
          -2.12886
          -2.21804
          -2.33130
          -8.42197
           3.52331
          -0.70751
          -1.01848
          -2.47447
          -0.84763
          -5.65291
           3.03553
           6.84148
          -0.18266
           5.33910
          -3.75971
           0.26801
           3.23928
           5.51797
           2.88605
          -2.94826
           3.76142
          -8.83851
          -0.81619
          -6.27618
               NaN
           1.44958
           2.90452
           2.07732
           6.14205
           3.93503
           1.83046
          -1.21623
          -1.86880
          -1.23198
          -1.92060
           2.25709
          -3.99135
          -8.91931
           0.61585
          -4.02516
          -1.85648
           8.29954
          -6.51070
           7.29872
          -4.14968
          10.43883
           1.64280
           0.24508
          -5.72295
          -7.70795
          -2.58689
           2.32146
           9.59379
           1.68137
          -4.67500
           8.19759
          11.95771
           6.45559
          12.03501
          -2.38239
          10.20667
           7.34439
          -2.66382
           3.21147
          -1.91624
          -3.08608
          -3.95212
          10.18716
          13.87246
          -2.67517
           8.26021
           0.13807
          -1.24925
           4.03582
          -0.68082
           5.30261
           2.65794
          -7.16248
          -2.84118
           2.00305
          -2.24064
          -0.10443
           1.44660
           6.97820
           0.56131
           2.20416
           4.28876
           3.56147
           4.50055
           5.59117
          -5.26726
           3.12099
           9.89672
           5.17681
           3.14887
           5.92783
          -6.02906
           9.52257
           4.13765
          -4.38853
           5.87755
          -4.77699
          -6.02758
           2.24787
           4.64417
          -1.34031
           7.09265
          -6.98070
           1.78670
          -2.60471
           5.56850
           4.26152
          -1.44678
           4.18185
           6.03572
          -1.04914
          -8.01536
          -2.04681
          -1.08519
           3.61193
          -5.77064
          -1.52453
           7.70896
           2.12268
           1.94833
           1.62407
          -0.85765
          -8.83083
           0.14139
           1.08307
           5.92566
          -3.95970
           4.46866
          -1.65115
          -4.76300
          -1.26779
           6.72110
           0.16453
           2.65212
           2.90895
           5.47327
           0.32802
          -0.07170
           1.46555
           0.35712
           3.37286
          -1.67572
           3.76031
           1.61980
          -2.09210
           2.38423
           3.47144
          -1.60683
          -4.64650
           4.15386
         -10.06008
           2.51532
           8.01851
          -1.61313
          -7.78734
          -0.15766
          -4.57468
          -2.05937
          -5.23743
          -3.34719
           3.34061
           5.24501
           8.19620
           2.69641
           3.08948
          -2.44629
           7.24480
           3.42939
           4.60848
           1.58924
           9.72882
          -0.29796
           5.80557
           0.31386
           3.29387
           1.70751
           3.88235
          -5.93731
          -0.71150
           7.21219
           2.22162
           9.07843
          -2.74376
           9.34648
          -0.47366
          -4.51813
           1.04606
          -3.64392
           3.37781
           2.16057
           2.30519
           3.38883
           6.93025
          12.31427
           0.97510
          -3.79987
           0.78111
          -5.58440
           1.25659
           2.49311
          -3.22254
           7.03615
           2.81885
          -0.82768
          -1.74343
          -2.87035
           2.10473
           3.05122
           5.11484
          -2.63472
          12.99566
           2.74771
           5.18726
           8.79796
           3.53340
          -1.95982
          -9.22538
           3.68902
           3.74730
           4.26036
          -5.92076
           0.29976
           4.85047
           7.71629
           2.21686
          11.81602
          -2.93115
           2.86010
           9.27426
           3.81614
          -0.60736
           1.35179
           8.29598
           5.92509
          -1.04348
           0.64826
           6.06516
          -3.32042
           0.58743
           3.26039
           1.34930
          10.50202
          13.62119
          -0.63217
          -1.68134
           0.44405
          -7.11227
          -2.29825
           8.80265
          -3.13861
           2.83916
          -3.70891
           6.24431
          10.96454
           6.41877
          -1.65388
           2.27880
           2.22723
           8.81108
          -1.99047
           5.45042
           3.33008
           2.00909
           1.18579
           4.63630
           0.11124
          -0.27129
           5.27566
          -4.45821
           4.95465
          -2.91306
          -3.34297
           3.66665
          -1.89773
           7.20452
           2.59666
          -3.92155
          -1.33735
          -3.04218
           5.87439
          -3.03020
          -0.46063
          -6.54892
           7.54396
          -2.92455
          -4.55926
           3.58012
          -5.68880
          -5.86042
           3.85510
          -5.79362
           8.93171
          -8.84356
           8.57275
          -4.41405
          -1.92733
           2.10420
           2.89818
           3.17175
          -4.40590
           6.06477
           2.99556
          -6.74675
           1.41040
           6.26508
           0.33322
          -3.08003
           4.70681
          -6.24982
          -0.11235
          -5.19414
           1.53026
           1.08698
          -3.90193
          -4.36178
           2.15976
           4.15167
           8.48505
          -6.14474
           3.24922
          -3.16963
          -3.46365
           4.67440
           9.79213
          -8.99552
           2.84153
           3.16462
           1.81523
           4.41470
          -2.01891
           9.14624
          -6.21870
           3.86871
           0.30578
           5.90112
          -3.70201
          -2.81389
           3.88281
          -2.03366
           8.75957
           5.83936
           1.12369
           5.11036
          -1.24000
           6.57499
           6.23513
           5.50606
           5.36959
          -4.84204
           3.67539
          -2.85035
           0.72876
           7.53869
           6.60033
          -3.58505
           1.49834
          -0.60261
           0.50536
           0.84071
          -3.59000
           7.50060
          -0.45410
          -3.91398
           1.32200
          11.36894
          -2.06840
           4.54738
           7.78698
           1.32316
           6.75921
          -0.46558
          10.91824
           6.03992
           5.20768
          -2.64116
          -0.55189
           2.71854
           0.59208
          -2.31728
          -3.64975
          -4.20224
           1.47493
           9.15370
           2.35576
           9.85945
           1.57325
          -0.14633
          -1.22667
           5.98666
           0.22329
          -1.35210
          -1.29162
           9.68876
           3.96195
          -1.18748
           7.43582
          -1.02350
           5.19665
           4.70712
           1.71985
          -3.01866
           5.06755
          -0.77532
          10.64788
          -2.05769
          -0.32163
           6.91805
           3.16217
           7.58779
         -11.41963
          -0.94775
           8.13781
          -0.62101
           4.85631
           0.72607
               NaN
          -4.99027
          -0.07578
          -2.34557
           0.35931
           4.45849
          -5.89388
           5.84777
           4.42384
           9.28573
           2.04566
           1.63483
           0.54130
           6.79086
          -2.12335
           5.61222
          -6.25643
           1.34009
           7.57066
          -6.39545
           2.97461
           2.61761
           8.83069
           5.13736
           8.96530
          -1.00631
          -3.21340
           1.55350
           9.14918
          -3.73203
           6.33212
          -3.59976
          -3.71291
           2.39925
           0.85992
          -7.25850
           1.99205
          -2.06218
          -0.41060
          10.49883
           2.18911
          -1.94724
         -10.31130
          -1.22914
           5.56314
          -6.16841
           0.62217
          -0.64234
           1.90699
          -1.55084
          -4.34813
           6.37635
           0.82653
          -6.08952
           2.64462
          -6.19241
          -4.13952
           4.21381
           4.66067
          -3.66117
           6.68359
           1.19280
          -3.49603
          -0.33931
          -0.02008
          -2.97801
           1.97658
          11.00526
          -0.29464
          -0.15070
           2.85462
          -2.13131
           1.93713
           5.90461
          -7.16958
           1.51418
          -7.79193
          -4.20523
           3.24996
          11.89736
          -0.18324
           2.18583
          -5.04349
          -4.23235
           5.62895
           3.04356
           2.21915
          -5.38712
           2.51863
           7.90049
          -2.00653
          -8.05573
          -0.77636
          -4.65326
          -0.40242
           0.04841
           2.73010
          -0.45450
           7.13562
           2.62552
          -0.71079
           7.94091
           0.38480
           1.58077
          -2.16726
           5.05539
          -1.02056
           9.19875
          -5.97767
          -5.71771
          -0.87856
          -2.55611
           1.97296
          -3.66739
          -3.58324
           2.29299
           0.59438
           5.82663
           3.62220
           7.70880
           3.94746
          -0.21912
          -3.18309
          -1.76037
           3.11024
           0.80271
           0.17763
          -8.92359
          -0.81185
           8.19259
           0.54207
           2.14159
           0.64652
          -4.17849
           0.76599
          -1.78065
           1.03022
           6.54956
           0.61791
           1.10029
           1.40204
           5.80038
          -1.07890
          -6.33813
          -0.36773
          -0.10523
               NaN
           3.57316
          -4.46529
           2.21008
          -7.38949
          -0.92416
          11.68963
           5.40147
          -3.99401
          -0.77558
          -5.40313
          -4.34805
          -6.52837
           0.88647
           7.32544
           6.08216
           8.90323
          -1.27091
          -2.11530
          -0.03891
           8.27705
           2.48223
          -4.47395
           5.00562
           4.35979
           1.17310
           1.68796
          -0.35643
           2.93576
           2.05570
           3.49637
          -7.29518
           6.31949
           2.89557
           8.10643
           3.19074
           5.50248
          -3.28180
           1.26557
           3.69870
          -4.79138
          -3.38127
           5.07488
          -3.35552
          -2.91003
          -2.27767
           2.17154
          -0.34834
           3.35612
           2.30167
          -3.11298
           2.46441
           4.49778
           5.73605
           7.65647
          -0.60398
           5.02497
          -6.97749
          -1.40399
           4.86723
          -8.78314
           5.33792
           4.09706
          10.41315
          -7.27703
           0.85855
          -5.78414
           4.40060
           9.21763
           0.79782
          -1.71088
           3.78588
          -3.10400
          -6.29757
          -7.10121
           2.94183
          -0.73851
           7.23178
          -1.19911
           0.72608
          -9.36505
           0.26946
           5.57206
          -2.30325
           3.13893
           4.36848
           5.92893
           3.54196
           1.31791
           0.27867
           2.45124
          -4.92692
          -3.79087
           2.46491
          -2.05861
          -2.73265
           4.63116
           6.65730
           2.18321
           0.30285
          -3.38164
          -7.37601
          -5.19312
           7.25664
          -1.14701
          -0.62202
           0.68175
           5.72522
          -3.74280
           0.81836
           7.94446
          -2.93621
          -3.21229
          10.37844
           2.10048
           9.36123
           3.61621
           3.15487
               NaN
           2.72553
           2.67834
          -0.39091
           4.37661
          -1.19162
          -6.75464
          -2.39396
           3.19688
          -0.30933
          -0.88831
           9.74605
          -2.74817
          -2.88981
          -1.62901
           4.26647
          -2.17520
           0.76375
           0.09660
          -5.05188
           1.19515
           3.33380
           0.33222
           2.13935
           2.94766
           1.87601
           2.31915
           7.99900
          -4.99772
          -1.31119
           0.67894
           0.73008
          -6.84211
           1.76015
           6.83006
           4.22571
           1.01250
           4.43695
           2.47998
           4.38890
           4.72407
           4.24146
           0.41280
          -0.95636
           3.13759
           4.20876
           2.17335
           0.32711
           1.99561
           8.91011
          11.56263
          11.42392
           7.70306
           2.30014
          -1.51060
           1.06091
          -1.33831
           0.39559
           0.83857
           4.03927
          -1.23952
           3.34704
          -2.26115
           4.27139
           6.05941
           4.69598
          -0.49690
          -3.31501
          -0.55042
           0.90750
          -1.63665
          -1.13062
          -2.50977
          -4.31748
           7.38081
           5.53298
          -2.79667
          -1.91158
          -7.23325
           2.01827
           1.09492
          -0.31865
           1.96372
          -8.90496
          -0.42689
           3.12555
           7.37627
           6.01129
          -2.68301
          -5.62466
          -3.89190
          -0.57497
           5.17531
           1.23753
          11.31313
           7.85910
           7.19993
           3.50347
          -6.90259
           7.47619
           5.99017
           3.08287
          -4.12074
           3.92879
           3.46379
           3.31195
          -4.25575
          -0.89343
          -0.91010
          -3.49333
          -3.63194
          -2.12981
          -9.00479
           5.81390
           2.89495
          10.02473
           1.37277
          -2.71571
          10.19655
          12.96211
           0.20003
          -1.12583
           0.97179
           0.31159
           5.10399
           8.49051
           1.33140
          -8.14967
           3.44069
           0.25753
          11.81671
          -1.40154
           5.24823
           6.82766
          11.69281
          -0.71881
           2.55411
          -0.91113
           2.47528
           9.52666
          -9.02176
          -1.17204
           2.24728
           1.95034
           0.43229
           5.80496
           6.21453
          -5.37395
           7.70350
          -5.03562
           6.06512
           5.43705
           0.67430
          -8.54042
          -4.64290
           1.57407
           1.60945
           2.05149
          -2.14570
          -1.30974
           6.77020
           1.46797
           4.24008
           1.42327
           6.61619
           4.73170
           6.66661
          -6.61983
           5.83337
          -2.23324
           0.65083
          -5.09888
           7.94615
           3.08999
           3.51535
           2.49170
          -2.76183
          10.12470
           3.81035
           8.67495
          -5.90522
           7.10114
          -2.06832
           3.71634
          -0.23472
          -5.18210
           1.59320
          -0.34128
          10.94426
          -3.05614
          -2.38189
          -1.29389
           9.80927
          -6.56344
           1.34244
          -5.80390
          -2.99043
           7.12192
           2.77793
           5.46294
          -3.93554
          -0.46055
          -3.91205
          -2.73483
          -3.60440
          -9.20581
           0.34782
           1.61571
          -3.48765
          -6.83036
          -5.52948
           4.48846
          -2.19090
          -3.31038
           7.29652
               NaN
          -3.86933
          -8.00388
          -1.61688
          -0.35468
          -5.27014
           4.07738
           2.81729
          -0.52828
           1.09486
           4.00261
           2.94285
           2.92623
           5.42202
          -3.25664
          -2.79282
           2.55323
          -0.86559
           3.67942
           3.75076
          -8.53483
           8.30351
          -6.27138
           1.90006
          -5.78232
           1.93073
          -3.33316
           0.66731
          -5.63937
          -4.87879
          -6.24723
          -2.29725
          -3.51358
           1.27279
           2.47309
          -1.27731
           0.82779
           2.96601
           1.33620
           1.42253
          -0.22209
           0.44914
           1.18216
          -0.76185
           4.99014
           2.31166
           7.25237
          -5.00378
           2.79540
          -7.63188
          -0.72399
           5.08623
           1.58891
          -2.05875
          -9.08342
           1.30503
           5.24164
           3.45951
           3.67735
          -5.71363
           1.58576
           0.89322
           4.91170
           0.08926
           3.11794
           0.01947
           0.89422
           1.52515
          -6.08908
           3.18771
           5.90928
           6.80274
           6.45681
          -0.28836
          -1.96103
          -1.75185
          -5.32290
           7.68711
           1.23613
          -0.81104
          -1.57241
