         -10.38955
          19.98275
          42.78697
           0.81991
          57.15976
         -10.47678
          38.44841
          19.93906
           8.59451
          -3.24783
          57.43725
           7.06409
           6.40887
           7.49739
          15.17034
          26.45078
         -10.31105
          30.72945
         -11.95627
          13.15094
          69.22762
          -3.11149
          -9.26044
           8.74637
           4.21212
          13.06120
          50.09936
          18.09560
         -36.79866
         -12.87548
           7.32491
         -38.20078
         -40.54370
          40.75011
         -15.98202
          56.29906
         -13.56004
         -27.36821
           6.93421
          -0.21803
         -18.63899
           3.26347
         -20.09113
         -41.10603
          15.03932
          49.75711
          16.44623
         -14.89648
          15.23428
          21.48229
           4.19650
          68.14931
          11.84854
          16.26106
          57.89046
          43.83183
          -0.73800
         -20.42811
         -18.38748
           7.27659
          -6.61760
          10.29095
          40.00576
          -0.91116
          15.41032
         -32.73164
         -33.46043
           2.26717
          47.65065
         -15.80544
          32.63185
          -1.48027
          35.44664
          25.54728
          37.51133
         -27.09823
          13.16710
          34.77939
          -1.73113
          12.47535
          -0.37207
           8.62286
          13.74931
          -4.14139
          16.03639
         -16.99210
          16.44903
         -16.49359
         -18.59020
          32.19157
           3.40027
          24.44996
          38.29400
         -10.63362
          -5.68859
          41.90191
         -16.00454
          36.36740
          27.39885
          22.39093
           8.32129
          14.21703
          13.16372
         -10.29060
          -6.02856
           7.29347
          -3.94529
           7.12859
           6.11317
         -32.35819
          16.43766
         -56.67182
          -3.94367
         -41.22663
          65.84004
          63.96638
          50.05605
          59.49289
         -11.90113
          37.65018
          -5.67262
          -0.99475
          17.85918
         -32.04604
          -3.75573
           7.48872
         -36.67876
         -11.35417
          18.05134
           1.77130
          36.23771
          48.92142
           8.75112
         -23.45503
          48.34634
           9.09521
          25.11277
          36.64800
           0.95109
           4.66633
           2.87165
         -39.49970
          24.61114
         -42.15468
           2.57595
         -14.94633
          19.30302
           4.17890
         -11.30568
         -33.58907
          -3.67576
          42.09268
          18.07363
           9.82162
          25.66181
         -15.23248
           0.55320
          22.88362
          -0.34885
          26.70195
          22.09880
          38.70330
          -5.02480
          -5.57626
          10.69623
          -5.47073
         -13.68837
         -17.13907
          16.95891
          29.30684
          25.69320
          43.25536
         -15.07823
          29.82603
          51.48962
          57.97129
          27.51981
          25.48648
          70.89524
          13.00287
          17.99832
          13.47247
         -28.25210
           3.47379
          18.95213
          24.20885
           3.00900
           5.02782
         -12.98805
         -24.20790
          32.33409
          42.87157
          30.57591
          47.18636
         -20.79229
           5.81549
         -34.76199
          17.29111
          23.89612
          30.67253
          18.92413
          30.92427
          30.45920
          42.66285
          -7.29743
          21.03151
          -7.67517
          16.10763
          10.09673
           6.40199
          -2.84163
         -26.48620
         -17.13238
          -8.89243
          39.96009
           5.96220
          -6.46987
          46.56048
          46.35636
           3.26102
           0.52592
          40.47764
          45.69912
          51.78512
          30.66530
          -3.55253
          47.30675
               NaN
          15.28528
         -48.60168
         -26.62845
          59.46746
          30.74943
          52.27416
           2.88484
          25.83957
         -26.62789
         -19.51046
          17.19512
          31.49315
          31.57642
          -9.17180
          49.69551
         -27.40325
          10.48119
          24.86479
         -25.74954
         -50.56818
           1.15453
           2.63844
          18.85197
          10.23663
          18.11121
           3.95349
          11.69540
           8.09758
          16.81988
          15.68482
          -4.71288
          21.29195
          -9.40735
          14.42841
          20.13075
         -46.16182
         -25.18596
          15.35205
          25.91970
          21.18433
          42.45910
          16.60397
          -6.58696
         -26.84715
          51.67920
           5.73095
         -11.50162
          15.17545
         -18.30668
           4.18910
          23.23399
           2.23939
          17.68188
          13.34992
           9.26938
          35.11547
          -8.27007
          -4.31248
          33.27150
          41.92755
          25.54767
          -1.36417
          36.14803
          33.46405
          18.84168
           0.67858
         -16.67285
          22.07068
          33.29687
          58.15419
          27.15748
          19.73650
          -7.08558
         -11.23685
          21.50815
          32.36443
           2.41168
           7.46112
         -39.06190
          23.86031
         -32.33606
          35.93088
          17.12398
          15.54186
          30.85437
          12.59831
           2.27122
          13.73636
         -34.48549
               NaN
          30.44238
          42.65007
          13.59056
          27.06675
         -36.71559
          32.83189
          -3.66593
          21.75314
          -7.40407
          -7.61316
           2.65264
           6.74126
         -19.68276
         -41.28224
          41.01298
          67.72811
         -17.47553
         -16.95870
          -1.84351
          11.49340
           1.68831
          34.54530
          28.80625
          19.23041
         -26.73971
           1.39226
          35.16720
           2.71096
         -46.04921
          -3.56713
         -24.16909
         -23.75069
           5.80418
          45.54475
          50.11457
          45.49518
           3.93761
          15.54511
         -18.65235
          76.45141
          38.22900
         -16.55659
          41.29938
          19.69534
          36.21718
          22.17573
           0.70068
          34.74654
          25.52910
          11.54611
          42.18242
         -29.12994
         -15.60954
          -5.54297
         -28.33848
          31.26651
           5.38823
           0.51999
          12.21120
          31.17040
           6.55864
          25.18282
          51.82288
          -9.07974
          21.26565
          28.11818
         -32.72694
          63.35088
         -34.20124
          -4.78536
         -33.48289
           7.08397
          26.74237
         -15.70766
          20.13844
           4.64482
          60.20260
          27.87615
          21.34482
         -20.05714
          51.86212
          15.23838
          17.53693
          11.42300
           4.97258
          26.14032
          31.67848
         -29.04732
          59.62709
         -15.84628
          15.71172
         -30.32847
         -35.66782
          27.75684
         -35.04572
          26.57600
          23.35235
           7.32284
          37.52147
         -16.33855
          56.73999
           7.19272
           4.40408
           2.78365
           8.14275
         -32.17734
          -7.18257
           6.07612
          29.08364
          -4.77095
          48.47007
         -23.41680
         -18.55464
         -34.70749
         -30.39400
         -45.01048
         -29.59038
          54.16018
          44.61533
         -21.17921
          30.04718
          27.00943
          22.79469
          59.85014
           9.57666
         -14.37380
          27.24757
         -33.20002
          23.70054
           3.75851
          20.70306
          27.43907
          44.47281
         -11.52481
          -4.94543
           8.46150
           5.09438
          20.39717
          36.09444
          13.72792
          22.14701
          12.98058
          38.41453
          50.07459
          11.42156
         -15.06018
          17.42733
          52.61570
         -17.39193
          60.56561
          42.47728
         -12.74670
           4.43572
           1.24528
          21.18331
           9.45397
          51.48641
          26.28776
           4.32468
          43.85338
          23.56807
           1.21313
          31.92731
         -28.85992
           7.39639
          -9.12903
          -5.01369
          -7.32281
          -3.92519
         -50.31556
          -0.57945
          27.62015
          32.61144
         -26.84162
          29.62179
           4.31900
          31.86009
          -6.66480
          16.71956
          26.13504
         -16.54639
         -34.53940
          28.28099
          39.19780
         -33.35942
          17.97876
          17.47354
         -19.99924
           0.81258
          35.37058
          21.63974
          -2.66637
          -4.48017
          39.22193
          31.29319
         -51.99731
          22.01578
          24.85029
         -10.49374
         -18.45813
          28.29440
         -13.51788
         -15.76699
          14.54646
         -35.13177
          20.61828
           7.29749
          12.56908
         -21.54760
          21.68883
          28.34585
         -31.58580
          18.13705
          14.89842
          -8.36464
         -56.05691
          -3.62666
          61.04449
          21.73293
         -20.90333
          10.41474
          45.96469
           8.78030
          22.12189
          26.23004
          76.15469
          17.47204
         -13.24550
          11.38074
          27.37730
         -15.15065
         -21.04614
          47.93739
         -18.62467
          15.72843
         -26.15327
          -0.89935
           1.16971
          -3.00455
           9.16072
          25.78356
          20.61071
         -43.84420
         -24.26591
           1.26995
           4.13674
          36.31344
         -11.25668
          39.34190
          20.31471
         -37.67185
          20.87753
          21.05932
          29.43228
           4.57562
           7.02259
           1.75757
          39.91085
         -15.47331
          10.71310
         -18.73797
          45.20360
          -5.82314
           9.09445
          57.45475
          31.12845
          31.68840
          15.47067
          22.82134
          -8.85838
           7.62060
          37.64918
           9.77332
          -3.45781
          25.17924
          51.36428
         -33.50369
          44.46108
         -22.63074
          15.35994
         -13.56681
          15.00545
          -3.16306
          12.77860
          20.29950
          17.74717
          -2.11603
          70.92340
          -8.26628
          28.54058
          32.63837
          62.05626
          45.90644
         -21.83184
          11.16183
          21.52868
          31.14038
          43.12570
          19.43061
         -23.23579
           5.40664
         -16.00273
               NaN
         -27.00649
          -9.37125
          14.18806
         -33.05008
           0.05397
         -16.90777
         -33.25347
           2.15517
          14.57619
         -25.71152
           5.28275
          31.29039
           2.75474
          15.12910
          33.93640
          -3.61261
          27.28243
         -13.08429
          47.12620
          -6.46140
          62.70998
         -16.06089
          10.10466
         -16.48819
         -29.90624
          -5.00061
          43.05278
         -38.99963
          15.68098
          -2.81261
          57.71344
          36.32199
          76.50019
          -8.64353
         -16.13571
          42.71732
          10.75056
          -3.71435
          31.24287
         -10.12224
           5.36588
         -27.43221
           9.87395
          12.35743
          -5.95178
         -14.87402
         -11.31934
          41.80597
         -11.34417
          -7.02696
          12.30329
          17.39433
          11.33215
          48.91539
          14.57343
          10.72664
           5.94062
          31.84473
          41.00581
          17.89715
         -18.43434
          -9.18043
          -2.76585
         -10.41393
          27.53402
          45.61780
           4.02912
          25.20193
          17.51096
           2.99450
          51.13693
          37.75225
          21.47674
          10.06054
         -31.64512
         -34.07807
           4.35033
         -12.81185
          -7.15827
          12.37792
           5.34012
          30.36848
           0.15650
          55.88181
          -5.98795
         -16.74958
          16.15264
          18.80686
          62.28834
          -9.83483
           1.49809
          -9.84236
         -17.28617
         -15.10243
          49.97827
          -6.05202
          66.80173
          20.47203
          12.70805
           5.20363
          -5.00878
          19.80547
          30.62522
          33.60674
          33.20452
          -6.24555
          13.96205
         -20.70881
         -37.64750
          16.73388
          15.44608
          -2.07387
         -15.53124
         -42.00185
          53.56869
         -42.48200
          38.33360
          -7.03024
          -2.90450
          21.88002
          50.97079
         -26.26216
          31.79577
          32.78122
         -32.17869
          -9.36693
           5.60621
          52.68028
          -8.90632
           5.32652
         -36.99301
         -20.62261
          -1.45924
          25.83459
         -22.77230
           4.53727
          21.87695
           2.06051
         -28.50442
          -3.05734
          38.99267
          12.94607
          13.31014
          25.27347
          10.56176
          38.21722
         -14.00925
          24.50854
          23.77019
          43.24364
          27.20431
          -2.44172
           3.64867
          -2.29869
          -4.07075
          -7.92068
         -15.41405
          18.18116
         -29.18515
          20.29055
          17.54738
          17.50205
          -2.66873
         -42.92814
           0.34357
           9.66085
          60.22567
          57.72733
           7.42010
          19.67963
         -16.38062
         -37.61907
          30.64744
           3.08089
          18.60287
               NaN
          -2.11187
         -17.91239
           8.95245
          13.58823
          -7.90468
           5.06869
          -8.32964
          44.88768
          -2.39514
          -4.24782
          48.62618
         -18.78499
           5.40775
          80.07520
           3.68737
          -5.30374
          11.50602
          -3.85750
          58.24812
         -34.86044
          18.97644
          39.34241
          19.39250
          14.94627
         -27.67191
          31.84547
          16.99748
          28.43911
          32.82152
          15.97179
          28.78723
          -1.66980
         -19.18865
           5.68024
         -14.14577
          15.99954
          -5.72257
         -15.31808
           5.09527
          -2.68230
           5.10666
          47.56399
          27.12174
          26.62753
          -5.76533
           5.06137
          -9.75306
           4.29877
         -16.68089
           1.59741
         -27.73701
         -40.20458
          36.37393
         -60.84690
          -6.94616
         -18.64796
          16.68699
          15.12460
           8.96872
          46.05336
          48.80310
           7.26030
          27.70898
         -10.58190
          16.84722
          -7.45834
          31.00632
          -3.94412
          29.28844
          18.79577
          27.23715
         -23.49875
          46.57649
         -14.29062
          27.18304
          13.19683
         -21.36883
          -4.17055
          50.66668
          66.41208
          -2.39149
          -5.81096
         -16.16887
         -23.91592
           0.07994
          15.89867
          27.18940
         -33.96993
          39.19138
          27.99996
          15.82795
          66.52835
           1.18907
          10.31904
          23.56212
         -14.83380
         -22.89816
           8.29995
          51.87944
           6.64023
          -4.20376
         -22.30438
          22.25765
          57.88068
          17.98013
         -34.63824
         -37.62861
          13.96535
          26.44673
          24.58817
          15.64459
           6.98604
          35.14524
          -9.33308
          68.74790
         -13.51903
          21.69285
         -15.60983
         -18.40018
           5.16850
           8.44371
          -0.18024
          13.16660
         -18.64490
           8.93245
          -2.34773
          64.20282
           2.84851
          25.00226
          18.58695
          66.16916
          32.03101
          26.56771
          38.73106
          10.16766
         -34.76091
          50.84512
          -7.42512
          -4.72309
         -13.64648
           0.40969
          14.16870
         -26.25286
         -16.14673
          40.35426
          30.79443
           7.98554
          55.51421
          -9.55833
          39.64009
         -19.31530
         -20.85196
         -10.54990
           5.79033
          63.56223
          -0.06465
          34.58421
          29.73888
          -0.09642
         -19.94723
          22.31831
          -5.65194
         -23.88585
          18.09114
          -2.37306
           3.32387
          31.97143
           1.21252
         -44.89884
         -20.66262
         -32.11831
          -2.76752
         -49.28951
          48.39113
           3.32427
         -32.57452
          10.15416
           4.54910
           5.32485
          -8.05375
          38.41692
          11.81260
          73.11516
          -4.90328
         -12.71363
          -8.58424
         -16.46606
          14.17319
         -36.93408
          -7.11715
         -11.59884
          14.88177
          21.60086
          40.56194
         -26.93060
         -24.72987
          55.06094
           0.73466
          49.47543
         -22.09879
         -25.38253
          51.79148
          -2.06082
           1.73758
           0.14550
           5.21286
           0.01240
          -6.00592
          -1.39937
           0.80461
          -0.41935
          -2.64442
           3.12639
          -0.38334
           2.37970
           2.00020
          -0.08840
          -3.00179
          -1.67534
          -2.34992
          -1.86425
           0.99463
           3.16294
          -3.09237
           2.62860
          -3.74716
           0.90546
           7.29045
          -4.43475
          -0.96673
          -1.37371
          -0.91917
           1.44093
          -2.36827
          -0.48078
           5.93258
          -6.94109
          -4.72383
          -7.73442
           4.57952
          -3.30216
           5.02234
           1.78571
           4.83599
          -6.48146
           3.92306
           1.78465
          -0.62283
          -2.99312
           2.67462
          -0.43405
          -2.54064
          -1.47616
          -0.02600
          -2.38877
          -3.39124
           4.03207
          -1.07327
           1.74932
          -1.78536
          -1.87608
          -2.56886
           0.37541
          -0.87414
          -2.82496
          -0.91476
           0.63931
           1.36776
          -0.59819
           0.10593
           2.47475
           2.49424
          -2.95653
          -1.95552
          -0.30821
          -1.66008
           1.67138
           0.24756
          -1.32032
           0.81261
          -4.77774
          -5.20817
          -3.00793
          -3.02578
          -1.17636
          -0.59673
          -1.94628
           4.08891
           2.84194
           2.67807
          -1.23706
           0.83430
          -1.78961
          -3.99705
          -2.73907
           0.68858
          -1.33171
           5.71492
          -2.52318
           4.32019
           4.58271
          -0.19058
          -3.55777
           1.67411
          -0.44045
           6.38023
           3.27340
          -4.67274
          -0.08318
           1.28833
          -2.01426
           0.02288
          -4.11720
           0.48946
           0.85658
          -1.12515
           2.59222
          -5.12152
          -0.75007
          -0.69525
           1.65588
           1.22712
           0.40303
           5.15090
           1.09711
          -3.82374
           5.39219
          -5.52337
           2.27513
          -1.22576
          -0.46834
           6.18801
          -0.88604
           1.67767
          -5.43726
           0.51638
          -1.07431
          -3.30454
           2.24590
          -6.04755
           3.29625
           4.54254
           3.24699
           0.49631
           1.74349
           1.04765
           1.17122
           1.02327
          -5.90642
           2.67162
          -1.82928
          -3.03233
           7.91847
          -3.62982
          -0.09101
          -0.78852
           4.76970
          -5.38688
          -0.03646
          -1.88981
          -1.26403
          -4.18997
           3.07235
          -0.68011
          -6.17328
           3.61916
          -2.26057
          -3.68641
          -1.83961
          -1.16401
           4.91652
          -7.81354
           1.65666
           0.46072
           2.65721
          -0.16632
          -1.47981
          -1.83581
          -4.52409
           3.94842
          -2.58501
           2.01172
          -1.89829
           2.42615
          -1.01717
           2.60637
           2.01359
           2.07128
           1.84032
           6.26970
           1.72365
          -2.63558
          -0.11066
          -0.13784
          -2.66761
           3.96795
          -2.06336
          -5.12757
           1.15894
          -0.94257
           2.25604
          -1.00112
          -0.86694
          -4.65015
          -5.68653
          -6.07440
           1.14273
          -0.03148
          -2.71478
          -1.12712
          -2.36022
          -1.07614
           0.52664
           1.33597
           3.15634
           2.01371
           0.36325
          -3.40995
           5.32921
           3.10666
           5.00346
           0.69678
          -3.79961
           1.27086
          -1.33107
           1.14268
          -1.71621
          -4.90743
          -3.91526
           1.16958
           2.05559
          -2.66526
          -1.55505
           3.32981
           1.17148
          -3.11989
          -5.25935
          -3.51810
           4.02490
           8.41454
           2.36148
           0.53027
          -4.64216
          -1.31994
          -1.50565
           2.31209
           2.61569
          -4.35648
           4.22314
          -0.08125
           4.94754
           1.19399
          -2.73006
          -1.37089
          -6.82780
          -2.10146
           1.63223
           1.38650
           0.05192
          -0.53020
          -1.84510
          -1.32601
           0.48032
          -2.19712
           4.30459
          -0.40909
           1.55675
          -0.31123
          -4.27235
          -4.36604
          -2.15718
          -6.79147
          -2.40826
          -0.12430
          -4.78567
          -2.10637
          -0.57737
          -4.65705
          -2.70917
           3.17866
           4.45295
          -1.65575
           0.43697
           0.78176
           1.98657
          -2.26971
          -1.09386
           5.16843
          -3.42020
          -0.96606
           0.23786
               NaN
          -2.16933
          -6.93031
          -0.78887
           2.44830
          -3.77959
           0.18736
           0.91868
           1.48043
          -3.85871
          -1.04721
          -3.87763
           0.21389
           2.50156
          -3.98676
          -2.67691
           7.46542
           5.82225
           8.18975
          -3.92894
          -0.46962
          -1.09701
           2.09341
          -4.55342
          -2.04098
          -0.97414
           5.64264
          -5.99405
           6.73394
          -4.07035
           3.53826
           3.01225
           6.31454
          -6.91131
           4.59827
          -0.56168
           3.18620
          -1.71534
           2.96073
          -0.15210
          -1.89802
          -2.08335
          -0.69600
           0.95230
           3.09519
          -5.40653
          -0.66100
          -2.25598
           3.45428
           7.13690
          -3.64387
           0.62737
          -5.35149
           1.31474
           3.77368
           3.41652
          -0.55664
          -2.41099
           6.50463
           2.85627
           6.98782
          -6.19273
           3.94446
          -5.57836
          -3.45682
          -2.06644
           0.83434
           1.70140
           4.80242
          -3.59013
          -5.62697
          -0.46883
          -0.41583
          -1.51444
           3.58174
          -1.60563
          -4.81032
          -1.12269
          -3.42654
          -1.81124
           0.40522
           0.76968
           3.48335
          -0.31264
          -6.51044
           2.72409
           3.85933
           0.34531
           0.51651
           2.99522
           1.58762
           4.02630
           1.78864
           1.26947
          -1.96314
          -2.36463
          -0.29786
          -4.07357
           0.60851
          -0.04066
          -1.10333
           5.67446
          -0.21671
          -1.07404
           5.68798
           3.37679
          -1.42066
          -8.55199
           2.29803
           3.33322
          -6.60557
          -1.21054
           7.90414
           2.50035
          -7.33726
          -1.61241
           1.51380
          -0.05774
           1.75301
          -0.66836
          -1.13226
           7.40206
           2.26383
           2.83407
          -1.35276
          -4.01514
           0.90763
           3.51258
          -1.57469
           4.22477
          -2.02469
           4.77327
           1.48683
          -2.37231
          -2.26198
          -3.32846
          -0.37307
           4.11017
          -3.04969
           4.67539
          -2.59627
          -2.51198
          -3.18676
           3.84803
           2.22175
          -2.47962
           0.83298
          -1.61145
          -3.47085
               NaN
          -1.40212
          -4.53673
           2.80977
          -0.32786
          -1.58072
          -1.57521
          -4.70333
           3.12681
          -1.67302
           0.17725
           6.79972
          -2.04282
           3.03627
           1.77318
          -1.54473
           2.00831
          -1.47894
          -1.52665
           1.76532
          -0.15248
           0.94931
           5.06822
          -7.09574
           2.93688
           3.88351
           1.55875
          -0.74931
          -4.71410
           7.07713
          -6.04580
          -6.38205
           0.72104
           2.15597
          -0.27826
           0.42950
          -2.04591
          -2.55181
          -1.67218
          -1.32752
           0.70132
          -1.56017
          -3.03057
           7.90668
          -6.03798
               NaN
          -1.53707
           0.15446
          -4.13262
           0.77105
          -3.34525
           4.26916
           2.55215
          -3.05916
          -1.55558
          -3.66423
           0.25744
          -3.10999
           3.98155
           3.03471
           3.18579
          -5.06707
           0.83089
           3.92791
          -2.55275
           4.48143
          -3.15569
           3.82180
           4.13811
          -5.53527
          -1.12338
           4.84840
           0.06822
           1.14885
          -8.05994
           1.97987
           6.36183
           4.85658
           0.23236
          -0.65282
           1.83877
          -0.75692
          -4.88298
          -2.12899
          -1.07482
           3.73926
           2.37176
           3.44864
          -2.50001
          -0.46202
           4.79964
           1.51277
           6.99405
           4.95807
           1.49069
           3.10347
           4.42146
           1.18009
          -4.75961
          -0.23810
          -2.31973
           3.40884
          -3.00179
           1.01768
           1.95987
           2.56561
          -2.39411
          -1.00829
           5.70517
           0.72014
          -8.45166
           2.69342
           3.85579
          -4.33197
          -2.65734
          -0.64084
           7.22430
           6.61979
          -5.28709
          -2.82567
          -1.28785
          -1.31745
          -4.41567
          -0.69870
           3.32119
          -2.01316
           3.56114
           3.17007
           1.29868
          -4.70247
          -0.32587
           5.80951
           2.35972
          -1.33321
          -0.43404
          -4.16184
          -3.91509
           4.47128
          -3.25964
           1.05810
          -1.98618
           3.14363
          -1.29795
          -0.48251
          -4.30161
          -5.03636
          -4.82965
           1.59680
          -0.17856
          -3.92585
          -3.35437
          -1.47821
           5.65728
          -0.77624
          -1.82267
          -4.88342
          -2.10611
          -2.47641
          -1.08516
           6.17498
           5.19065
           0.69862
          -2.57764
           1.65714
           1.79168
           0.86637
           2.34436
          -0.64324
          -0.23338
           2.51206
           0.60036
           1.96276
          -1.09017
          -5.48142
           4.33797
           5.80714
          -2.25427
          -5.84188
          -4.61643
           4.95700
           3.59516
          -1.66603
           3.08824
          -2.44209
           0.67007
          -4.90520
           6.58387
          -0.68587
           0.94278
          -1.15769
          -7.08913
          -5.52043
          -0.87573
          -0.67632
          -2.41337
           4.84047
          -5.12094
          -1.96769
          -2.52778
               NaN
          -2.06758
           1.14329
          -2.32653
           2.28963
          -4.26159
          -5.16490
          -3.91530
           4.00638
           0.25336
           5.20290
          -1.00820
          -3.20716
          -0.36786
           2.04051
           1.05554
           1.24052
          -2.87229
          -1.98181
          -2.25730
           2.18012
           4.17362
           2.39545
           1.78166
           0.44512
           5.50616
          -1.34916
           1.10923
           2.71038
           0.39608
           7.78812
           1.20213
          -4.94423
           2.08486
          -0.52066
          -3.95150
           2.90570
          -0.63453
           4.60967
           3.81586
           3.29871
           2.43245
           2.76006
          -6.15875
           0.29523
           1.55678
          -0.55456
           3.76586
           3.14327
          -1.68676
           0.77782
          -1.05295
          -4.00192
          -5.87250
          -1.35659
          -1.84604
           0.75772
          -0.49188
           2.25752
          -0.58305
           2.71816
           4.48389
           1.06915
           7.16793
           3.37789
          -1.85528
           1.61438
           1.89923
           0.98457
          -0.66227
          -0.59266
          -4.38534
          -3.62931
           5.06753
           1.94756
          -1.05492
           0.41139
          -2.50900
           1.69041
          -5.66795
           2.78654
          -6.10990
           1.68855
          -1.55567
          -0.47221
           5.11436
          -1.47757
          -1.94130
           0.22180
           3.88943
           0.82325
           2.10552
          -1.95274
           0.12698
           3.63478
           1.64453
           4.75081
           5.47332
          -3.48803
          -2.74605
          -1.51522
           1.12934
          -0.89630
          -2.66428
          -1.58017
           1.80440
           5.60614
           6.86802
           3.51834
           1.53273
          -4.91421
          -0.50032
          -2.25242
          -2.18686
          -2.35431
           1.74477
           4.84804
          -3.03349
          -1.71028
           5.12286
           3.36856
           4.81667
           2.19413
           5.15117
          -3.35017
           1.05628
          -0.57315
          -1.39491
          -1.03021
          -4.07623
           0.28049
          -2.93075
           0.71056
           1.33662
          -4.76916
          -3.19021
          -4.19520
           0.78926
           1.28628
          -2.25779
           4.02027
           0.25007
          -3.50918
           1.96573
           4.57305
           6.80666
           0.61029
          -0.97585
           0.16274
          -6.39021
           2.11429
          -0.52300
          -1.67573
           1.49922
          -3.09826
           3.05712
           5.70968
          -1.89438
          -6.98784
           2.28271
          -6.30163
          -0.69837
           3.31454
           1.84697
          -0.54061
           3.16741
               NaN
           3.31714
           2.20112
          -0.56731
           3.41670
          -1.78805
           7.09563
           3.96277
          -7.86278
           4.56543
           1.36559
          -1.92062
          -0.54496
           5.90445
          -2.29980
           3.86515
           4.58085
           0.04418
           0.59795
          -0.33066
          -5.31520
           3.19165
           2.52465
           0.94322
          -2.71417
           0.34058
          -8.89744
           1.82312
           2.98270
           8.29148
          -8.09116
          -1.87441
           6.09400
           3.04670
          -1.29535
          -0.78297
           1.56189
          -1.28918
           4.40151
          -0.99786
           3.31858
           0.92020
           7.37719
          -1.30391
          -0.49964
           4.70207
           6.22260
           1.33720
           4.24241
          -4.04051
           4.14973
           2.31805
           1.20966
          -1.48898
          -6.50069
           0.57698
          -4.60896
          -7.21408
           2.54891
          -7.67440
          -6.62225
          -2.39089
           3.12738
           1.59573
          -4.49121
          -3.23494
          -7.84877
          -0.21159
           4.81314
           5.17384
           1.21759
           3.72204
          -1.63565
           5.08992
           2.42562
          -5.92467
           0.57796
           1.54007
          -2.46007
          -2.79592
          -2.27081
          -4.50325
          -1.25427
           1.13851
          -1.31406
           4.50034
           2.13769
          -5.44735
          -3.52420
          -4.31070
           0.42904
           1.19398
          -5.67704
          -0.18151
           1.11935
          -0.18481
          -0.21239
           2.04853
          -7.48474
          -2.32851
           0.00332
           6.63737
           1.39179
          -4.67621
           3.20541
          -1.74400
          -1.22826
           4.88823
           7.84017
          -7.96368
           3.19336
           1.56868
           2.94234
          -1.72740
          -0.01363
           7.77966
           2.44664
           4.04121
          -2.23852
           0.77698
          -2.37091
          -0.30141
          -2.21026
          -4.00768
           6.62123
          -6.22245
          -0.27257
           2.13929
           0.43602
          -4.44058
          -7.69744
          -2.01400
           1.46010
           3.08268
           2.56624
          -0.94703
          -4.25019
           1.07711
           3.08047
          -3.64552
          -4.65271
           2.97533
           1.53809
          -1.86273
           0.35839
           7.82712
           1.93854
           1.35352
           2.12579
          -4.66321
           0.16919
          -1.63784
          -3.90287
          -1.83922
           1.21705
          -1.25643
          -1.11117
          -0.10109
           0.89814
           0.82742
          -0.52154
           1.12191
          -2.93577
           6.96962
           5.78672
           2.53324
          -4.60085
           0.45631
          -1.91912
           2.67190
           1.97473
          -1.46041
           2.97973
           0.82377
           2.32029
          -1.14543
           2.82071
          -3.73479
           0.23292
           2.23317
           0.72515
           0.57820
           0.18635
           3.12278
          -2.27650
          -0.25543
           3.69576
           1.70531
          -0.28923
           1.33045
          -1.10255
           4.67058
           0.46749
          -3.08252
           1.45312
           0.07671
           2.47150
           2.14318
           2.53292
          -1.78540
           1.37581
           0.31893
          -8.87419
          -0.24329
          -2.12803
          -1.05683
          -2.38378
           3.13413
          -4.01969
           1.18315
           1.78373
          -0.55766
          -4.88822
          -2.84595
          -1.02800
          -4.74908
           1.13533
           1.44849
          -8.51064
           4.75335
          -3.11621
          -0.88490
           7.34400
          -4.03076
          -4.38371
          -1.59507
           2.69738
           1.81431
          -3.94099
           2.68492
           8.61949
          -8.23725
          -3.84791
         -10.06722
           6.14659
          -2.26397
           4.96803
           1.25416
           6.28064
          -6.16550
           4.96741
           4.21048
          -2.90374
          -6.27458
           0.97755
           0.84548
          -3.18535
          -2.83011
          -0.84382
          -7.81488
          -4.65016
           1.60805
          -5.50959
          -0.81537
          -0.18701
          -0.24741
          -1.80519
          -0.70996
          -0.76448
          -4.45180
          -3.97002
          -0.11366
          -0.19739
           1.73425
           1.77588
           2.34508
           0.14359
          -1.92837
          -4.00392
           0.30504
          -4.48389
           0.50057
          -2.65050
           1.75744
          -0.00153
          -8.13455
          -4.70402
          -2.55334
          -3.26545
          -2.66718
          -0.87277
          -1.31068
           3.62050
           4.22576
           0.53508
          -0.40430
           2.06791
          -4.51939
          -4.96063
          -4.05416
          -2.31695
          -1.12617
           6.20784
          -5.05489
           5.39477
           1.13123
          -3.06241
          -4.43250
           0.44914
          -1.25949
           5.65820
           4.93703
          -3.29631
          -0.03695
           2.77694
          -1.80999
          -0.38021
          -1.25657
          -1.14450
           4.44345
          -1.35562
           4.81690
          -8.46968
          -5.83353
          -4.98737
          -2.71114
           1.67644
          -1.76185
           5.18731
           1.43517
          -5.66327
           6.93113
          -4.36472
           1.39640
           1.48824
           0.41612
           5.80622
          -1.96813
          -1.72304
          -8.38945
           0.17436
          -0.29852
          -4.78610
           1.77670
          -8.22877
           1.13712
           4.60587
           2.83652
          -0.99095
           4.70404
          -1.08396
           5.58813
           0.12200
          -5.60298
           1.45782
          -2.56083
          -2.12233
          10.02250
          -3.92887
          -4.16628
          -1.57813
           3.93395
          -6.77236
           0.44870
          -1.47905
          -3.84911
          -4.28901
           2.32842
          -2.61980
          -9.55254
           4.85943
          -2.24750
          -4.65913
          -1.53268
           0.83453
           6.16205
          -8.52296
          -1.16336
          -1.92472
          -1.79805
           2.90093
          -3.19707
          -3.36366
          -8.58678
           4.43882
          -2.93406
          -3.64680
          -1.40347
           1.05413
          -2.73688
           4.04616
           0.58960
          -0.81949
           0.39086
           6.78104
           2.23569
          -2.78432
           0.67764
          -1.15408
          -5.78823
           1.53816
          -5.66750
          -2.12502
           1.77422
           1.10872
           0.77059
          -3.24267
          -3.95405
          -5.74718
          -7.71625
          -8.42653
          -2.77489
           1.11026
          -5.06017
          -0.14528
          -3.70439
          -0.52394
          -0.84777
           0.60644
           5.79226
           3.45677
           0.58220
          -7.26932
           4.32004
           3.58116
           2.20062
          -2.26158
          -5.06646
           1.20294
          -4.66586
          -2.56737
          -4.36690
          -7.91747
          -3.49099
          -2.13598
           6.72269
          -4.80010
           1.65603
           5.04564
          -2.68336
          -5.37345
          -9.64862
          -4.31761
           1.44415
               NaN
           3.10982
          -1.20926
          -7.64474
          -3.20569
          -1.45307
          -0.64796
           4.34682
          -4.59373
           3.51443
           1.71448
           8.51183
           0.71869
          -3.36729
          -3.47950
          -7.90339
          -4.19393
           2.76477
           0.65972
           1.08210
          -1.51873
          -3.54882
          -0.89390
          -1.41069
          -1.69361
           3.76621
          -2.17896
           4.64959
           1.36584
          -5.37167
          -4.01487
          -2.48992
         -10.41943
          -4.09733
           0.26097
          -2.28119
          -4.27502
          -1.73489
          -4.54500
          -4.68337
           3.60620
           4.26530
          -2.50194
           1.12949
          -0.20618
           0.90968
          -2.76116
          -3.71537
           5.98973
          -4.03100
          -2.34041
          -3.36672
           8.35819
          -2.10729
          -7.73266
          -3.36443
          -0.15105
          -3.96370
           0.67483
          -0.63022
          -0.40771
          -8.96008
          -3.73247
          -3.62738
           2.36171
           3.55507
          -5.98637
          -4.72362
           6.94913
           4.66621
          10.78952
          -5.73640
           1.53549
          -4.61332
           0.64309
          -4.70453
          -3.56786
          -3.07595
           4.38323
          -7.78941
           8.47452
          -7.68232
           0.44799
           0.10706
           4.38584
          -8.47710
           7.66063
          -2.21395
           3.58506
          -2.56079
           2.81820
           0.44683
          -3.35330
          -2.00237
          -0.03352
           3.84356
           0.44583
          -8.48380
           0.10853
          -0.24889
           3.71371
           6.39152
          -5.00875
          -2.38064
          -5.35902
          -0.81349
           5.73001
           3.49541
          -2.21094
          -2.75772
           9.43120
           3.39099
           8.78645
          -5.19089
           2.35356
          -9.78762
          -6.47351
          -5.51229
           0.55430
           0.09702
           5.25894
          -8.38852
          -6.69366
           0.99568
          -3.87689
          -3.80827
           1.92708
          -1.54763
          -5.99030
          -2.39728
          -4.82250
          -3.37046
          -3.92416
           2.34125
           5.30693
           0.17796
          -5.46487
          -0.46867
           2.73088
           1.29156
           0.65016
           0.77405
           0.39775
           3.02569
          -1.75859
           1.84689
          -3.72522
          -4.58097
           2.20705
          -5.81870
           2.74214
           0.99259
           0.72850
           6.64106
          -2.87966
           0.22447
           5.22903
           3.62354
          -4.67731
         -11.03550
           0.32889
           4.35226
          -7.89991
          -2.23747
           6.53057
           1.20019
          -8.29726
          -1.87680
          -0.66143
           2.31007
          -0.89737
          -0.38684
          -1.24781
          10.27488
           4.57522
           0.16393
           0.87308
          -5.28530
          -0.59019
           2.98185
          -5.23913
           5.63968
          -5.09866
           5.21472
           0.58885
          -2.13803
          -2.08765
          -0.56915
           1.84794
           3.30613
          -3.90723
           4.07116
          -6.22866
           0.67721
          -2.58666
           6.04234
           3.76411
           0.60616
           2.77495
          -5.57764
          -5.53754
               NaN
          -4.11421
          -6.49993
           1.34312
          -4.80103
          -1.78830
           0.17280
          -5.91713
           5.00654
          -3.97237
           0.70801
           4.41873
          -4.23896
          -0.56566
           3.02597
          -1.09443
           2.19521
          -2.17500
          -1.75785
          -1.77832
          -2.58279
           1.19055
           3.69503
         -11.12845
          -0.85948
           2.42653
           2.30693
          -0.77358
          -7.05263
           7.84668
          -8.84831
          -6.71735
           1.78926
           1.35990
          -0.87388
          -1.43300
          -3.12393
          -6.49764
          -1.06229
          -0.79682
          -1.36732
          -3.03246
          -3.70492
           4.63154
          -3.98804
           9.52293
           0.25240
           1.47883
          -1.79236
           1.78030
          -0.40980
           4.82502
          -0.06561
          -5.65398
          -0.19645
          -5.35585
           0.19912
          -4.62789
           4.26401
           2.57905
           0.28498
          -3.40020
           4.02886
           3.05803
          -5.65315
           7.96717
          -4.35207
           2.27173
           5.67636
          -4.45785
          -4.29389
           2.45407
           0.88900
           1.19417
         -11.54469
          -0.34620
          10.65452
           2.75864
          -2.23064
           0.64899
           2.73385
          -2.77329
          -2.79296
          -0.37576
          -2.64704
           6.10152
           2.61815
           3.79476
          -3.63949
           0.72514
           3.76237
          -1.77832
           9.23171
           3.21480
           0.02680
           3.05064
           8.32825
           0.93802
          -8.88431
          -1.23175
          -1.19223
           2.28992
          -6.03379
          -0.23510
           0.13634
           1.05162
          -6.87933
          -0.03185
           6.48370
          -0.40596
         -10.95740
           3.72958
           5.04644
          -7.50690
          -1.16526
          -1.37792
           8.78015
           6.43916
          -6.23139
          -2.74613
          -1.82032
          -3.55050
          -4.49575
           2.04551
           4.84715
          -2.11362
           4.37759
           0.26048
           1.41593
          -6.34520
          -2.40642
           8.53073
          -0.37967
          -2.11994
          -1.85143
          -4.06331
          -4.77323
           3.73181
          -5.83631
           1.87803
          -0.86976
           4.38126
          -5.28312
          -0.30870
          -3.68023
          -9.69297
          -7.76250
           0.30662
          -0.45986
          -5.93325
          -2.35075
          -0.64780
           1.41413
          -1.42326
          -1.28456
          -4.14615
          -6.11992
           0.07407
          -5.43946
           6.97063
           3.46545
           1.97193
          -2.64475
           1.90464
           0.05468
          -1.50652
           0.89548
          -1.20598
          -3.42201
           2.50137
          -0.99053
          -1.16079
          -6.09753
          -8.20898
           5.56989
           4.37528
          -2.74757
          -7.90019
          -7.94403
           3.32750
           5.70075
          -0.80136
           5.23237
          -9.32211
           3.72282
          -4.58942
           4.46300
           1.80990
           0.08988
          -0.11300
          -4.14753
          -5.44112
          -2.23038
           0.48371
          -2.96972
           2.97940
          -4.62671
          -2.58569
          -2.19433
           9.05988
          -4.54642
           2.52000
          -6.22383
           5.03824
          -9.53921
          -3.69708
          -4.58570
           4.58407
           1.48405
           5.25000
          -3.59135
          -1.18866
           0.08214
           2.25875
          -4.08527
          -0.35199
          -8.81946
          -0.30602
          -0.39335
           1.43678
           4.73729
           3.61827
          -0.18806
           2.11681
           4.10609
           0.63437
           2.13878
           0.80051
           0.54262
           8.46644
           2.17066
          -6.70795
           2.70985
           0.51044
          -5.59876
           1.19925
          -0.86972
           0.24789
           3.69410
           1.74418
           1.90137
           1.08868
          -9.20300
           1.03818
           4.58641
          -0.23556
           4.56293
           3.24652
          -2.85829
          -3.38647
          -2.17236
          -4.72695
          -5.54450
          -2.42815
          -6.08605
          -1.46840
          -2.75358
           0.81151
           2.60317
           6.15749
           4.47734
           1.07737
           7.65329
           2.39918
          -2.69037
          -1.13946
           1.89591
          -3.37801
          -0.82523
           1.11477
          -5.06221
          -5.02902
           1.54703
           1.94540
          -0.88626
           0.69648
          -2.11003
           2.42309
          -8.39653
           2.53239
         -10.50600
           0.24965
          -3.04376
          -0.72944
           6.10426
          -3.22759
          -3.34586
          -2.59889
           0.97533
           2.18614
           0.97317
          -0.07105
           3.80861
           1.33212
           1.00260
           4.79903
           5.58777
          -0.84110
          -6.39767
           0.89773
          -0.69976
          -0.80993
          -1.81407
          -3.68249
          -2.94075
           7.36689
           3.51191
           1.91495
           3.72929
          -3.60050
           0.31523
          -6.04150
          -1.77662
          -2.72867
           5.10674
           5.92431
          -2.65698
          -3.84646
           7.45117
           4.23417
           2.44737
           2.39008
           6.81462
          -1.20988
          -1.01902
          -1.73761
          -2.22833
          -3.13521
          -3.49603
          -2.15164
          -1.62978
          -1.64847
           1.73762
          -5.80459
          -6.09651
          -4.95254
          -0.46738
           1.44941
          -2.03624
           3.63409
           2.90678
          -4.86858
           3.95086
           4.79784
           6.29287
           0.12391
          -0.23470
           3.41103
          -6.20795
           4.26243
          -5.67018
          -6.45682
          -0.04641
          -4.45709
           3.77484
           8.83051
          -4.50410
          -6.17338
          -0.18269
         -10.78893
          -1.03043
           3.79917
           1.89016
          -1.51521
           3.02002
         -11.49166
           3.99932
          -0.97691
           0.19919
           3.48896
          -5.38790
           8.81339
           3.95178
               NaN
           4.23085
           1.85634
          -3.50713
          -0.22859
           1.42173
           0.39843
           2.91861
           3.29523
          -1.70766
          -1.69030
           1.38932
          -7.76427
           1.97392
          -0.22458
          -0.90184
          -4.56540
          -1.91718
          -8.64989
           3.29525
           3.23193
           8.85039
          -9.59445
          -2.52017
           7.50772
           5.04786
          -1.92983
          -1.45896
          -2.26143
          -2.66393
           2.66654
          -1.65378
           2.35020
           0.47800
           5.93856
          -0.01377
          -0.88316
           7.84802
          10.31284
          -0.79569
           9.08015
          -3.22137
           4.92510
           1.96447
          -1.09503
          -2.94096
         -10.83101
          -3.79828
          -4.35911
          -8.75719
           3.29583
          -8.80053
          -6.41787
          -4.43399
           2.15127
          -0.51175
          -6.62164
          -5.33760
          -6.31557
          -3.52346
           6.73406
           3.97844
           0.54275
           5.00141
          -0.60849
           1.36776
          -2.26454
          -4.17427
           1.69627
           3.50353
          -1.53483
          -3.18081
          -3.73299
          -6.21768
           0.32955
          -0.29317
          -2.36133
           4.36853
          -0.53201
          -5.12044
          -3.85360
          -5.91601
           1.90800
           2.52886
          -6.21363
          -1.93142
           0.82982
           1.06623
           0.60625
           0.79742
         -11.98165
          -4.29791
           2.05953
           9.14091
           0.75200
          -6.52326
           2.21886
          -2.77933
          -1.94144
           2.40653
           7.95495
               NaN
           5.61802
           0.05804
           4.11596
           0.37228
          -0.77724
           8.53714
           2.08025
           3.86485
          -1.91731
          -0.91458
          -2.33134
          -4.48276
          -1.30246
          -5.44832
           4.21379
          -8.29213
          -0.60769
           0.89221
          -2.96012
          -5.28845
          -5.41601
          -5.64891
           1.96371
           3.22801
           2.92128
           0.11171
          -6.15280
           2.27011
           3.27988
          -7.78930
          -6.26108
           2.59345
          -3.33606
          -0.36643
          -1.68598
           9.98966
           3.60807
           2.34999
           2.46476
         -10.53876
           0.22574
          -4.79420
          -6.13647
          -2.19679
           3.80988
          -1.07997
          -1.46128
           1.14008
           0.23841
           0.09996
          -1.63328
          -0.18174
          -3.98859
           9.73985
           6.65201
           5.28912
          -4.48416
           3.47069
          -5.96728
           3.45493
           4.04711
          -1.50168
           2.44378
           0.26781
           3.01563
          -2.86490
           1.63696
          -9.06388
          -0.40761
           2.83640
           2.42835
           0.99139
          -0.14010
           5.76244
          -1.65212
           0.79543
           1.77304
          -0.98877
          -1.26561
           3.53135
          -0.11298
           1.59425
           0.27844
          -4.81643
           2.70327
           1.09859
          -1.04036
           1.41326
           0.42231
           3.33871
          11.55834
          -0.49453
          -1.26256
          -3.31122
           5.65442
           0.63488
          -3.07544
           3.11359
           5.63024
           4.35848
           2.35820
           0.68762
           0.11787
           0.26054
          -4.53603
           2.90650
           0.76195
           5.99820
           5.86804
          -0.88519
          -4.79060
           3.86624
           7.20189
          -5.10284
           4.68404
          -1.00764
          -6.89998
           0.82346
           0.23261
          -5.71602
           1.48913
          -4.79758
          -6.17238
          -3.87659
           1.98798
          -5.01904
           5.11216
           2.66475
           2.44690
          -7.00398
           2.19599
          -2.22704
           3.14920
           2.43356
           5.48112
          -2.55004
          -1.47448
           0.76293
           1.32646
           6.58459
          -1.30933
           8.04075
           6.26325
           5.99065
          -4.42862
          -4.56948
          -3.83178
           2.17033
          -1.05549
          -0.13461
           4.13784
           1.88453
           3.95612
          -4.45545
          -2.65572
           2.68918
           6.38160
          -4.65682
           1.43201
          -1.32237
           3.00975
           3.60761
           5.04019
          -6.41012
           2.15899
           0.77354
          -6.04189
          -3.75972
          -2.62943
           1.28906
          -0.14022
          -2.99738
           4.86352
           0.55348
           6.22202
          -2.61422
          -1.20578
           2.72474
          -2.40356
          -0.56427
           5.65893
          -1.67162
           4.89975
           1.66360
           2.54312
          10.29054
           4.55867
          -2.11118
           3.69988
           0.91401
           7.57429
           0.52220
          -6.94899
          -0.15965
          -1.17344
          -2.35209
           0.68947
          -8.84793
           3.19159
          -5.07516
          -0.74400
          -1.08683
           0.41546
           7.65664
           6.40277
           8.87779
           0.48407
           3.98318
           5.09070
           0.53806
          -0.78164
           2.84719
          -7.43947
           3.72833
          -5.71399
          -1.93102
           6.81939
           0.90344
           7.30157
          -0.55512
           1.08201
          -2.35726
          -0.85442
           3.02184
          -2.44038
           6.86688
           4.43780
           3.92581
           2.95584
          -3.15249
           4.57276
          -6.13319
           2.51373
          -6.40823
           4.67892
          -0.61948
          -4.53724
           4.43896
          -3.13527
           6.64840
           0.51730
           6.15181
          -3.09565
          -0.83880
          -2.56911
           3.01103
          -4.02619
           4.30263
           2.52764
          -0.58486
           1.56807
          -2.28219
          -2.07778
          -2.34720
          -4.46907
           2.85674
          -6.64035
           6.32022
           4.40560
          10.02504
          -5.23875
           1.36008
           0.69084
           2.19453
           3.13744
          -2.00778
          11.36942
          -2.71659
           4.69511
           1.82678
           0.22532
           4.36848
           6.85185
           4.23735
           5.42408
           0.87687
          -2.38960
          -1.41430
           1.54276
           2.49308
           7.98619
           3.89695
         -10.09300
           0.14142
          -4.33486
           4.71259
           2.70582
           4.23832
          -2.83596
          -2.32991
          -2.18459
           7.62144
          -1.91962
           1.16389
          -2.75083
          -0.13733
          -1.98932
           2.79956
           2.54241
          -1.20278
          -0.37273
           0.00115
           2.97243
           6.99811
           2.32196
           9.63863
           5.58912
          -1.70458
           1.38319
           4.18381
           7.27812
           2.66735
           0.07039
          -4.61691
           6.63611
          -5.66257
           0.86519
          -6.86534
           0.49227
           7.54637
           0.60689
           1.99934
          -2.19594
           8.29277
           3.97432
           1.12393
           3.40699
           0.32332
           1.79859
          -1.59259
           7.20724
          -0.24714
          -3.96414
           5.39516
          -3.05091
          -0.94686
           1.98001
          -1.67625
           2.11619
          -5.04906
           1.35895
          -0.24069
           2.58840
          -1.65173
           1.10457
           0.97242
          -2.04061
           3.60754
          -3.02979
           5.19492
           2.51782
          -3.55798
          -3.08465
          -2.45435
          -4.94679
          -1.60693
          -0.79178
           0.38501
          -0.76144
          -8.92743
           1.48001
           1.33686
          -4.84235
           0.55565
           2.47163
           4.76327
          -0.25637
          -0.70827
           2.41556
           3.76746
          -1.45699
           3.24141
           3.81022
          -2.41011
           1.30675
           6.19889
          12.31451
          -2.27193
          -5.60343
           3.47043
           6.74693
          -3.47513
          -0.61879
           3.48015
           4.60292
           4.57762
           3.39349
          -4.29149
          -3.33804
           0.75934
          -0.67994
           0.70780
           8.31922
           7.73402
           3.89040
          -0.93988
          -3.78554
           4.71804
           4.49186
          -4.30352
           0.48408
           2.50169
           7.72538
          -3.02500
           3.85548
           1.90291
           8.64875
           7.81668
           9.50412
          -4.32190
          -0.46608
           2.17075
           2.52659
          -0.31718
           3.19644
          -1.14257
           0.50864
          -2.21725
          -1.79158
          -3.82908
           7.47653
          -0.31752
          -1.93359
          -5.57519
           3.02524
           8.36958
          -1.38672
           5.60183
          -5.33902
           4.83427
           0.53843
           3.28607
           2.17913
          -1.83760
           1.66485
           1.97198
           4.01335
          -7.84952
           6.57537
           1.38263
           1.53198
           3.63208
           1.29747
           4.35461
           4.04746
           4.34514
          -3.86294
          -2.89075
           5.30787
           2.27895
           6.31812
          -1.70155
          -2.85895
           0.98514
          -1.11800
           0.76730
           7.56488
          -1.82928
           0.46764
          -1.12397
          -8.23955
           8.00409
           5.72550
          -1.21956
           0.29548
           6.66847
           3.55535
           5.68105
           7.65484
           0.31457
           0.95087
           1.30061
          -4.44031
          -1.18759
          -2.91995
          -1.74940
          -4.13268
           4.07596
           4.18711
          -3.22144
           6.44695
           2.96872
           3.96498
          -4.44490
           5.55447
           1.64799
          -4.46506
           0.48772
          10.17566
           4.65047
          -5.74967
          -1.17518
           5.11106
          -3.97346
           6.13604
          -1.13391
          -0.94115
           2.65117
          -1.55862
           7.24978
          -5.03371
          -1.91464
           3.38463
           4.39027
           4.48532
           1.88487
           3.05883
           4.04323
           2.97186
          -2.75975
          -2.55026
          -7.89163
          -4.04604
           5.43983
          -1.63153
           5.67463
           3.41076
          -7.78604
          -4.17917
           0.21922
          -0.32891
          -7.58269
          -2.37852
           4.94758
          -0.05310
           6.91790
           3.08297
          -1.29011
           5.23524
           7.06959
          -1.23745
          -4.46596
          -2.69603
           0.01823
           2.12952
          -0.70049
          10.73725
           1.58900
           8.99291
          -0.29861
          -2.28942
           1.69922
          -0.32785
          -1.14432
           7.62557
           3.86659
           0.55036
           7.33911
          -0.42669
           9.21505
           6.29297
           0.32145
          -0.70918
          -0.84679
           5.80449
          -1.41118
          -5.82755
          -1.04550
           3.47246
           0.70672
           3.50959
          -0.26316
           3.97357
          -2.68077
          -2.20515
           4.12230
           0.87461
          -1.91536
               NaN
          -9.42803
          10.25242
          -4.49638
          -2.03569
          -8.00279
          -0.89799
          -8.19973
           3.34991
           6.88123
           1.23199
          -3.80323
          -0.86674
           0.35390
          -0.59978
           3.51445
           3.78824
           7.98295
          -7.82363
          -4.45771
           5.36645
           2.57450
          -1.28307
          -1.17720
           6.38521
           1.59425
          -7.31703
           4.11981
           8.80800
          -1.28913
           1.07389
          -2.29707
           5.82658
          -0.73715
           8.32602
           4.30552
          -2.80567
           0.35853
           2.57761
          -8.33933
          -5.02838
           1.52523
          -0.16729
           1.96430
           2.87626
          -0.61561
          -2.42528
           6.51502
           6.95536
           3.29355
           7.84097
           3.91158
           3.19082
          -2.03935
           1.58042
           2.06156
           1.40513
          -4.18430
           5.25924
           2.01234
           3.08944
           4.97551
           5.06935
           5.02326
          -2.62307
           4.41767
           2.58242
          -4.30783
           0.97989
           1.88676
           0.91851
          -5.12485
           0.57809
           4.65134
           6.91849
          -3.72547
          -2.95721
          -0.40728
           2.37543
          -4.28324
          -5.23689
           0.79765
          -1.84704
           2.21095
           7.98176
           1.10476
          -1.98582
           3.11481
           1.30932
           6.88996
          -0.03216
           1.90995
          -4.32478
          -2.49595
           5.69416
           1.00150
          -0.29784
          -3.83245
           1.09691
           5.29248
          -0.76995
          -5.32921
           2.66445
           0.02052
           3.73041
           0.28663
          -0.60614
          -5.01409
          -2.85148
          12.67435
           0.29375
          -2.71257
          -6.10267
           4.53168
          -6.69424
           6.11571
           4.85919
           8.04367
          -1.40710
          -2.46666
           1.24785
           4.66423
           4.79050
           4.74044
           0.28737
           5.03979
           2.52975
           3.23128
           7.12829
           7.19070
          -0.97075
           2.30068
           8.17505
          -1.43848
          -2.43799
           0.88655
           7.65177
           0.11306
          -3.09596
          -0.45759
           8.93564
          -4.37837
          -5.42742
          10.09124
          -4.81322
           2.35325
          -2.88534
               NaN
          -5.65159
           1.36450
          -2.59472
          -1.49330
           7.91820
          -5.93826
          -0.94567
          -3.07922
          10.50102
           2.03178
          -1.13342
           4.11857
          -2.25586
           4.46620
          -7.59228
          -2.80664
           3.05102
          -1.78187
           5.12502
           3.26363
          -6.54523
          -1.11204
           1.67961
           9.55709
           3.87411
           6.96277
          -4.75314
          -5.33980
           3.40941
           3.24146
           0.37324
           5.03905
          -2.31943
           7.82153
          -4.62940
          -0.59338
           5.86881
           0.15373
           6.66635
          -0.39955
          -2.02750
           1.05130
          -2.22584
          -1.22737
           5.72773
          -0.24559
          11.82290
           4.01723
           5.86949
           3.31071
           5.52407
          -1.12436
          -0.93342
          -3.45342
          -1.08210
           2.44773
           2.97252
           0.25066
           7.66446
           0.79825
          -2.80291
          -6.41493
           0.41549
           5.16583
           4.43912
           3.24837
           4.64883
          -5.85222
          -2.96959
           4.49473
           1.05555
           6.36527
           4.99641
          -0.47427
           6.16850
           1.90473
           8.19913
          -0.39276
          -3.41631
          -3.26598
          -1.31457
          10.88951
           1.95114
          -1.33384
          -0.06007
          -3.16878
           0.47874
          -1.15560
           3.20682
           1.16010
           4.06811
           0.90523
          -0.04681
           3.47733
           1.41649
           0.38147
           4.88647
           8.70860
          -1.43061
           3.97813
          -5.06455
          -5.96146
           7.44277
           2.70610
           4.67108
           5.28406
          -7.86536
           3.29278
          -5.50560
           4.15419
          -1.03913
          -4.07030
           1.89650
           9.65163
           2.69432
          12.41813
           6.16992
          -2.09979
          -7.08676
          -1.84903
           4.01372
          -2.86529
          -1.73523
          -3.81505
           3.06818
          -3.65615
           1.82241
           1.27245
           1.93707
           8.73486
           1.87008
           2.40027
          -6.88966
           4.48828
           1.35258
          -0.01664
           2.45091
          -5.03573
           4.30258
          -5.08221
           4.61177
           0.67347
          -3.05683
           1.61605
          -2.94276
           2.86741
           1.01652
          -2.62419
           4.65892
          -4.14342
          -1.26111
          -1.31717
           4.20131
           7.65633
           1.41463
          -2.20152
          -5.20907
          -6.69161
          -1.43818
           7.98909
           6.23093
           4.05529
          -0.85112
           1.87019
           0.54864
           2.42143
          -8.33474
           6.35984
           1.11920
          -0.14923
           2.51309
           1.77556
           1.07111
           3.41117
               NaN
           2.18898
           7.45675
          -1.83488
           3.29722
           4.16517
           4.25491
           3.98094
           2.33694
           5.11874
           0.55401
           0.70304
          -1.06815
               NaN
          -6.76197
           5.43048
           6.70693
           2.94126
           4.38210
          -3.17506
          -1.26510
           5.20545
           7.07117
           3.99448
           0.34727
           4.07431
          -9.30682
          -0.61140
           2.57055
           7.36718
          -5.60510
          -0.80651
           3.75607
          -0.26271
          -0.24608
           0.33492
           7.88466
           0.98430
           7.27069
           0.08686
           4.92003
           1.65149
           9.75630
          -3.43747
           0.13460
          -0.50052
          -0.54159
           4.86444
          -3.75795
          -5.39517
           2.86748
           2.90277
           5.02100
           0.91221
           0.66052
           7.81251
          -5.02215
          -4.66218
           1.31372
          -5.81208
          -6.96024
           0.98784
           4.74162
           5.08094
          -0.96804
           0.24230
         -10.38428
           5.26537
           1.63644
           7.15072
           2.33360
           1.60629
          -3.33428
          11.24541
          10.18190
          -8.81937
          -1.27141
          -1.70697
          -3.99016
          -2.15942
           0.14724
          -1.66804
          -3.87351
           3.50614
           0.41784
           4.71832
           6.55268
          -5.98798
          -2.97947
          -1.65593
          -2.01677
          -1.01355
          -4.78965
           2.71239
           1.59815
          -2.25370
          -1.56621
           4.11754
          -0.04803
           0.92837
          -3.39711
           2.49717
           2.44983
          -1.62168
           4.83692
          -0.03183
          -0.04885
           8.99230
           7.65036
           0.24532
          -0.81638
           4.06688
           1.00147
          -5.19971
           1.24917
           6.52700
           3.05256
           4.33286
          -2.76972
           3.57438
          -2.43636
           6.61344
          -3.71153
          -1.62525
          10.60251
          -2.79975
           0.28163
           4.20165
           6.05235
          -3.03842
               NaN
           3.99719
           0.62727
           2.84233
           1.97911
          -2.69789
          -1.10377
          -0.89579
           2.75069
           3.20719
          -1.99289
           3.60685
           9.59865
          -4.33723
           3.73925
           4.25086
          -0.82244
          -0.29439
           1.56524
           5.05341
           0.07568
           3.58195
          -0.20907
          -1.24790
          -3.07082
          -1.54823
          -0.53220
          -2.15365
           1.98916
           2.03043
           1.31699
           3.27779
          -1.19468
           2.38838
           4.35575
          -2.02427
          -4.79384
          -4.52868
           4.77546
           1.37698
          -1.45243
          -1.39215
           3.86604
           1.74319
           1.17037
           1.69814
           4.77831
           5.07812
           1.29220
           1.23559
          -2.09151
          -0.10511
           0.72620
          -1.24252
          -3.30907
          -1.99327
           6.87544
           6.16061
           1.32543
          -2.30925
          -2.73904
           9.75802
           0.78012
          -0.21508
          -0.61430
          -1.61322
           8.27920
           3.35027
