          10.75465
          10.96457
         -12.29847
          -1.79027
         -14.86752
           1.82518
          -0.46411
           7.07008
          -9.41474
          -8.43064
          -8.03223
          -8.22526
           7.37466
          -6.90066
          14.09454
           7.54347
           8.41817
         -11.98411
           3.80202
         -25.60009
          14.90904
          12.21593
          11.49657
          13.06285
         -11.35880
          15.07406
          -9.65475
         -14.43512
           2.53407
          -1.22245
          11.71961
         -10.32261
         -12.83012
          10.30312
          22.13424
          -7.73465
          19.39124
          15.60478
           0.34302
           2.23181
          -6.50655
           7.09609
         -33.08338
           0.82486
         -14.39743
          21.77123
          -3.05723
          -7.60179
           8.84144
           5.50159
           7.31799
          34.45115
         -22.27927
          -9.14859
          -7.96087
           1.86564
          16.37248
           6.14381
           3.99345
          16.00514
         -13.66678
          -1.15945
          13.00683
          13.16275
          10.57987
          -1.35965
          -5.96080
          16.32965
          23.19898
         -20.66613
               NaN
          10.85023
          -3.53105
           8.49271
          -1.13357
          19.08445
         -21.15050
         -19.04740
          -5.75846
          -9.84442
          -3.72467
          16.63166
         -11.75151
           3.90411
          -7.27068
          -6.27429
          -2.39851
          -1.04333
           7.58470
           7.51954
          28.67738
          15.17200
          -2.43602
           7.34899
          11.21859
          -0.98118
          -1.98898
          31.12199
          -6.68038
          13.04621
           0.70200
          -5.31697
          -7.76060
          18.25622
          -2.06865
          12.38940
         -16.11230
          -3.81614
           4.15024
           6.92762
          -8.17428
          -2.38624
          19.83147
           9.85796
           5.08860
          36.30056
          -0.93670
          -1.36075
          16.42392
          -4.45008
          -0.98583
          -5.70792
         -10.78587
          23.83973
          18.95276
          -2.32145
          18.10000
          -9.95708
          24.16617
          -3.94212
          -0.52653
           1.60202
          14.09432
          -3.26695
         -17.84788
           4.28863
          10.58689
          11.26045
               NaN
          -0.60908
         -13.76847
         -13.29548
           1.64249
         -24.37249
          21.56530
         -17.26748
         -18.52372
          -3.51174
          11.32464
           3.40422
           1.56646
         -11.14145
          -9.73889
          10.00824
         -11.79001
           3.53632
           2.43320
          -2.82339
         -18.31010
          15.88013
          -0.73555
         -10.23294
          -9.28285
           1.78072
           7.58471
          14.57766
           8.66879
           4.45561
          20.56059
          20.03634
          -7.09146
           2.43185
          -6.34268
         -11.74931
           9.48643
          -3.57525
         -14.62484
           3.93415
          -4.72209
           4.15640
         -13.68087
           1.74122
          25.13104
           3.52119
          -6.70451
           2.01955
           5.71373
          10.42959
         -10.74220
          11.84251
           5.55899
          -1.40117
          -1.09634
          -1.00038
          35.36552
           0.59913
          21.98010
          -8.46029
           6.34991
           2.30739
          -9.84596
          -5.63856
          -9.53422
           1.21282
          -2.28948
          24.11941
          -9.90006
          16.97995
          10.01279
          11.79072
          26.02433
          -1.14442
           6.15213
         -16.15278
         -19.28222
          -4.71530
          -3.54107
           2.97271
           6.98185
           8.45736
          26.27698
          30.10703
          11.41751
          -5.20596
           8.41365
          18.17289
          16.70385
          16.33804
           2.88489
          34.04881
          -1.93871
          27.96778
         -17.11858
          10.56299
           7.83007
           8.75845
         -11.46220
          10.42915
          14.27112
           7.57288
          14.55298
         -11.06840
         -24.39167
          -7.83344
         -13.83079
          -5.67921
           9.24316
          13.14781
          -1.93671
          26.97480
           7.30715
          -9.03522
          15.05690
          10.83240
          10.39162
          15.67030
           7.43995
           7.55591
           2.93462
          -4.10202
          -3.34699
          -0.02520
          30.47230
         -20.53291
          29.52300
           3.33954
         -17.39405
          13.22369
          -6.96410
           8.15007
           9.53151
           4.18615
         -21.89238
          -2.72865
         -13.70369
           7.86072
          24.57662
          14.41882
          37.16090
          22.21771
          -9.80792
         -21.95003
          12.54201
          -0.28190
          22.67523
          11.49846
          -8.09687
           9.53394
         -11.85847
          34.73352
           2.82787
          19.63971
         -14.24341
          17.53626
          -1.91735
          -7.29939
           9.20953
          -1.14370
         -15.47966
           2.05805
          -7.74469
         -13.15764
           9.20173
          -4.40657
          -2.49305
           2.30325
           7.44144
          -3.72297
           9.62393
           6.67554
          16.81055
          15.92607
           1.57458
          17.91166
         -21.38000
           1.57265
         -17.30837
          16.62253
          27.50965
           7.33151
          22.34338
         -19.87904
          13.43056
          -6.79602
           7.05929
           5.67515
           4.52687
         -14.33977
         -12.71325
           0.31359
          -8.20058
         -21.36475
           1.33879
          -3.19204
           6.25804
          11.53534
           3.44155
          15.91301
         -20.19076
           8.06671
         -19.43849
           6.37201
          30.59839
           1.16230
           9.45342
          15.91115
          15.71693
         -16.86405
         -16.10286
           6.46859
          -6.65803
          -7.38176
          -8.07365
          25.62972
           7.56988
           0.14615
          13.17563
          10.00141
         -27.78077
         -13.65863
          15.41714
          -3.25032
          -4.85258
           5.10566
          15.65739
          -6.76285
          18.91698
           7.36284
         -14.52435
          11.55667
           7.00933
          -7.18403
         -22.86119
           1.49801
          14.06024
          12.15156
          -5.19029
           3.37043
         -20.41078
          18.20842
          23.32443
          15.97918
          19.69956
           8.05886
         -16.30392
         -13.11086
           6.39546
          -6.40871
         -22.39505
           6.00950
          -3.21096
          28.17619
         -19.66947
           2.91372
          -0.27920
           3.95729
         -14.91445
         -16.27184
          -3.21251
         -11.13774
           8.16259
          -2.90813
          -0.65884
           6.42922
           6.45835
          19.30352
          11.00342
           5.22688
          -2.20030
          13.32667
          -5.87065
          17.67298
          24.91672
         -12.84751
           6.29921
          13.72614
               NaN
          -5.04593
           2.89280
          11.67946
           8.20195
          -5.11009
          19.71940
          16.94955
           6.02056
          12.90795
           7.30299
           1.08451
           6.60589
          -7.87307
          -6.94902
          13.43943
          13.29793
         -24.45675
          23.30788
          -7.65137
           3.20090
          20.01131
          -1.01461
          11.12550
          14.12380
         -24.62275
           4.21570
         -10.71715
         -13.00291
          -4.35593
           7.09295
          -4.95079
          17.62278
         -12.74173
           6.77722
          12.48655
          14.27430
          -0.93910
          -1.21175
          21.15410
          -2.83395
          10.57350
          15.68353
         -24.59735
          -4.28944
          11.57293
           7.91696
         -23.09521
          14.99232
           1.71988
          -0.49158
          -8.93542
           3.94263
         -20.44383
          10.49794
          -1.85345
          -8.65917
         -22.24606
          -1.63368
         -11.94308
          25.79881
          20.59807
           8.55617
           9.80072
           9.03913
           1.34811
           2.41341
         -15.21159
         -18.18647
          15.93064
               NaN
          -1.56216
          23.20020
         -14.45858
           3.83744
          -6.11241
          -3.52318
          13.12909
          14.90785
           2.53891
          18.75667
           7.02642
         -20.15155
         -21.98064
          20.90111
          11.40319
          -3.69906
           8.41543
          -5.93101
          17.34826
          11.12002
         -24.86656
          15.79729
          -5.11960
          -3.87540
          -7.86154
           1.87422
         -12.45696
           6.89528
          -1.30816
           3.13054
           4.50054
          12.04183
          -1.06262
         -13.96914
           2.49886
          -0.03048
         -10.09832
          17.64376
           6.46596
          -3.59340
          -2.03342
           8.33902
           4.70636
         -10.42312
           4.79595
          19.36978
          10.83992
           5.52984
          -1.25377
          -2.03883
          -4.93871
          29.43479
          -8.28200
         -10.49093
          15.77245
          22.02752
           6.04606
           0.33648
           0.86502
         -18.35308
           9.43223
          12.23201
         -16.92211
          14.70541
         -20.65922
          -5.08045
          24.14390
           6.20419
           1.23161
          -4.36896
          10.15561
          10.75588
           9.75664
          -4.52211
         -19.92339
           9.26888
          14.94153
          22.68814
          12.46251
           7.08398
          26.01774
         -17.17555
           0.93525
         -29.11063
          22.90687
          25.60979
         -15.07328
          -8.48448
          -6.71845
           5.13310
         -10.70417
         -10.96520
           8.05001
           8.69038
          18.70263
          -5.67005
          12.89430
           0.97489
          -0.37742
          -5.06554
           6.60974
          13.33245
           5.99060
          -2.15511
         -12.97788
         -10.63994
          10.06073
          12.01034
         -13.34054
          -1.00635
          12.61176
          24.18915
          -7.13744
           2.88371
          24.15765
         -13.37110
          -0.43260
           1.50925
         -24.31675
           5.64498
         -13.91581
         -13.62389
           2.09278
           4.80708
           1.95599
          -6.84664
          11.48461
           6.35451
         -18.63853
           7.04538
           0.15304
           9.05013
         -13.91435
          35.72695
          20.43654
          -6.68520
          35.41659
         -27.95321
         -18.36999
          12.02737
         -26.16094
          20.60126
          -0.06392
          10.27218
          -5.89267
           2.46214
           2.11034
          -9.98241
          10.15194
          25.58719
          -1.91594
          -0.64688
           1.54704
          -6.16906
          14.29248
          -5.58206
           3.00439
         -11.31991
         -12.15741
          18.47026
          -1.39908
          13.42511
           7.78571
         -12.22514
           3.77139
          35.67218
          -3.96403
           5.36105
          11.80657
           8.53377
           6.44909
          -6.64596
          18.34069
          -9.27153
         -20.89317
           2.89234
           4.30613
           8.74416
          13.66622
          23.27557
         -10.56713
         -14.11120
          29.44578
         -14.69392
         -13.19275
          11.12503
           3.29414
           1.94266
           4.20364
          -5.03053
           1.60464
          -0.77212
          -6.79222
           7.34199
          23.92589
          16.27746
          -7.98749
          10.96089
          -1.53660
           3.32605
          20.17543
          -7.44691
          31.29684
          22.33307
          27.14310
           6.04137
          -6.46655
          -6.34860
           4.74379
           9.04220
          10.85969
           5.62459
         -11.25893
          16.09744
           7.27190
           9.05087
          -3.85958
          -7.04294
          10.84585
          -4.97116
          12.10770
           7.40330
         -18.19724
          -7.60851
          37.24638
          38.07628
               NaN
          19.51966
          -4.35226
          24.75534
          20.03907
          10.35769
          -5.93363
           5.66185
          14.64889
          10.89933
         -11.67684
          20.31976
          -1.54278
           7.40276
           7.05575
         -22.22344
          21.72320
         -19.04083
         -21.85923
          12.19886
          -5.89203
           0.03257
           5.59461
          11.24098
           1.61404
          20.05989
         -24.47757
          14.26347
           9.98719
           6.46149
          17.59353
          23.54926
          -9.13669
           8.49763
           2.00455
           5.12929
          -5.89861
           1.11199
          -7.58749
           2.36386
           6.62444
          22.24466
           1.16449
           2.75973
           8.08299
           8.15291
           4.69426
          -9.63735
         -14.11586
          -2.04460
          -5.54423
          -4.14433
           3.64224
          16.86967
          23.61674
          24.51419
           2.23438
          -2.29973
           3.97903
           4.78993
          21.11801
          10.06835
           9.17367
          21.81110
          -8.87209
          -3.84938
          -3.02492
         -10.49604
          33.08133
           0.41168
          27.58788
          -1.31841
          -3.88245
           9.60623
          -1.48311
         -13.66124
          31.00442
          -1.76928
         -14.69230
          -1.68346
         -12.22867
         -16.31655
           0.37734
           3.40148
           4.37603
          -4.17883
           1.17503
          -6.34793
          12.07447
          12.64058
           9.33049
          13.07776
         -17.27290
          21.75935
         -23.12749
          10.70525
           1.02069
           5.78647
          -2.79717
           6.51145
          -2.02683
          -2.52923
          22.68968
         -16.48053
           2.51559
          -8.17106
          -7.32911
          -9.43728
          25.66444
         -13.34399
         -13.71101
          22.43805
          22.70224
          26.58318
          -1.40513
          15.15632
          -2.75694
          17.97761
           7.58917
          -9.49899
          -3.77893
         -14.10188
          10.93589
         -13.30540
           0.98877
          -8.58816
           6.88188
          16.55946
          -1.81023
         -16.61251
          25.94137
         -16.73707
          11.36983
          -0.84327
           7.86608
         -10.88552
           8.87137
          -9.49439
          10.94125
          -3.28462
         -10.01678
         -18.03000
          15.65328
           4.47677
           7.77422
          -0.77011
          21.05820
          -2.10890
          11.46174
          16.91166
           8.86625
          -4.90605
           8.74176
          -1.36718
         -15.58021
          19.32749
          11.87161
          11.71951
          13.92311
         -11.92396
           9.09320
          21.52032
               NaN
         -29.72859
          -6.40204
          -6.91926
          -0.30044
          16.45460
         -17.33829
         -21.04240
           2.35167
           3.48639
           6.56376
          -7.06361
          -2.85601
           3.74096
          -6.10218
          -3.26341
           7.45321
           3.26112
          -3.27549
          -0.77354
          10.41041
          10.64369
         -23.09038
         -12.56701
          10.60961
           8.73273
          19.12864
           2.98146
          12.02461
           3.17245
          -6.62767
         -10.66812
          20.96236
           2.52693
          14.05533
         -10.88602
          15.80332
          -4.27748
           5.21214
           4.88004
          -8.50639
          27.48331
           1.50462
           6.25494
          -8.73931
           4.84127
           5.15699
          14.45144
          -1.99716
          21.27907
          -6.19456
          16.81076
          20.72530
         -16.13728
          22.05770
           3.31399
         -16.00554
          11.39107
           5.74982
         -12.83220
           9.35492
           2.38461
         -15.65694
           3.74891
          14.79474
           2.97730
         -15.48906
          14.46581
          14.38540
          -9.09578
          -5.35012
          18.80447
          21.36154
          -7.52714
         -16.70212
           3.75020
          15.17948
           8.03169
         -16.05473
         -13.71643
          10.52918
          -3.42337
          -0.72273
          16.57129
         -18.24535
           1.48032
          13.07996
          28.79467
         -16.58774
           0.03199
           8.34592
          -6.30579
          18.80960
           9.77005
          -6.65964
         -10.30930
          -4.54794
           2.27837
          12.40752
         -13.88499
          13.30299
           6.40639
          27.83738
          -5.28864
          17.92323
         -15.54181
          -9.52727
          -0.11348
          13.50633
           4.71458
          19.40791
           3.97466
           6.07708
         -12.40704
           9.49453
               NaN
          -5.68511
           7.02995
          23.77465
          11.11143
           9.10753
          11.31521
          28.31722
          12.88044
           4.90147
          -3.85618
           1.23230
           0.54160
          -1.17022
          -1.37547
               NaN
           1.81593
          -1.67464
           0.69552
          -2.72251
           1.68653
           1.87993
          -1.08378
           3.02331
           1.91416
           3.15649
           1.22733
          -0.47579
           0.71609
           0.82647
           1.38823
          -3.14701
          -1.89853
          -0.23770
          -1.34053
          -1.22105
           2.19955
          -0.45459
          -2.84061
          -1.46730
           2.26995
               NaN
          -0.48942
          -0.40134
           1.52034
          -0.77037
          -0.38949
          -1.78503
           1.10690
          -0.76753
          -2.67095
           1.30623
          -1.23600
          -2.98285
           0.61907
          -1.32113
           1.89465
           2.39167
          -0.07365
           0.86890
          -1.55805
          -3.85193
          -1.77311
          -1.22238
           3.22320
          -1.79739
           0.18287
          -1.99385
          -0.96312
           0.61608
          -0.91503
           0.84988
          -0.45971
          -0.65704
           3.10327
           0.63381
           0.08020
          -1.57050
           0.62024
           2.12609
          -0.43727
          -1.42404
           0.30104
           1.27312
          -0.90443
          -0.60521
          -1.36425
           2.24761
           3.07124
          -0.40902
          -1.34319
          -0.58663
           1.46887
          -0.37608
           2.21363
           2.28194
           0.09557
          -2.81265
          -0.62137
           1.54322
          -1.09692
           2.54032
          -0.86083
           0.27754
          -3.11220
          -0.09700
           1.14960
          -2.04178
          -1.79484
          -1.26868
          -0.32141
           1.91779
           1.62337
          -1.00051
           0.09439
          -1.76132
           2.28382
           0.83418
          -1.67697
           0.21782
          -0.92458
          -0.62406
          -0.38701
          -3.74337
          -0.41598
           0.76295
           0.57180
          -0.61898
           2.42771
           1.59793
          -2.61932
          -0.69274
          -2.96930
          -0.36143
           0.70737
          -2.97644
           1.65497
          -3.84304
           1.65198
           0.11476
           0.00745
           2.42826
          -0.90239
          -1.92610
          -0.62242
           1.05725
          -0.89556
           0.25255
          -1.19878
          -0.61782
           1.30758
           0.90775
          -0.02207
          -1.08399
           2.15511
           1.66982
           0.76111
           2.67849
           0.43449
           2.86412
           3.91223
           0.16819
          -2.21877
           0.99699
           0.50967
          -2.40409
           0.13859
          -0.64559
           0.74576
           0.21549
           0.18550
           2.57272
           1.16583
           1.13553
           0.25277
           0.81878
          -1.48645
           0.63378
           0.64524
          -2.51582
           0.34335
           0.98774
           2.76171
          -0.28974
          -0.46148
          -0.82190
          -1.28038
           1.01469
          -1.97779
          -1.37981
           1.16255
          -0.09376
          -1.36914
           0.76494
          -2.08783
          -1.17334
          -0.87779
          -2.16140
           1.48964
           1.42115
          -1.04475
          -1.43723
           0.80221
          -0.64284
           0.13216
          -2.07588
          -1.41461
           1.12999
           0.83479
           0.39126
          -0.45561
          -0.02022
          -2.07231
          -2.07772
           1.68521
          -2.54039
           2.74787
           1.13663
          -0.41906
           2.63918
          -0.47760
           1.46532
           2.99537
          -0.78960
          -1.13866
           2.33445
           0.07297
          -0.68576
          -0.09277
           2.19084
          -0.41122
          -1.65640
           1.03092
           2.66178
          -0.22519
          -1.98096
           2.26002
           1.33533
           0.79943
          -0.00223
           1.48229
           0.31776
           0.05876
          -2.45474
           1.46666
          -0.64009
          -1.35227
          -1.23625
           1.53012
          -2.08354
          -0.48399
          -1.19706
           1.60213
          -0.14593
           2.59524
           0.70554
           3.17107
           2.89525
           0.51334
           0.61473
          -0.15765
           0.15396
          -0.86751
          -0.78526
          -2.00886
           1.22311
          -1.90736
          -3.29907
          -1.00856
          -0.43484
           2.35622
          -0.53755
           0.34389
          -0.50960
           0.56534
          -2.14719
          -0.25722
           2.74286
          -1.24847
          -2.93002
           2.02202
           0.59213
          -0.53533
          -0.96875
          -1.12207
           0.37362
           0.75333
           0.34765
          -1.03350
           0.08246
          -0.57765
          -1.86863
          -0.93681
          -0.37144
          -0.57296
          -0.37503
           0.27056
           1.39898
          -0.15065
           0.20030
           1.77631
          -2.23434
          -0.48525
          -0.96460
           0.76658
          -1.19757
           0.47373
           0.05499
          -1.13972
          -3.98592
           1.14502
          -0.04640
           1.56903
           2.82675
           0.32709
           2.76724
          -2.35456
          -0.29420
          -0.41245
           3.00204
           0.77499
           1.25696
           2.93674
           1.44565
           1.81313
           0.77323
           0.59471
          -0.76990
          -0.44856
           1.74104
           0.39238
           1.46348
          -2.24016
          -1.67918
          -0.80165
           0.69668
           0.24196
          -0.39240
          -3.45636
          -0.71278
          -1.64325
           3.41494
          -0.81030
           2.31460
           1.04696
          -3.31179
          -2.38406
           1.23802
           2.65197
           1.23643
          -0.54509
          -1.94337
          -0.96814
           0.71974
          -2.60796
           0.11650
          -1.43329
          -0.05137
          -0.09468
          -2.42637
          -0.31281
          -1.33673
          -0.50661
          -1.10742
          -1.61520
           0.03664
          -0.82890
          -1.47237
           1.50435
          -1.57549
          -1.24336
          -1.22024
          -0.09359
           1.41548
           0.18115
           2.12004
           0.10871
          -1.54629
           1.66906
          -0.43875
           2.10828
           3.59956
           1.46747
           0.03620
          -2.84544
           0.27714
           0.25707
           1.61262
           1.36586
          -2.40028
          -1.41522
          -0.50856
           3.06012
          -0.87374
          -0.09557
          -0.54470
           0.45942
           0.99100
           0.83402
           1.56225
           0.21656
           1.68765
          -1.75537
          -0.99041
           3.07765
           1.21795
          -0.54992
          -1.59629
           0.15371
          -2.40675
           0.68538
          -1.01059
          -0.39348
          -0.93452
          -0.95972
          -0.06054
          -2.12975
          -1.84009
          -1.35876
           1.25028
          -0.28925
          -1.44683
           0.45436
           2.75957
           3.00900
           0.51504
           2.08158
          -0.47872
               NaN
           0.29272
          -0.84762
           0.26700
           2.67343
          -1.25693
          -0.29190
           0.32362
          -1.43715
          -2.00626
          -0.24958
           2.60535
           0.10303
           3.60947
           0.20243
           1.41921
           0.36898
          -2.17758
          -0.20982
          -1.25598
          -0.28121
          -3.04715
           0.58052
          -0.91655
           1.62449
          -1.15519
          -2.37844
           0.33628
          -0.21007
           1.73084
           0.51362
          -2.62402
          -0.49081
           0.54637
           2.79699
          -0.61365
           0.06085
          -0.99158
           0.92489
           3.08431
           0.76615
           1.99922
          -2.02287
           2.99419
           1.94731
          -0.32182
          -1.39783
          -1.59448
          -1.57481
          -1.86516
           0.50006
           0.20009
          -0.83276
           0.11130
          -1.73129
           1.81445
          -1.09405
          -3.19901
          -1.59025
          -0.60362
          -0.52658
          -1.21606
          -0.12089
          -1.12386
           1.05237
           0.81190
           2.10360
           2.55389
          -0.33365
           0.20413
           0.45400
           1.79102
           1.63350
          -0.49052
           3.65972
           1.38650
          -0.16826
          -0.51893
          -1.85833
          -0.21859
           0.70068
           0.33578
           0.55032
           2.69882
           2.01854
           1.60987
          -0.19536
           0.15601
           0.54407
          -1.66963
           0.64419
          -0.23473
           1.42929
          -1.00696
          -0.40948
           0.59273
           1.30509
          -1.33814
          -0.62584
           3.01261
          -0.02776
          -1.22721
          -1.00814
          -0.64206
          -0.95746
          -0.20472
           0.66971
          -0.52614
          -1.25213
           2.15140
          -0.40651
          -2.38568
           0.31024
           1.57791
           2.26933
          -1.80167
          -0.98275
           3.42639
          -0.09293
          -0.68208
           1.50924
           1.70933
           1.40123
          -1.83780
          -0.60081
          -0.31654
           1.59798
           0.78658
           2.45238
           1.62800
          -0.23611
          -2.61322
          -1.38296
          -0.64061
           1.87413
           1.27266
          -0.22319
          -0.18392
           2.82426
          -0.69889
          -0.46486
           1.20088
           1.29433
           2.32052
           0.22368
          -0.72999
           1.78560
          -0.73108
           2.11964
          -0.73714
           0.57333
           2.62503
          -2.51409
          -2.65565
           1.92894
          -0.25223
           0.83577
           0.80042
           1.06068
           0.47163
          -1.73610
           1.95889
           0.46975
           0.15405
          -2.13137
           0.37699
           0.96935
          -0.02258
          -1.44915
          -0.27143
          -1.13888
          -1.47381
           1.65572
          -0.15710
           3.87141
           0.42009
          -1.29668
          -0.24411
          -0.36822
           2.00420
          -2.76980
           0.42897
          -2.99735
           2.12789
           0.85155
          -1.47100
           1.07106
          -1.95324
          -0.92771
           0.14915
          -2.01815
           0.10217
           0.09197
           3.51368
          -0.60226
           0.02369
          -1.40939
           2.09151
          -0.09462
           0.75844
          -1.18828
          -0.95061
          -0.93715
           0.09938
           0.40602
          -0.45340
           1.06595
          -0.93942
          -2.14862
           1.52866
           0.99132
          -0.28540
          -1.10206
           0.71430
           1.09378
          -0.43981
           0.15360
           1.93315
               NaN
           1.89090
           0.56183
          -1.00955
           0.10660
          -1.40401
          -0.12009
          -0.75671
          -1.00152
           2.02621
          -0.45565
           0.33626
           1.20277
          -0.94861
          -0.46122
          -2.54582
           1.88848
          -1.15299
           2.95169
          -1.43758
          -1.16116
           2.31074
           0.45720
          -0.57306
           1.05676
           3.82395
          -0.14566
          -0.23109
           1.65833
           0.50669
           0.45593
          -0.21577
          -1.18960
          -2.90229
           2.24150
          -1.55410
          -1.35311
          -0.26938
           3.39095
          -2.74608
           0.63140
          -0.82219
           2.62899
          -0.27215
           1.06998
          -1.08830
           0.67044
          -0.50772
           0.35896
           0.62161
           1.30717
          -0.48381
          -2.60113
          -1.10992
           0.46876
           0.72788
          -1.31299
          -0.83732
          -0.42266
           0.11623
           1.08068
           0.17998
          -0.66361
          -1.10236
           0.83653
          -0.29380
           0.03632
           0.27576
           0.73301
           0.93497
           0.90852
           1.34632
           0.39538
          -1.79514
          -0.58761
          -0.11561
          -1.38360
          -0.24112
           3.27094
           0.75114
          -0.58198
          -2.27686
           0.16137
           0.62499
           0.43648
           0.83143
          -0.19130
          -1.92155
           1.58793
          -1.33589
          -0.73465
           1.32210
           2.40945
          -0.14627
           0.66488
          -0.56063
           0.83904
          -0.38781
           0.46783
          -0.74213
          -1.73874
          -2.56974
          -0.38736
          -1.75643
          -0.06413
          -1.63720
           0.34292
          -1.89331
           2.93397
           1.47310
           0.08906
          -0.93510
           0.10369
           0.78151
          -1.13566
           0.48448
           1.46747
          -1.00520
          -0.07634
          -1.19191
          -2.99334
           1.64760
           1.69921
           0.58206
           2.26132
          -0.63541
           1.19685
          -0.03763
          -2.26230
           0.08971
           1.68345
           0.53357
          -1.57895
          -0.64768
           1.98239
          -0.54966
          -0.02990
           0.71429
          -1.48722
           1.34989
           0.25521
          -1.25009
          -2.24447
           1.24493
           2.74684
           1.68903
          -2.08101
          -3.47530
          -0.61823
          -0.61251
          -0.55475
          -2.10300
          -0.89092
           1.83734
           2.49432
           1.28253
          -0.93172
          -1.60715
          -1.19836
           3.70047
          -2.01529
           0.82104
          -1.66298
          -2.05047
           0.53476
          -0.74458
          -1.36088
          -0.33779
           0.46890
           0.58271
          -1.26803
          -0.47109
          -2.00715
          -0.59945
           1.04682
          -1.28600
          -2.25886
          -0.41040
          -0.06909
          -1.13369
          -2.26570
           2.20777
           1.00994
           1.45996
           1.63256
          -3.13291
          -2.86639
          -0.99092
           1.22814
          -1.63256
          -0.33253
           0.73515
          -2.26385
           3.25767
           0.97050
           2.18737
           0.63814
           2.18311
          -0.60057
          -0.86539
          -0.67572
           0.51297
          -0.40148
          -1.16975
          -2.10002
           1.48032
          -3.35232
          -0.69724
           1.39207
          -1.26642
          -2.35106
          -1.86474
           1.86602
          -3.75160
           1.11292
           1.22089
           0.49154
          -0.77677
           2.24237
           1.28123
          -0.76470
           0.23865
          -0.02184
           3.78750
          -1.99881
          -2.34920
          -1.34575
           1.87101
          -0.79255
           1.17625
          -2.79280
          -0.96282
           1.29519
           0.39418
           3.06920
           0.55390
           0.23752
          -1.99332
          -1.16101
           0.21717
          -1.48308
          -0.46262
           0.40257
          -0.19532
          -2.62578
          -0.47412
          -1.60637
          -1.53744
          -2.42402
           2.38563
           2.39877
           0.70596
           1.69841
           3.36024
           2.09651
          -0.89221
          -1.93860
           3.43899
          -1.62942
           1.81331
           1.13321
           0.74097
          -1.12393
           1.50100
          -1.09838
          -4.22910
           0.91747
           1.05788
           2.48537
           1.28355
          -0.07862
          -1.48683
           2.18810
           0.80158
           2.61777
           1.49964
           2.76552
           1.35033
          -2.51048
           0.51196
           0.78493
          -2.58776
           0.05423
           1.88475
           2.43443
          -1.16564
          -2.66636
          -2.21219
           1.60463
          -0.34069
           0.34410
           0.78417
           0.38658
          -3.57496
          -0.05036
          -0.47328
           4.29830
          -1.15524
          -0.89324
          -1.15927
          -1.91271
           0.65748
           0.45301
          -2.47744
          -0.88634
          -3.75874
           0.68050
          -2.39777
           0.81967
           0.36136
           0.96552
           1.52788
          -0.54270
           0.79008
          -0.40337
          -0.53601
           2.44976
          -4.26485
           0.72778
          -0.41255
           0.01878
           0.25692
           0.63789
          -1.19020
           1.45343
           1.33024
          -2.15727
           0.84983
          -3.17491
          -2.55423
           2.48966
          -0.37700
          -0.03285
           2.12906
           2.17447
          -0.01123
          -1.89421
           3.71863
           1.52549
           1.82831
           1.96380
          -1.11511
           0.33057
           0.31188
           4.04703
           0.94989
          -0.44290
           1.94551
          -0.30056
          -0.38238
           2.58590
          -2.09512
           0.89225
           0.66521
           2.23127
          -0.92219
           0.67716
           0.10097
           1.54176
           1.53952
          -0.96542
          -0.30753
           0.52132
          -1.79116
          -4.47353
          -0.05938
           1.01208
          -1.21958
          -0.53065
           4.10880
           1.33877
          -1.45722
           1.61884
          -0.99420
           2.83291
           2.39441
          -2.03762
           3.44478
          -0.12224
           2.50414
          -0.00067
           0.35084
           0.49710
           2.16929
           0.36672
          -4.32702
          -1.61497
          -1.30953
           0.08001
          -2.51962
           3.35395
           0.29210
          -3.20390
          -1.07029
           1.32289
          -4.32084
           0.36382
          -0.09207
          -0.34108
          -0.17507
          -1.15506
          -3.95484
           1.50116
          -1.98178
          -2.11856
           1.65769
           1.23479
          -2.73087
           1.19835
          -2.63735
           1.65845
           3.13688
           0.73306
          -0.17974
          -1.35654
               NaN
           0.53489
          -0.82075
           4.70167
          -1.23157
          -1.50972
          -3.51614
          -1.81650
          -0.93860
           0.01916
           0.80337
          -1.13227
          -1.87595
           1.83947
           0.62969
           0.11445
          -3.30465
          -1.34414
           2.94123
          -4.04479
          -1.98082
           1.47979
           1.24615
          -0.06710
          -3.01301
          -0.27148
           3.15521
           5.16641
           0.38978
          -0.83872
          -1.76971
           1.95055
          -1.07769
           2.17663
           3.31336
           0.04967
          -2.13315
          -1.09724
           2.35781
          -3.31688
           1.59452
          -0.32207
          -0.80894
          -4.60519
           0.93083
           1.30050
          -4.46232
          -1.49512
          -1.70235
           0.64204
           1.56622
           2.67786
          -3.37532
           0.04648
          -2.51940
           3.81144
           1.67246
          -1.88645
          -0.75553
          -0.89270
          -0.82548
          -2.68541
          -5.17716
           0.54957
          -1.36889
           1.57120
          -0.27751
           1.15417
           2.37813
          -2.45321
          -0.98430
          -1.60839
          -2.78612
          -0.52457
          -2.76850
           0.58150
          -3.47324
          -0.40777
           0.19249
          -0.85750
           2.39396
          -2.20314
          -1.90578
           0.55642
           1.40412
          -0.99927
          -0.41243
           1.50185
           0.38244
           2.03394
           2.68586
          -0.63418
           0.01188
           0.74504
           2.51867
           3.07538
           2.95967
          -0.86511
           2.64098
           4.22500
           1.17773
          -1.57839
           0.12330
           2.68591
          -2.95954
           0.82988
          -1.46005
           2.88185
          -1.20726
           0.12502
           3.39770
           2.51925
           1.68316
           0.30095
          -0.47842
          -0.47573
           0.87440
          -0.59513
          -4.45097
           0.72935
           0.53611
           2.99339
           0.59527
          -1.37347
           0.54243
          -0.58937
          -0.14661
          -1.38453
          -1.59120
           3.13175
          -0.75952
          -2.26939
           1.01276
          -0.54486
          -0.46272
          -1.97978
          -3.67189
           3.21154
           1.82032
          -1.74109
          -0.76746
           1.00245
           0.88640
          -3.62196
          -2.40280
          -3.61866
           1.58525
          -0.37636
           1.97667
           0.29683
           0.71273
          -2.28875
          -1.99578
           2.76296
          -3.85416
           3.64951
          -1.08689
          -0.04212
           1.96541
          -2.52022
           1.96421
           1.81479
           0.35529
          -0.23256
           3.45037
           0.89318
          -0.58968
          -0.54913
           2.01691
          -2.14408
          -5.05747
           0.73398
           2.07922
          -0.92562
          -3.69463
           1.99613
           0.15765
          -0.00756
          -2.28036
           2.50976
          -0.38640
           2.15049
          -2.15725
           2.76900
          -0.47723
          -0.46408
          -0.72783
           1.06656
          -1.88976
          -2.39602
           0.19022
           3.75530
           1.30751
           3.87759
           1.18837
           2.31132
           2.92714
           0.40528
          -1.99857
          -1.67471
           1.54087
          -1.94881
          -2.34250
          -2.59088
          -0.39410
          -3.25819
          -3.73292
          -1.50318
           0.35114
           2.00575
          -0.77898
          -3.10493
           1.09192
           0.08805
          -2.06176
           0.92712
           2.60271
          -1.37448
          -4.16089
           0.89955
           0.63928
           0.87006
          -0.56373
          -0.43312
           1.58762
          -1.76501
          -0.49057
          -2.82296
          -0.72458
           0.07954
          -0.38178
          -1.55954
           0.95149
          -2.76076
          -0.30882
           0.35399
          -0.04202
           1.11699
          -2.33260
           1.79729
          -4.36973
          -0.07034
          -2.00862
           0.25284
          -0.11110
           0.02110
           0.97413
          -0.24818
          -3.59585
           1.50368
           2.00283
           1.55606
           2.83797
           0.61050
           1.63641
          -1.53502
           0.22368
          -1.17035
           1.66514
           0.52558
           2.01916
           2.05590
          -0.52287
           3.42657
           0.55313
           2.05401
          -1.50614
          -3.09715
           1.23493
          -2.15425
           2.80964
          -3.76856
          -2.21263
          -2.18574
           1.62786
          -0.17289
           0.49079
          -1.22147
          -0.75653
          -0.47708
           4.80129
          -1.74356
           2.50678
           2.34165
          -4.72627
          -3.46409
          -0.82134
           4.55683
           0.04889
           0.95190
          -3.11784
          -3.27624
          -0.07497
          -2.55947
          -1.88456
          -3.67638
           0.98259
           2.18420
          -2.87144
           1.07696
          -0.46605
          -0.79292
          -3.86877
          -2.02109
           0.46584
          -1.75809
          -2.26305
           2.73185
          -0.86754
          -3.27805
          -1.15063
           1.06187
           0.08493
          -1.94832
           1.92600
          -1.72062
          -0.73981
           3.24803
          -1.92072
           0.87116
           3.06511
           2.56788
          -0.66174
          -4.37492
          -1.03862
          -0.34418
           0.68665
           4.29199
          -3.53519
          -3.52283
          -2.63001
           1.22740
          -1.03799
           1.44344
           1.23131
          -0.80865
           1.47998
           2.40690
           0.64225
           0.99264
          -0.78767
          -0.02781
          -0.84368
           3.70932
           1.86901
           1.82784
          -1.01643
           0.69710
          -0.70062
          -0.83306
          -1.83696
          -0.19992
          -2.04736
          -1.71349
          -2.23981
          -3.42840
          -2.61868
          -1.61346
          -0.20951
           1.02625
          -3.12338
          -1.72070
           2.85970
           2.39703
          -1.21325
          -3.16861
           0.75745
               NaN
           0.00568
          -1.15895
           0.62020
           0.28095
          -3.30129
          -1.19303
          -0.17738
          -2.58530
          -3.00942
          -1.39771
           2.72290
           0.69368
           1.80624
          -1.19299
           4.48422
          -1.98006
          -0.78115
           0.51467
          -1.58188
          -0.49497
          -3.07829
          -0.30086
           0.46931
           2.27136
          -0.93224
          -0.67695
           0.51240
           0.24464
           2.68979
          -0.90994
          -0.86109
          -1.67615
           0.03455
           0.74757
           0.35080
          -0.70822
          -2.82593
           0.79961
           2.03128
          -0.64857
           3.51216
          -1.20003
           1.25900
           0.66870
           1.36979
          -3.14591
          -1.11970
          -1.86556
          -1.06047
           0.24866
           1.67174
          -1.88612
          -0.61814
          -0.36780
           3.45241
          -1.11746
          -1.87938
          -4.04906
          -2.30221
          -1.69925
          -3.04010
          -0.29929
          -0.50750
           0.35623
           1.75630
           3.12747
           1.26897
          -2.85163
           0.89241
          -1.05860
           3.62651
           0.64895
           0.71115
           4.26384
           0.86491
          -1.57436
          -0.91264
          -3.21165
          -0.21788
           2.24577
           1.30039
          -1.40163
           1.73732
           2.67314
           2.55288
          -0.77736
          -0.89731
          -0.35184
          -0.78717
          -0.19095
          -0.02285
           2.65992
          -0.29394
          -0.35700
           1.52015
           0.80332
           0.73995
          -1.23709
           2.62551
          -1.40379
          -1.67768
           0.23880
          -1.40919
          -0.97688
          -0.00908
          -1.50333
           0.13137
          -0.67337
           3.40843
          -1.41389
          -2.87816
           0.05697
           0.22082
           0.27989
          -3.21660
          -2.54465
           4.01032
           0.07712
           0.85885
          -0.68148
           2.15828
           2.37156
          -2.63019
          -2.07363
          -0.30521
           1.19414
           0.08041
           3.21069
           0.43830
          -0.32117
          -1.05615
          -2.04805
           0.01427
           1.85547
          -0.10199
          -0.49802
          -1.22914
           3.27874
          -0.60690
          -0.76637
           1.38609
           0.84095
           3.25774
           0.43265
          -1.33743
           0.05268
          -2.06044
           1.92138
          -2.63466
           1.99235
           2.90804
          -0.27479
          -4.56674
          -0.12485
           0.99435
           1.82077
           1.90109
           0.26037
           1.99283
          -1.13206
           1.17576
          -1.48816
          -0.78402
          -1.35991
          -0.28895
           0.50513
           0.49942
          -1.10118
          -1.31033
          -3.41060
          -2.09356
           2.68335
           0.96725
           3.93342
          -0.14374
          -2.60123
           0.12334
          -0.64715
           1.42232
          -4.26782
           0.96048
          -2.94191
           1.64974
           1.90036
          -2.14570
           1.32197
          -0.62931
          -0.21443
           1.39465
          -1.04768
          -0.21285
          -0.40311
           3.71643
           0.46865
          -0.56210
          -1.42567
           2.64189
           0.28721
           1.01461
          -2.05073
          -0.22687
          -3.88494
          -1.37635
           0.16109
          -3.21767
           3.64400
           1.80497
          -2.14794
           2.80226
          -1.81659
          -0.07077
          -2.57028
           1.95009
           0.94325
          -0.75036
           0.85458
           1.29907
           3.17492
           2.48164
           0.31629
          -1.09071
          -0.40795
          -2.24541
          -0.10610
          -1.01401
           0.63416
           2.91108
          -0.72849
          -0.00423
           0.50025
          -1.37743
           1.79337
          -3.64782
          -1.74097
          -0.80098
           3.57988
          -1.88450
          -0.82123
           2.93532
           0.74224
          -2.20329
           3.09708
           4.76194
          -0.80613
          -0.70596
           0.88856
          -0.74398
          -0.77904
           0.67888
          -0.06162
          -5.11318
           3.31984
          -0.24951
          -2.70041
          -1.12840
           3.90543
          -2.69998
           1.51211
          -1.58502
           3.67383
          -0.02645
           0.91819
          -3.88313
          -0.63031
           1.14170
          -0.49392
           0.77330
           0.40937
          -2.90849
          -1.58358
          -3.47175
          -2.52678
          -1.14387
          -1.90251
          -0.56929
           1.50364
          -0.40732
          -0.19844
           0.55097
          -1.05630
           0.73760
          -0.05629
          -1.29386
          -0.89257
           0.82721
           0.24654
          -0.61556
           0.46189
          -0.34000
          -0.80512
          -0.23446
          -0.15967
          -4.37401
          -5.54779
          -4.17201
           2.52673
           0.35239
          -3.52687
          -4.29984
          -0.54375
           0.57387
          -0.58092
          -1.51767
          -0.53078
          -1.43776
           0.21626
          -0.61149
          -2.38408
           0.30004
           3.75176
          -0.65295
           1.48939
           1.85661
          -0.93093
          -0.50230
           0.23320
          -1.04380
          -3.35605
          -1.99941
          -1.49778
          -0.34294
          -0.06521
          -2.84796
          -0.83295
          -3.35813
           1.40261
           1.14078
          -1.25456
          -0.84151
          -0.36656
           1.17387
          -0.96574
           0.04851
           0.76413
          -1.28022
          -1.52600
          -1.48295
          -3.43619
           1.30188
           0.18857
          -0.12785
           3.19233
           1.55245
           2.14971
           1.23396
          -2.66517
           0.04237
           0.58410
          -1.45338
          -2.48883
          -1.77120
           2.79547
          -0.67412
          -1.35012
           0.44097
          -3.36637
           0.57667
          -1.19975
          -0.17515
          -0.22963
           0.37413
           2.96675
          -0.45206
          -2.31562
          -4.66576
           0.44294
          -0.09879
          -1.59923
          -1.60500
           1.17540
          -1.26971
           3.16943
           2.96116
          -0.91959
          -2.04782
           0.29272
           3.35688
          -3.06512
           1.24815
          -2.08710
          -2.90700
           0.61623
          -2.03049
          -1.59407
          -1.30454
          -2.37457
           1.81237
          -2.37878
           1.06551
          -3.41034
          -0.63283
           0.32780
          -0.51281
          -1.99587
          -0.10644
          -0.10147
          -3.18711
          -1.83706
           1.62729
           0.80778
           1.17314
           2.63580
               NaN
          -1.66367
           0.79200
           0.31567
          -4.71999
          -2.22616
           0.70176
          -3.65851
           2.80208
           0.86209
           2.12447
           0.54663
           3.85874
           0.82139
          -2.04126
           0.61861
           0.26734
           0.25411
          -1.79457
          -3.94171
           1.50843
          -1.06101
          -1.91728
           4.36757
          -1.07185
          -2.32358
          -1.96058
           1.92432
          -4.09337
           2.43917
           0.90534
           1.83661
           0.80529
           3.77867
          -0.53159
          -1.71920
          -1.40743
          -0.25422
           2.63612
          -1.26139
          -2.89800
          -3.26088
           1.42248
           0.12564
           0.48468
          -2.80666
          -0.02261
           0.93272
           0.08519
           2.62892
          -0.10773
           0.22980
          -3.03743
          -2.21552
           2.96640
           1.76501
           0.06137
           0.58460
          -0.43337
          -4.34810
           1.82639
           0.65202
          -1.44190
          -1.03078
           1.95994
           3.68954
          -0.25377
           2.02878
           3.41884
           1.19560
          -1.52207
          -2.86288
           5.01885
          -1.96106
           0.51767
          -0.04862
           2.53173
          -0.87174
           0.84977
          -1.71133
               NaN
           0.95151
           0.09291
           1.63880
           1.14570
           0.74288
          -3.09720
           1.67916
          -1.30368
           2.34210
           0.26573
           2.90399
           0.28294
          -3.24643
           0.64569
          -1.64040
          -2.43080
          -0.42656
           2.67877
           2.42011
          -0.55495
          -3.32517
          -2.75224
          -0.15681
          -0.97507
          -1.23293
          -1.79525
           2.73170
               NaN
          -1.24578
           0.04719
           3.91444
          -1.08659
          -0.44724
          -2.22884
          -2.00243
           1.54320
          -0.26341
          -3.33184
          -1.53494
          -3.07946
           0.32208
          -1.01188
           1.40483
           0.03284
          -0.58945
          -1.50813
          -0.24575
           1.46188
           0.80529
           0.08771
           2.66343
          -3.29726
           3.03056
          -1.23473
          -0.13359
           0.77759
          -0.50848
          -0.28605
           1.33458
           0.62346
          -3.29399
           1.71670
          -2.70862
          -3.96178
           1.90979
          -1.88979
          -1.57389
           3.82149
           2.32821
           0.78540
          -1.98274
           1.88954
           3.06577
           0.03806
           1.34582
          -3.24482
           0.39239
          -0.24282
           5.00853
           2.22706
          -0.70781
           0.60866
           0.89749
          -0.96882
           2.81209
          -3.46570
           1.74580
          -0.68916
          -1.56534
          -0.41755
          -0.86121
          -0.95205
           0.08028
           1.81194
          -1.86843
          -2.68935
           0.14581
          -1.86518
          -2.84307
           3.35199
          -0.23048
          -1.08922
          -2.76184
           5.54717
           2.59897
          -2.03142
          -0.81969
          -5.55871
          -0.19473
           1.03566
           0.48151
           2.33165
           5.25596
           4.22701
           3.24252
          -1.83231
           1.07547
          -1.37715
           3.06456
          -1.21057
          -2.36387
           1.52121
          -3.67167
           0.90995
           0.30514
          -1.67993
          -2.24444
          -2.11882
           3.82412
          -5.23921
          -1.88960
          -0.90885
           4.57497
          -1.74728
           0.86683
           1.77568
           0.45991
           1.22510
          -3.57745
           0.72947
          -5.29066
          -3.39635
          -0.33154
           0.83884
           2.28226
           1.16877
          -1.39749
           2.58976
          -1.88873
          -0.37054
          -5.56061
          -1.88145
           0.79699
          -2.72593
           2.96045
           0.50428
           0.43731
           3.16737
          -2.44807
           0.92622
           0.64399
           1.34324
           5.17720
           0.64055
           0.02400
           1.27529
           3.84385
           0.78843
           5.48279
          -0.51034
          -1.63331
           1.31738
          -2.27853
           3.34607
          -3.15753
           0.75820
          -0.36700
          -1.71987
          -2.17104
           1.35483
           0.67843
           0.77529
           2.27434
           0.58935
           0.17089
          -3.92772
           0.15954
           0.20644
           2.54610
           4.09240
          -1.74493
           2.06048
          -0.66217
          -1.78372
           0.90197
           1.93039
          -2.28669
          -0.55702
          -1.90247
           2.49473
          -0.10708
           2.89664
           0.17302
          -0.51727
          -0.22304
          -0.54146
          -1.33320
           1.81512
          -0.97688
          -0.29353
           3.38475
          -1.39047
          -2.00050
           4.26136
          -1.06824
          -1.17934
           4.51762
           0.31761
          -2.89191
          -0.21429
          -5.20258
           3.61757
           2.72901
          -3.31769
           3.41658
          -4.44988
           5.03210
          -0.01279
           1.42688
           2.48455
           1.23218
          -1.95946
          -2.55694
           0.48803
          -0.72538
           1.34380
          -5.63059
          -2.25927
           0.11561
          -2.01017
           0.98240
          -2.88233
           4.46907
           0.27684
          -3.03668
           2.21707
           2.56718
           3.23031
           3.39897
          -1.48849
          -3.26966
           2.43074
          -3.06160
          -1.49259
          -0.99584
           0.69096
          -2.75963
           2.55027
           0.28474
           1.21890
          -1.05518
           0.23687
           0.17371
           2.94750
          -3.14506
           0.23891
           2.68072
           0.65981
          -0.29009
           1.72888
           2.38150
          -1.74206
           1.03512
          -3.06081
          -2.41434
           2.92041
          -2.95134
          -1.03291
          -2.06897
           0.99879
           0.10820
           0.35826
          -4.61989
          -2.33949
           0.93060
           0.31736
          -1.33606
           0.76609
           0.09797
          -2.53635
           0.47361
          -3.15237
           6.29280
          -1.53939
           2.20230
           0.38290
           2.82232
          -2.21046
          -1.69040
          -1.22302
          -1.71713
          -2.21220
          -0.08342
          -0.38446
           1.26825
           4.78550
          -1.03763
           3.74485
           2.87441
           0.64662
           4.93274
          -2.66839
          -2.62560
           0.50319
          -1.27302
          -0.84344
           0.65612
           2.47625
           2.43246
           3.92485
           1.51821
           3.61778
           0.92424
           0.83123
           2.69308
           3.26795
           2.12373
           3.73624
          -0.20383
           1.47331
          -3.37383
          -2.94292
          -0.67052
          -0.90733
          -2.80980
          -2.07058
           2.29083
          -2.40154
           2.65371
          -3.47363
          -1.93128
          -2.53106
           0.49087
          -0.08681
           4.58194
           2.84292
           0.69068
           4.90324
           2.33190
          -2.12200
           0.90692
           1.77021
          -1.05376
           3.87700
           0.30939
          -2.58711
          -0.19685
          -1.72467
           2.93135
          -0.14135
           6.00353
          -3.13775
           1.34859
          -2.28737
          -2.20077
           2.97285
          -1.04168
          -0.91013
           3.86403
           0.51475
          -2.84162
          -1.63340
          -2.25267
          -1.61858
           4.88601
           1.72320
           1.90305
           1.40682
          -1.65613
          -4.30859
           0.08511
          -2.54241
           3.01729
          -0.48367
           0.13365
           3.76371
          -2.23088
           4.35687
           1.74187
           1.26990
          -1.16615
           0.74866
           1.60966
          -2.98049
           1.21651
          -1.45335
          -2.60277
          -4.62605
           0.55643
          -3.40925
           1.59030
           2.80834
          -0.13800
           4.62298
          -3.69944
          -1.14407
           0.83128
           5.19593
           1.18428
           0.00616
           4.38224
           4.67604
          -0.83457
           1.13444
          -1.80004
           0.43830
           3.89786
           2.57158
           4.57147
          -0.74561
           0.26798
          -0.80377
           1.46968
          -0.83141
           0.92276
          -1.84175
               NaN
          -0.64099
          -3.55697
           1.13988
           0.72121
           1.99922
          -1.07766
          -0.99059
          -0.61171
           4.61749
          -0.47397
           3.18524
          -3.00168
          -0.01603
           2.81952
           2.02388
          -2.68753
           3.40031
           2.24770
          -1.74813
          -3.83439
          -1.69599
          -2.59345
          -2.76555
          -0.03677
           3.42404
          -0.94913
          -0.66768
           0.69594
          -0.17484
          -0.51002
          -2.73726
           2.09564
          -1.33447
          -1.98975
           3.59897
           3.67567
           2.43846
           3.11069
          -2.86974
          -0.92208
           1.99322
           4.13842
           4.47661
          -0.33834
           1.18155
          -0.33551
           2.43633
           1.24374
           3.13216
          -3.43602
          -0.53786
           2.04343
           2.97280
           6.06767
          -0.60419
          -2.62114
          -3.45919
           2.54037
           0.18856
          -1.74713
           3.07200
          -1.05701
           5.74973
          -4.59035
          -1.23122
           2.04105
           0.14955
          -4.45191
          -2.54785
          -0.73800
          -5.20656
           3.17720
           0.34550
          -0.71113
           0.89169
           0.27724
           3.51572
           0.00137
          -0.56240
          -0.94079
           3.64584
          -2.44803
           1.30445
           4.02369
           2.59526
           4.01325
           3.35123
               NaN
          -2.50731
          -3.14324
           0.76377
          -0.33673
          -0.31261
           6.59956
           2.09792
           1.18687
           1.14578
           0.44699
          -0.36005
           1.63453
           2.41246
          -0.86624
           6.56862
           2.49236
          -3.61058
           4.22383
          -4.46918
          -1.39875
          -0.72116
           0.06959
          -2.99604
           2.02689
          -3.19081
           0.56295
          -1.52106
          -5.17063
           0.04726
          -0.95627
           0.15719
           2.84972
          -5.51704
           1.45438
           1.38627
           6.16015
          -2.19633
           1.32292
           2.01865
           1.13048
           4.81235
           3.08776
          -0.48356
          -3.37319
           5.84170
           4.04554
          -3.09781
           1.47083
          -2.37362
          -1.09767
          -3.18568
           0.91261
          -2.21494
           0.89583
           1.30833
          -3.96883
          -0.87348
          -1.05563
          -5.36458
           2.44475
           2.18383
           1.39781
           1.77727
           0.17186
          -2.13533
           2.19475
          -0.73789
           0.42338
           4.66249
           3.79844
          -0.92537
           2.93622
          -1.22108
           3.24918
          -2.46250
           2.66834
           2.24244
           2.13920
           0.12715
           0.36252
          -0.21974
          -1.83486
          -1.24718
           3.75354
           4.27667
           0.94431
           0.06235
           0.75972
           1.88455
           2.01428
          -3.11777
           2.01468
          -0.58243
          -0.59021
          -2.17705
          -0.49560
          -0.92920
           2.12851
          -4.74836
           0.37724
           3.64787
           2.23035
          -0.48798
          -3.05443
           0.61682
          -0.92559
          -0.52578
           4.23573
          -1.60514
          -2.20188
           0.08857
           1.24663
          -1.57750
           0.72586
           3.80494
           5.53405
           0.52026
           1.58037
           2.46815
          -0.37198
          -3.21079
           5.10427
           0.97258
          -0.19111
          -0.53746
           1.81613
          -0.33513
           2.26070
           1.94543
           1.20797
           3.58033
          -0.09651
          -5.16842
          -0.29154
          -1.71530
           1.90476
           3.52851
           0.22782
           1.53132
           2.07844
          -0.84984
           0.02993
           0.89694
           2.03833
           0.78253
          -0.11925
           0.26682
           4.62938
           1.45043
           2.44499
           2.37675
          -1.75532
           2.16061
          -6.18885
           0.48051
           5.29928
          -2.29791
          -0.78066
          -1.00581
           2.37400
          -2.02470
          -2.72735
           3.24404
           3.68275
           1.69344
          -3.39735
           1.46982
           1.73115
          -0.87920
          -2.02019
           1.43344
           2.58908
          -0.45679
          -0.03066
          -2.00218
           3.76965
           1.34536
           0.84412
          -0.84710
           0.08952
           2.95908
          -0.31151
          -0.44325
          -3.08833
           2.91254
          -0.86959
          -0.36380
           0.65930
          -4.12585
          -2.09823
          -1.89475
          -3.61072
           0.61913
           0.90443
           3.18095
          -2.35966
           0.98498
          -1.38268
           1.18833
          -0.72121
           0.33805
           0.22702
          -2.13829
           3.90026
           2.52110
           0.80797
           4.08285
          -3.16470
          -5.44306
          -2.14975
          -0.56135
           5.59919
          -0.63762
           1.30733
          -1.31368
           1.34081
           0.06981
          -0.99672
           2.97370
           7.00514
           0.92148
           0.96477
          -0.87635
           0.95099
          -0.02324
          -0.14305
          -0.33446
          -3.68571
           0.57412
          -0.00791
           0.89501
           2.35563
          -0.24489
          -4.16107
          -0.73739
               NaN
          -1.73064
           1.92081
          -0.70417
          -1.71899
           1.28577
          -0.01054
           2.10221
          -2.29148
           2.28467
           0.93819
           0.54818
           2.92156
           2.55909
           2.48256
          -1.68392
          -3.04066
           0.72586
           0.47191
          -3.69499
           0.85786
           1.14032
           2.54668
          -2.82173
          -0.81389
           0.42965
           0.91438
          -0.67535
           1.31909
           3.49812
           2.80502
          -3.21446
           1.75857
           0.37268
           2.78049
           3.49516
          -4.27095
           2.76591
           5.38453
           3.79949
          -0.34557
          -1.27717
          -3.58378
           0.97539
           3.17974
          -0.42884
          -0.01919
          -4.12180
           2.30167
           1.34733
           1.56065
          -0.62919
           1.53133
           3.47943
           1.64145
           4.11364
           2.36543
          -4.35626
          -1.28988
           6.87257
           5.44997
           6.20959
           4.49220
           1.40551
           4.25066
           1.04291
           1.31848
           0.70887
           2.10608
           4.68637
           0.36580
          -2.71546
           3.83888
          -2.52465
           1.97211
           2.99932
           0.20667
           0.68520
          -0.68817
          -4.52741
           3.74361
          -0.19993
           0.85285
          -0.24707
           0.91532
          -3.50566
           1.43487
          -4.07601
          -0.06236
           0.34970
           2.27256
           0.51050
           5.44699
           2.01845
           2.29398
          -1.08869
           0.87538
           0.13763
          -1.41451
           1.19990
           2.62166
          -0.55389
           2.30259
          -0.71431
          -2.26661
           2.21495
           4.17822
           1.74703
           0.73350
          -4.22576
          -0.36682
          -2.12434
          -1.60120
           0.16739
           3.48751
           3.79423
          -0.08580
           1.19605
           0.64811
          -0.34542
           2.13662
           1.16283
           1.59651
           2.61876
           2.64285
          -3.01410
          -5.55088
           2.67393
           2.38595
           5.20262
          -1.69600
          -1.52173
          -2.35963
          -1.45555
           1.15929
          -2.92024
          -4.28181
           6.93612
           1.38646
          -1.47215
          -0.95162
          -0.88399
          -3.64528
           4.26430
          -0.29249
           0.12014
          -0.96699
          -0.64486
           0.40108
           1.36564
          -0.97822
           1.24869
           5.13513
          -1.43519
           0.55474
          -2.99271
           0.29553
          -0.54468
           2.22674
          -2.55484
          -2.69044
          -0.90920
          -0.01595
           2.23604
          -2.96911
           3.16037
           1.34168
           1.93063
          -0.01380
           1.89119
          -4.84009
          -3.91675
           2.72553
           3.43402
           2.77499
           0.78995
           0.02483
           4.00530
           1.14840
           2.29059
           0.78832
          -0.56664
          -2.93404
           1.06425
          -2.79974
           0.91605
          -1.47732
          -0.14440
           0.92226
           1.43418
               NaN
           1.30487
          -3.49082
          -1.58573
          -2.39616
          -1.70748
           1.77034
          -3.19074
          -1.06349
           1.73872
          -1.71577
          -3.37299
          -0.27876
           4.25614
           0.80167
           2.93991
           0.35950
           5.67695
          -3.20893
          -1.44860
           1.79704
           2.60705
          -2.29932
           2.31114
          -2.77006
          -2.50575
           1.89001
           0.90123
           3.79173
           1.63965
           0.25018
          -0.27992
           0.56946
          -4.29439
          -6.81329
          -1.32249
           0.10386
           0.19533
           0.20061
          -4.24933
          -5.31245
          -1.69421
          -4.71038
           3.08420
           0.28057
           2.28092
           1.15627
           3.26408
           3.57493
           0.14141
          -0.42183
           0.84638
          -1.08520
           3.93951
           3.07263
          -2.19774
          -1.53780
           2.56969
          -0.09251
          -1.84222
           0.86161
           2.64143
           3.87461
           1.50976
          -1.42671
           1.15582
           3.02328
           4.25638
           3.07015
           3.52453
           2.53829
           3.10195
          -1.30276
           0.29251
           4.76497
          -2.84534
           0.84322
           0.58175
           2.45793
          -2.16779
          -1.58523
          -1.32595
           4.49519
           0.70035
           2.93204
           5.01707
          -3.46183
           0.40178
           1.91136
          -1.32740
           4.92823
          -1.26790
          -1.62512
           0.59593
          -1.76547
          -0.79601
           1.62868
          -1.07534
           0.17803
          -4.87347
           1.26868
          -4.67206
          -0.14058
           0.90048
           3.51727
           6.51007
          -1.03001
          -0.31236
          -2.38684
          -1.55955
           2.09912
          -5.85270
          -3.05115
           0.93666
           0.26881
          -0.59751
           2.51913
          -2.67394
           1.64848
           2.49009
          -0.29188
          -0.57271
          -3.94012
          -0.24440
           3.44124
           2.10554
           2.49605
          -0.64828
           1.92218
          -1.31852
          -1.74892
           6.72022
          -1.00215
           4.76617
           2.97792
           2.37980
           0.22912
           1.22216
           2.46917
          -1.14598
          -0.00818
           4.13933
          -2.26659
           0.57999
           2.21470
           0.15406
          -0.50845
           2.88778
               NaN
          -1.75033
           3.20167
           1.82901
           3.94009
           1.09247
           0.51645
           3.60109
           1.13755
          -1.66970
