           3.71307
          24.69290
          25.48330
           5.53219
          10.97969
          54.69035
          -4.91110
          61.98953
          38.52427
         -29.81459
           3.75814
         -11.25187
         -28.56016
         -38.57280
         -14.46876
          20.86444
          11.74774
           3.79135
         -21.88658
          33.98501
          24.81017
         -24.36393
          19.74482
          52.19961
         -13.16705
           9.45870
          27.36227
          -7.68575
          23.39898
          65.24453
           7.22203
          -0.92099
          25.19136
           4.89190
           2.22066
         -13.28840
          -3.33278
         -13.89600
           0.86868
         -11.75821
         -20.25178
         -10.93799
         -10.70170
          -7.27647
          19.67358
         -22.44634
         -10.39021
           3.55317
          39.48988
           4.48819
         -10.48031
         -18.41659
         -29.13867
         -28.84063
          17.74237
           5.33260
          15.89486
          41.21696
         -17.81873
          -8.73050
          11.67940
          -1.45414
          -3.45931
         -15.12125
          13.49799
           9.53858
          63.79517
           6.12847
          -1.02664
         -18.62177
           9.77101
         -37.51831
          -2.38751
           4.14149
           2.88297
         -30.41614
          -7.20925
          10.33782
          -8.24093
           5.14586
           4.40792
          23.75212
         -10.42835
          36.83320
         -18.89473
          14.54257
          22.10169
          -7.08459
          47.93358
          18.77775
          21.06613
           7.64168
         -26.00355
          41.54188
         -10.70618
          49.23767
         -19.90137
         -15.06313
          19.08295
         -17.04921
          -7.89135
          30.91773
          51.08818
         -38.24635
         -15.70725
           7.59999
          58.54194
           6.86057
          -4.00134
           0.51549
         -38.80531
         -16.14517
          41.98803
          17.27965
         -12.88077
          60.78693
          50.68820
          15.45037
          -7.45427
          35.82990
          28.49388
          -9.93313
           5.09332
          17.22917
          -4.77806
         -16.66212
          14.89350
          46.85544
         -14.00665
          19.15865
         -13.83042
           9.67456
         -33.11895
          -1.58303
          15.47160
           3.28945
         -18.24028
          30.27363
         -33.72955
         -16.96141
           2.26661
          -2.28962
         -51.88200
          10.32557
          20.82661
          -0.61746
           0.89817
          30.40091
         -22.25541
          15.39023
         -32.49878
          24.17901
          -4.98622
         -26.10401
          -3.38844
          -3.97352
         -10.46294
           7.29567
          47.23290
           8.77094
          34.82256
          33.81706
          39.84086
          14.31590
           3.80772
          31.31866
           0.36884
           2.07355
          -5.06426
          18.03270
          25.65013
           9.49571
         -37.38055
          18.95044
         -18.00704
           7.42085
         -35.67179
          -4.74288
          19.88701
          36.32202
         -17.67135
          10.47463
           6.14426
          44.77271
          41.17189
         -23.05007
          26.01887
          41.02605
         -15.24396
         -29.57211
          -8.01806
         -10.37751
          40.98393
         -39.73097
          10.76086
          -3.87193
          -6.23005
         -18.21672
         -24.50234
         -29.75383
               NaN
          42.82925
           8.88325
           1.73271
          22.47131
         -30.75859
         -16.15327
         -15.42815
          -0.20743
           1.36068
          -6.73526
          39.35521
         -35.21495
          45.70288
           4.93465
          -6.21776
           2.99270
          28.51887
          -9.74249
          -0.39667
          26.77529
          25.37981
          13.27641
          42.64786
          10.32315
           4.39034
         -19.67761
          43.12922
         -18.10329
           6.53259
          44.81162
          59.57318
         -26.14342
         -37.06433
           5.44802
          36.49400
         -14.88192
          37.92140
          17.65244
          23.02210
         -31.55577
         -50.75801
         -17.98411
         -16.38259
          13.43170
           6.26593
         -19.26041
          -0.53377
          -6.68363
         -30.40633
          27.03339
          37.69591
          -1.19381
          41.78964
          26.73419
           5.45364
         -23.49780
           5.26603
          51.23824
          45.60247
           4.89416
          42.21373
          -9.82265
           1.10528
           7.74215
          20.39002
          -0.82279
         -38.08448
          41.00050
           6.11126
          -6.02603
          21.68248
          35.28781
         -16.41031
          11.82638
          16.01754
           0.93955
          -5.99128
          54.37147
          -1.06240
          11.75228
         -23.90964
          18.80767
           9.07482
          10.59914
          14.46395
          12.72667
         -14.02647
           4.80292
           6.55320
          13.05486
          19.01289
         -20.06385
          41.83138
          -7.89346
          27.26439
           1.76546
          -4.58098
           4.69000
          11.86333
           8.61494
          -6.94294
          -7.51930
          -1.35318
          11.49941
          16.77078
           4.63963
           6.10978
           2.38458
          21.94865
           9.04890
           0.10138
          -6.06530
          25.09066
         -31.76061
          12.40564
          43.65988
          -3.14669
          31.55843
          20.01040
           0.90262
         -38.96429
          16.02801
         -24.09706
          17.52934
          -7.37590
          20.07125
           0.10808
         -23.18114
          19.04137
         -10.69105
         -11.70698
          10.04983
          -8.27861
           6.44536
          -4.82547
          17.33001
           4.43755
          -8.53778
          15.52061
           6.65769
          36.27078
           2.44372
          32.79254
          -6.74182
          10.04495
         -47.17609
          20.69263
          38.40574
           3.38006
          32.39662
          -1.17364
         -35.16974
           7.92188
         -10.15881
          29.16442
         -26.05604
         -10.80473
         -37.80835
         -33.86726
           2.93658
          15.39279
          -8.95155
          -2.47006
         -51.83133
          27.06814
         -16.03402
          18.76897
         -35.53495
           7.33034
          10.31555
          39.83988
          35.49089
          -1.32066
          -6.22095
          25.10884
           2.61531
         -36.59887
               NaN
          17.05400
           9.78723
         -24.43337
           5.26644
          36.98294
         -17.59864
          -0.71993
           4.03444
          42.27583
         -17.92120
          45.44961
         -20.03649
          13.99945
         -23.30933
          19.66414
          -9.64729
         -16.39574
          -4.91446
         -15.35085
          -1.89503
          50.02135
         -13.91542
         -19.87382
          10.69284
           1.96126
           0.67084
          22.78280
         -11.23871
         -21.23716
           4.69337
          11.49404
          14.35672
           1.66018
          13.92640
          16.16098
          31.43525
          19.60093
         -23.40777
           8.97457
          56.28518
         -23.47416
         -37.60193
          32.72360
          19.45825
          10.35241
          -6.01702
          18.92667
           7.86836
          17.61135
          -7.30067
          -3.53966
          -4.91823
         -16.60531
         -13.65564
          10.44076
          17.27501
          15.61093
           8.25151
          41.13681
          -8.65563
          34.00992
         -12.95938
          -8.49029
          -4.22458
          32.15020
           3.48146
          19.44709
          23.22263
          38.15215
         -22.51668
          23.27235
          -2.09469
          23.51144
         -18.19590
          16.81823
          16.28419
          30.94002
          16.02964
          15.51076
          27.01868
          25.71066
          19.74995
           5.80712
          -0.84126
          36.75835
         -12.92618
          -1.88113
          15.85386
          31.59754
          29.36543
          20.58773
         -37.20865
          22.51547
         -10.13165
          21.53024
         -24.87944
          21.13837
           2.32501
          46.63460
          19.95792
         -13.80116
         -11.37176
           8.46634
          23.86976
           9.28115
         -23.90381
           9.03683
          25.24155
          -6.68530
          11.70577
           9.47288
          43.60512
         -51.46280
          42.31628
          -5.68474
          -5.01197
          20.20243
          -8.68671
         -16.14894
          17.86985
           8.97288
          66.50644
          -2.05587
           2.88702
         -11.47496
           4.71719
          38.27746
          62.63869
          10.05742
          -6.64083
          20.36556
         -13.53919
          47.04201
          17.45671
           3.18997
          -1.16339
          17.68484
          17.76049
          18.38853
          -5.33768
          17.17451
         -19.69298
         -33.07430
          -2.48478
          -4.08498
         -14.33895
          20.67412
         -32.61792
           0.50210
           7.37812
         -19.78467
         -38.74150
           2.08338
         -12.53102
          -2.16720
          29.49972
         -17.31624
          15.99313
         -18.40056
          11.80845
         -14.91053
          15.92689
           5.31965
           2.02332
           4.58454
          26.70609
         -16.27203
          16.70384
           7.74816
         -15.58843
         -13.19930
          -0.93194
          -9.11973
          19.45025
          -7.97171
          19.63492
         -11.84937
           6.19625
          26.88463
          -2.94941
         -16.01987
          53.09603
          21.61106
          -6.34054
          16.06045
          63.25798
           3.34365
         -18.99933
          18.19408
         -19.74814
          41.50743
          36.98044
         -20.35912
          -5.95877
         -12.80696
          -2.83076
          16.09061
           7.49746
          15.56061
           2.04760
          29.25681
          35.78192
          30.71702
         -55.28191
          21.62984
          28.59365
          22.13593
          -1.76122
          30.13822
         -31.77341
          16.96969
         -32.02105
          30.15093
          11.48334
          19.92086
         -28.11468
         -17.49616
          14.69528
          10.73517
         -21.90230
          20.99328
           0.95031
          19.67365
          17.77081
           5.84107
           6.55193
         -23.34129
         -34.14696
          23.56680
           2.78279
         -13.98061
         -28.27359
          -0.25057
           2.52680
           2.51608
           5.45247
          31.73109
         -31.02740
          17.98252
         -33.20851
          24.54347
          -7.70885
         -28.09672
          16.92582
         -24.56422
           5.16426
          -2.35742
          33.13191
         -45.51971
         -27.52363
          42.38561
          42.83089
          18.63695
         -12.53400
          24.36581
         -20.13415
         -10.23577
          18.50730
           9.21375
         -16.34692
         -11.27789
         -18.34531
          27.24819
           1.84785
          10.86907
         -12.65843
         -42.97502
         -16.20137
          34.99547
          35.98174
         -23.89455
          43.11883
          30.12577
         -13.67025
         -11.63961
          13.69162
          19.59549
           6.40903
          23.56349
           2.32831
          12.91412
          -3.29548
           1.28388
          13.42170
          34.10094
          19.87616
           5.19093
          -1.06838
          36.60222
          26.88570
          -9.59012
          41.05079
           5.42291
          -3.52736
          47.54325
         -15.41727
          14.57371
          23.54750
          14.80013
         -18.67817
         -11.22608
          -2.20159
         -23.63988
         -24.68869
          22.97435
           0.00150
          28.47813
          28.62441
           3.32874
         -45.53475
          -2.98540
           9.58564
         -21.04878
          31.41989
         -19.08718
         -34.64757
          12.52851
          25.27835
           4.34910
          10.01848
          11.64896
          -8.90942
         -13.96786
           7.49373
          46.72611
          -5.76918
           7.48854
          49.74233
          -5.75852
         -26.86445
          22.54846
          49.53012
         -26.68869
          17.49337
          -3.91298
          36.49593
         -23.07114
         -19.78106
         -10.26886
          52.32064
          10.30066
           5.02814
          28.67935
          23.54920
         -11.52771
          29.46662
         -26.87481
          32.61392
          12.58768
         -10.69316
          17.42887
         -15.88319
          18.65141
          15.12385
          18.26538
          26.30776
          -8.85275
         -20.55285
           2.68613
          47.47915
           7.11285
           9.65847
         -28.97395
          26.57433
          39.66891
          -7.24167
         -25.93324
         -26.18480
           2.98400
          29.01827
         -12.52752
         -14.54710
          27.15416
          26.53649
          21.47093
           6.36861
          22.83680
          50.78850
          32.03186
          -8.44209
           7.65242
         -23.51667
          14.12961
          -0.58202
           2.27668
          29.03191
          51.90652
          -1.55686
           3.97624
          -9.33270
           0.74825
           6.88315
         -11.23962
          28.25229
         -15.20179
         -20.37904
          31.67728
         -11.62628
           7.42268
           0.63975
          -0.22377
          21.51448
          -2.64057
          32.74496
          16.52243
          11.26877
          15.86020
          -2.01641
         -30.78074
         -12.09107
          19.46076
          22.21044
           9.74691
          18.84816
          48.53162
          36.23946
          13.02321
           5.86178
           6.82511
           2.41414
           7.97494
           7.94545
         -13.26262
           3.54556
         -38.30884
           6.21612
           1.96206
          48.97238
         -18.45254
          32.66745
          -6.13900
          13.85037
           1.80636
          63.98849
          24.33935
         -18.79645
         -32.28274
         -24.18668
          25.68072
          46.94383
          10.73071
          35.59011
          17.19000
          -3.92890
           6.27996
         -16.92612
          19.42183
          32.87226
          46.92493
         -13.20113
         -12.29271
          44.59014
         -15.67265
          26.27875
          -3.90085
          31.15986
          27.19510
           5.26261
           3.40156
          24.73178
          22.50449
          27.27697
          16.67208
          -7.07456
          17.17575
          45.93761
          40.48629
           3.60632
          -0.53007
          34.79644
         -33.80022
           2.66041
          23.36065
          37.58672
           1.06609
          35.05781
         -16.91307
          27.31227
          -1.50260
          24.78786
          54.86969
          -3.70530
          31.98272
          12.05196
          44.07562
          48.14367
          -2.68923
         -31.43297
         -15.25500
         -22.24618
           0.82843
          30.94669
         -18.09339
         -22.70346
          15.36926
          -4.94754
           8.14853
           3.35370
         -21.84896
           1.43202
          -0.02301
         -10.23975
          42.88544
          -8.53748
           6.32227
           6.07112
           9.21278
          -5.19718
          20.99229
          55.43791
          -7.20295
         -23.11486
          18.12183
          15.45994
         -19.65890
          -3.42436
          21.70863
          -3.06323
           2.91564
          33.50297
         -34.34529
         -22.25570
          25.74854
          19.00421
         -10.03970
          16.13822
          -7.72850
          56.44597
         -27.08382
          39.97798
          13.42252
           7.91659
         -16.12114
           3.49824
          -8.06759
         -11.66642
          20.38487
         -35.65088
          53.49233
         -19.16801
          -3.05489
          45.25887
          10.36101
          -1.03711
          39.39181
          40.33970
           3.45206
          12.18287
         -24.28462
         -17.87263
          -6.55676
         -43.40981
          -1.84503
          56.06128
          -8.03476
          27.14334
           2.04419
          -3.38269
         -29.46108
         -50.76706
          32.88530
          30.75323
          23.38326
         -35.32112
          15.20823
         -12.12381
          13.23299
               NaN
          30.63664
          42.44869
         -39.02513
         -18.64842
         -12.15397
         -22.89792
          14.55319
          -8.88340
          -0.98155
          -9.58715
           6.00510
          -3.24540
         -53.76618
         -13.99993
          38.91653
         -34.32619
          12.54461
         -50.96641
          -0.16483
          -4.70258
          56.08603
           8.89785
          25.97006
         -13.84273
         -42.24002
         -14.90258
         -22.14634
          29.29823
         -23.38178
           7.29528
          20.51887
           3.41289
          -4.80745
          12.21594
               NaN
          11.79804
         -12.16895
          -0.80566
         -22.44915
          -7.45298
           6.31367
          15.23185
          35.27681
          24.06200
          -1.79606
         -27.31802
           7.16344
          -5.09406
         -42.85274
           7.51312
          37.10991
          -3.03523
          34.97657
           1.56161
           0.93874
          -1.79101
          -4.76573
           0.82285
          -3.36675
          -1.54183
           1.37555
          -1.59265
           5.65534
          -3.77171
          -0.75569
           1.41736
           4.08655
           2.36485
           0.03728
           0.06487
           0.82500
           5.81717
          -3.66607
           0.19031
          -3.87572
           0.92683
          -0.11503
           2.99916
          -1.81164
           1.15890
          -3.48927
          -2.34336
           0.53340
           1.43545
           0.23256
           1.34775
          -1.78891
           3.33246
           0.17795
          -0.95940
          -3.19617
          -4.93396
          -0.25432
           3.25205
           1.21219
           1.32684
          -1.78526
          -0.46517
           0.38939
           2.79399
           4.60081
          -3.20615
           2.36199
          -4.31273
          -5.11887
          -0.23474
          -1.96254
           3.19107
           1.26732
           0.20751
          -0.46242
          -1.87087
          -0.23150
           5.86714
           1.04069
          -3.29903
           0.45392
           0.67867
           3.33715
           0.79683
           5.32278
          -3.69004
           1.58865
          -1.00193
          -0.93372
          -7.46763
          -0.07922
          -1.91207
           2.86462
          -3.10464
          -3.27373
           0.84452
          -0.85149
           0.86086
          -2.25001
          -5.85643
          -1.57107
           2.38815
           2.00121
          -2.57866
           4.15128
          -1.83221
          -0.63293
          -1.38208
          -3.00513
          -1.78775
           0.29195
           1.64530
          -2.78448
           3.14746
          -1.85967
           2.00170
           1.54534
          -0.20027
          -1.75277
               NaN
           3.03755
           1.77982
          -1.92483
          -4.03376
          -2.69909
          -0.39849
           1.75987
          -0.46900
           1.27886
          -2.65141
          -3.09721
           1.08638
          -3.28540
          -2.95644
           0.23010
           0.13177
          -2.40468
          -3.40345
          -1.41813
           2.72782
           0.57391
           0.94483
          -0.14712
          -3.94730
           0.08084
           0.86970
           0.11124
           2.40332
          -3.88689
          -1.15808
          -1.28092
          -1.18713
           3.15453
          -2.24437
          -2.33665
           0.44432
           2.61069
          -3.71119
           2.97417
           4.54934
           0.66985
           1.27641
          -1.13551
           3.55044
          -3.11808
           3.09136
          -2.74274
           0.86128
          -5.19635
           4.34712
           4.13632
          -3.61717
           4.61447
          -3.05412
          -2.36060
          -7.29921
           4.19144
           1.41874
           0.30975
          -3.35978
           1.50385
          -0.65696
          -5.08047
           1.75081
           7.45075
          -0.66173
           3.79628
          -5.17985
          -2.11177
           4.35818
           0.80813
          -1.57324
           2.16982
          -2.23379
           4.61837
          -0.49915
          -4.88552
          -5.39701
          -3.18081
           0.77831
           3.63063
          -6.78917
          -0.25239
          -1.93454
           0.38234
          -6.06298
           1.52262
           1.57558
           2.34610
          -1.22067
           3.25340
          -1.20324
           1.97887
           0.82087
           4.74872
           3.86464
           5.76625
          -4.33551
           3.79852
          -1.40234
          -1.00965
          -2.81661
           1.26355
           3.68141
          -0.17926
           4.13811
          -3.50358
           2.35153
          -0.73805
           1.02446
          -1.98847
           4.93485
           0.98251
          -3.27508
          -2.01627
          -1.04965
           1.08196
          -5.77819
           0.95595
           2.29269
          -2.27825
          -5.53991
           0.87941
           1.83801
           1.20582
           2.81761
          -3.24255
           1.83039
          -0.01090
          -1.05216
          -3.78254
           1.23539
           0.82494
          -0.22673
          -4.45724
           3.38140
          -2.04767
           7.16093
          -3.65600
           4.88547
           3.34300
           3.64878
           2.00063
           0.42019
           1.79775
           7.94165
           2.69480
          -1.86655
          -3.24861
           3.20682
           1.41242
          -2.66274
           2.17169
           2.71706
           5.08515
          -1.63733
          -3.06177
           6.39550
           1.96530
           1.21030
           2.58454
          -0.77513
           1.81387
           2.42323
           5.03557
          -2.49105
           3.18068
           1.05254
          -2.02663
          -4.82841
           2.06799
          -3.40289
           1.71677
          -3.16631
          -3.03141
          -5.41403
          -4.01915
          -1.19777
           0.65566
           2.57924
          -1.42105
           3.45587
          -2.17157
           0.26479
           2.38297
          -3.45059
           1.55356
           1.41593
           1.41305
          -0.77065
          -3.54010
           0.83181
          -2.18137
           3.83057
          -8.30839
          -2.99407
           4.55485
          -3.99749
          -2.28932
          -0.46419
          -0.86312
           1.50491
           0.39355
          -0.13413
           0.63803
           2.50025
          -3.13182
           2.13543
           0.56542
          -2.69882
          -0.84584
           3.52383
           1.54458
          -1.35736
           2.18378
          -0.19467
           1.67278
          -1.76083
           2.56969
          -0.73502
           6.90775
          -3.42066
           2.08825
          -0.41975
           1.78697
          -1.72847
          -1.02020
           5.61543
           3.52594
          -1.47454
           4.52430
          -3.75649
          -3.21264
           4.73471
          -4.56343
          -0.76937
          -1.87790
           0.99053
           5.06075
          -0.78648
           2.17601
           3.04743
           3.28399
           1.39036
          -1.66112
          -1.61060
           1.08147
          -1.28159
           1.61668
          -0.40522
          -1.12378
          -2.84481
          -0.08980
           2.14682
           1.40878
          -1.10227
           4.44062
          -1.19123
           5.21935
          -0.99498
           2.83869
          -1.30079
           1.83530
           3.46830
           3.73006
           0.29058
          -1.12885
           4.76214
           5.97108
          -6.37708
           2.95869
          -2.04224
          -1.71701
          -0.58205
           0.08507
          -0.75639
          -0.86107
           3.60358
           0.36305
           1.69943
           1.92938
           1.95844
           1.28765
          -3.06964
          -1.90889
           4.41925
          -0.56842
           2.89634
          -1.70071
           3.34842
          -2.28150
          -4.31381
          -1.98565
          -4.53010
           6.52453
           2.10979
           0.67671
           1.69916
          -5.18258
          -2.87804
           5.61516
          -1.41002
          -1.25511
          -0.66197
          -0.26188
           4.50420
          -3.41273
          -1.44870
           2.31423
          -2.56674
          -0.67191
           2.21619
           4.52149
          -0.80996
           2.42364
          -2.51087
           1.27242
          -1.39088
          -0.84823
           3.77664
          -1.01933
          -2.74129
          -2.44933
           2.64210
          -1.74530
           3.97513
           2.90760
          -1.17449
          -0.58273
          -0.53417
          -3.99353
          -2.83787
          -1.99011
          -1.43248
          -2.47099
           0.60830
           0.15036
          -1.64181
          -1.34915
           2.78226
           0.86201
          -4.82600
          -3.19091
          -1.21742
          -3.86788
          -2.31326
          -0.30167
           1.55419
           2.44768
           3.60171
           0.40109
          -1.71311
          -8.09602
           0.19789
           2.37656
           3.82426
           0.69032
          -5.66876
           2.50498
           1.94438
          -2.14461
          -2.08150
           1.28957
          -2.22493
          -3.25085
           1.82265
           0.49530
           3.93112
          -3.85500
           1.81713
           1.46634
           2.68745
          -0.63887
           2.63895
          -1.53071
          -4.46481
           2.57943
          -1.31666
          -7.53907
           2.51506
          -1.53932
           1.51348
          -3.23249
           1.68893
          -4.18866
           3.98204
          -1.31855
           3.62184
           0.84829
           2.18341
          -2.86150
          -1.87297
           0.85641
          -0.64574
          -0.54005
           0.61473
          -1.49479
          -3.43841
          -1.83608
           1.34564
           0.74141
           2.67928
          -2.34410
          -2.58354
          -1.67660
          -5.42051
          -3.63582
           2.49210
          -3.16161
          -3.03413
           0.17125
           2.06433
          -2.76121
           1.86047
           3.38498
          -0.47574
          -4.75545
           3.06159
           1.67790
           3.58627
           4.15845
           2.04972
           3.67752
          -1.16871
           2.46014
          -2.94921
           6.04908
          -0.68744
           3.71019
          -0.28310
          -0.94809
           3.02140
           0.11447
          -2.25777
          -0.24807
          -2.66970
           2.66544
           0.20021
           2.69944
          -0.84807
          -2.69547
           2.24210
           1.85474
          -5.23513
          -2.61484
           0.37596
          -0.13855
          -2.28383
           2.85608
          -1.65331
           0.42418
          -2.10720
           5.50816
           1.43582
          -3.16761
          -3.82910
           2.08517
           3.05604
          -0.46377
          -0.51727
          -1.71108
               NaN
           0.57714
          -1.00008
          -2.02804
           1.50085
           1.57336
          -3.67891
           4.25561
           0.79277
          -2.49994
          -6.77065
           1.30776
          -2.18256
           3.57229
          -1.66258
           0.47352
          -1.99876
          -0.81830
           1.71557
           0.08180
           0.67322
           3.19590
          -1.99846
           1.29751
           0.67048
          -3.15323
           3.42887
          -1.30499
           3.61286
           2.41950
          -4.24928
          -1.18557
          -0.32441
           0.15607
          -2.97489
           0.96162
          -0.65461
           0.70110
          -1.74119
           0.92671
          -2.80180
           0.71476
           6.75454
          -3.30686
          -5.40661
          -0.01974
          -2.09446
           2.09027
          -1.99710
          -6.01351
          -0.97147
           3.14261
           2.04930
          -3.77440
           1.91024
          -1.61447
           6.46167
           4.94497
           0.36533
           2.43770
           0.40567
          -1.72855
          -2.04301
          -5.10226
           2.31224
           3.42960
          -0.64470
          -0.02943
           1.05810
          -1.18315
          -3.69783
           2.12148
          -3.16854
           3.58716
          -4.00442
          -2.82509
           7.58703
          -1.48051
          -2.90244
          -4.77815
           2.39582
           5.86292
           2.62128
          -2.79822
           2.11111
          -1.32367
          -5.02139
          -3.76176
          -2.89107
          -5.42077
           3.94986
           3.11163
          -1.59363
           1.95458
           1.35299
          -0.79106
          -2.34821
          -3.23222
          -1.58607
           0.13431
          -3.73850
          -0.17015
           5.14499
          -2.26309
           1.41547
          -2.68803
          -1.74171
          -1.70463
          -2.50359
           1.00428
          -2.23358
          -4.27203
           2.14585
          -1.88047
          -0.88469
          -0.57880
          -0.51805
           5.08718
           1.42919
           0.15300
          -1.98214
           0.77979
          -7.06289
          -1.67729
          -2.49582
           0.23393
           2.47906
          -2.21394
           0.05038
          -3.42377
          -2.65807
           0.83197
          -0.65421
           3.44392
           0.51925
          -1.57240
          -3.32141
           4.62586
          -0.30763
          -0.33180
          -0.92429
           0.29802
          -1.30963
          -1.77448
           3.28837
          -4.53699
           1.67087
           0.55125
           0.57555
           6.10511
          -5.11627
          -1.21570
           7.48350
           0.45693
               NaN
           0.86984
           0.84781
          -2.31752
          -5.48545
           2.85011
           1.28234
           4.96408
           7.18774
          -1.44606
           4.54811
           2.33295
           1.67970
           0.43986
          -4.57335
           4.87562
           1.10090
          -0.53863
           1.70523
           2.28901
          -3.01818
           5.16967
          -0.54701
           0.21153
          -2.80567
          -0.46499
          -1.51400
          -0.71378
          -0.45802
          -0.08597
           4.34793
           0.39734
           2.66389
           0.55197
           1.10771
           1.17064
           0.30618
           0.94348
          -6.00007
          -2.13775
           0.45039
          -0.32529
          -3.07199
           4.21558
          -2.48633
           4.97809
           1.23277
          -1.72015
          -2.80462
          -0.27128
          -0.44863
           1.90462
          -0.95888
          -2.78160
          -0.18872
          -3.41575
          -0.45175
           0.57962
           2.16212
           4.18698
          -1.22444
          -2.31519
          -4.78784
           1.79769
          -4.35665
          -5.23131
           5.52410
          -2.71303
           7.74460
           6.05233
          -2.80171
           3.19839
           2.83513
          -2.53269
           3.80997
           0.56372
           0.34620
          -1.68729
          -0.06126
          -1.83487
          -4.33157
          -2.19009
               NaN
          -3.99405
          -1.33087
          -4.20225
          -0.01951
          -1.78683
          -3.74505
           0.05069
          -3.24903
           3.92228
          -0.46216
          -4.07005
          -3.89587
          -4.88104
          -0.45838
           2.81186
           1.54783
           1.65301
           1.85109
          -3.72107
          -0.19879
          -0.69712
          -0.49993
           0.92950
           0.87718
          -0.66579
          -0.69605
          -2.43469
           4.53192
          -0.42641
           0.75693
           2.55147
          -0.94076
           5.90786
           1.79103
          -2.92300
           0.11556
          -4.45024
          -5.38811
           1.43305
          -0.26219
          -2.04294
           2.25665
          -0.04534
          -2.95496
          -5.99011
           0.96238
          -1.31229
          -1.07519
          -0.90426
           6.07696
           5.20692
           0.28873
           1.65046
          -2.89091
           1.52902
           1.24910
          -1.93176
          -2.11914
          -1.23550
          -3.99641
           1.30688
          -1.01740
          -4.00104
           0.90365
           2.43987
           1.31807
          -3.09228
          -2.07692
          -2.56154
          -3.67354
           4.71879
           0.11431
          -5.93487
           2.90647
          -0.77718
           0.71560
           0.29681
           2.74978
           1.36856
           3.34928
          -1.08971
           5.77740
          -0.89233
           0.48408
           1.91270
           2.47927
          -5.85639
          -4.40832
          -3.73266
           2.57558
          -0.45650
           1.51759
           1.76142
          -0.35599
          -4.44680
          -1.30854
          -4.03581
          -5.21449
          -1.02546
           4.91492
           2.08236
           2.88469
          -0.14550
          -4.39851
           2.46180
           1.41002
          -0.84934
          -1.13361
          -0.05092
          -3.71878
           0.62452
          -2.50864
           3.86313
          -2.58144
          -1.24450
          -0.23080
          -3.64557
           0.87370
          -2.47705
           2.65110
          -2.61778
          -4.09440
           2.42729
          -3.75961
           3.48800
          -1.03897
           3.12494
          -1.98673
          -2.66435
           2.52068
          -4.23762
          -0.37650
           0.94849
          -6.66443
          -4.80350
           3.14717
          -2.43035
          -3.10984
           2.31744
           0.70441
          -0.63751
           4.63639
           0.92037
          -2.62094
           3.52507
          -3.11594
           0.74942
          -5.28361
          -1.42197
          -1.80353
           6.30383
           3.72171
           1.45952
           3.82441
          -3.41405
          -1.47423
          -1.12492
           3.49483
          -3.47220
          -0.21614
          -0.13476
           4.72660
          -5.34508
           0.92674
           4.07211
           2.38266
           1.77840
           0.31784
           0.49756
           3.70021
           1.97322
          -0.30964
           0.42340
          -4.61159
           3.27822
           1.60452
           1.61813
           2.01241
          -1.61112
          -1.19832
          -1.14372
           1.40188
           3.80495
           0.21729
           1.26741
           3.24790
           0.47486
           1.99456
          -2.29222
          -2.28831
          -0.22862
          -4.66795
          -3.29284
          -4.06593
           2.40155
           5.04574
          -0.87379
          -6.68936
          -2.55851
           1.18661
           0.42386
          -4.63298
          -5.59852
           0.14326
          -7.32579
          -1.13949
          -2.03290
          -4.83453
           7.92173
          -4.42345
           1.16355
           4.53125
           6.30169
           4.35765
          -2.08838
          -0.79727
          -0.48730
           7.98290
          -4.77352
          -0.96927
          -3.21597
           0.26860
          -3.40701
           3.84052
          -3.81639
          -0.27921
          -3.90307
          -4.46622
          -5.24119
           1.29639
           0.65618
           0.36503
          -2.14569
           2.36701
           1.52747
          -0.94610
          -2.69482
          -5.81795
           1.34314
           4.76024
           2.26484
           1.81582
          -1.93721
          -1.52413
           1.21582
           4.57072
           3.41266
          -6.46002
           1.62811
          -3.69352
          -2.72155
           1.34046
          -1.03025
           1.85337
           0.05397
          -0.31765
          -4.17396
          -1.57690
          -0.47578
           4.94256
           0.78260
          -3.75361
           2.27294
          -0.02247
           1.47221
          -5.37687
           4.98853
          -2.60281
           3.36240
          -1.36519
           2.03280
          -7.82130
          -1.05774
          -2.62415
           5.45790
          -3.24097
          -3.11044
           2.68151
          -0.95989
           0.89796
          -4.52253
          -5.63007
          -3.93230
           4.25688
           3.40909
          -5.00431
           5.72124
          -5.17615
          -1.49795
          -3.93939
          -3.66744
          -0.41721
          -2.33077
           3.28145
          -7.49618
           4.37472
          -0.42002
           0.98002
           2.07221
           0.66574
          -3.81259
               NaN
           5.46084
           2.28003
          -3.90339
          -8.28345
          -3.55234
           1.04026
           2.09412
           2.13694
           2.46789
          -5.19139
          -4.63530
           1.47577
          -8.44074
          -7.88669
          -0.46557
           1.52435
          -4.58642
          -5.81016
          -1.32292
           2.93447
          -1.33857
           1.87859
           1.49721
          -5.49462
          -3.57613
           2.26396
          -1.06514
           3.81066
          -5.70450
           1.00506
          -1.62493
          -1.54520
           2.32562
          -1.38467
          -5.94927
           1.98732
           2.89935
          -3.88929
           2.86348
           8.28282
           0.41755
          -1.12199
          -1.04248
           4.22534
          -6.19329
           5.03000
          -2.93776
           2.19113
          -6.50725
           3.95807
           6.21860
          -3.16430
           5.30327
          -1.49836
          -3.82061
               NaN
           2.00194
          -1.37228
          -2.86904
          -7.12509
          -0.59188
          -1.59242
          -6.38736
           1.28976
           8.83239
          -1.06485
           1.59754
          -7.73973
          -2.21361
           7.99394
          -1.12577
          -0.02428
           3.43257
           0.67350
           6.04752
          -2.11309
          -7.52643
          -3.44591
          -3.62936
           0.42904
           1.42754
          -9.26444
           2.76870
          -4.05500
          -2.61131
          -5.10849
           3.97767
           2.53027
           2.43039
          -4.87931
           6.10460
          -2.76927
           2.34000
           1.65075
           5.91923
           6.08110
           7.66101
         -10.54874
          -0.84086
          -2.22302
          -2.11223
          -3.24299
           4.49708
           4.42853
           0.75724
           3.52689
          -3.78342
           2.27598
          -4.07230
           3.75638
          -5.47908
           4.11756
           1.29097
          -2.61641
          -4.54566
          -0.32748
           1.80465
          -6.55256
          -2.00406
           1.89967
          -5.29638
          -5.29474
          -0.20699
           4.02549
          -3.07517
           3.27419
          -4.40557
          -1.64657
          -4.41071
           1.47860
          -1.30363
           0.02674
          -0.67598
           1.66089
          -7.57058
           1.41557
          -4.07761
               NaN
          -0.24736
           6.55607
           3.86750
           2.02425
           0.87828
           2.06422
           1.54183
           8.12762
           5.40319
          -2.78697
          -5.82178
           1.96159
          -1.91853
          -4.12823
           1.06565
           4.68378
           5.42038
          -4.70037
          -6.37635
           7.26341
          -0.74729
           1.26239
           2.45554
          -1.91833
          -0.19130
           2.90775
           8.89465
          -5.18867
           1.63637
           1.19913
          -2.64811
          -7.39960
           4.91173
          -2.81512
           0.33164
          -2.63379
          -2.66254
          -9.79874
          -4.45438
          -2.61345
           2.00444
           0.85035
          -2.55608
           2.70616
          -3.44634
          -1.35384
           3.14766
          -4.59538
           0.89947
           0.75239
          -0.10895
           0.18455
          -6.27343
           1.48478
          -1.82956
           3.51872
          -7.12785
          -3.13365
           3.23670
          -3.95921
          -1.58716
           0.94052
          -0.24778
           0.57298
           0.41926
           0.84120
           0.21742
           3.42998
          -6.25739
           1.64233
          -0.51089
          -2.89704
          -2.77841
           6.77016
          -0.15742
          -4.65802
           1.55579
          -3.77174
          -1.42196
          -0.87132
           6.52081
          -0.72302
           8.11330
          -4.38909
           4.93509
          -1.45816
           1.73916
          -0.59645
          -2.46593
           6.38298
           4.43265
          -2.11570
           6.35298
          -4.98904
          -1.80260
           2.80315
          -3.91549
          -0.73239
          -3.27277
           1.02254
           1.36523
          -0.45749
          -1.51800
           4.22668
           1.70227
           5.33800
          -4.05869
          -4.84984
           0.59999
          -4.42420
           0.98355
           1.71133
          -2.89562
          -2.32401
          -1.71526
           4.55859
           1.06047
           2.18521
           6.32057
          -2.20956
           3.90980
           0.00740
           2.09161
           2.62136
           1.04592
           5.73318
           1.04180
           2.51987
          -1.68784
           3.78830
           2.82832
          -8.96535
           2.36119
          -0.09131
          -4.55158
          -1.01292
           2.57785
          -5.81269
          -1.78740
           3.01515
           2.05356
           1.91318
          -0.53128
           3.88751
           1.44184
          -3.34536
          -3.05714
           5.48540
          -4.77239
           3.42057
          -1.49152
           5.43135
          -3.26203
          -3.95435
          -1.78392
          -4.16336
           6.91868
           2.49055
          -4.27753
           2.41940
          -4.77073
          -4.49781
           3.94549
          -2.10487
          -2.28615
           0.63407
           0.45080
           3.86354
          -4.27810
          -2.29717
           1.94143
          -3.85655
          -1.58007
          -0.49592
           2.05922
           1.59591
           1.61234
          -7.25104
           3.80295
           0.33910
          -2.83832
           2.32363
          -1.57044
          -2.46859
          -4.24157
           0.76684
          -3.20400
           5.08069
           2.70993
          -0.47272
          -0.24928
           0.01065
          -5.26701
          -4.68372
          -3.03014
          -0.58770
          -5.78474
           0.57952
          -2.93413
           1.01304
          -1.25047
           2.18596
          -0.99493
          -4.35931
          -4.72968
          -2.94575
          -5.39373
          -1.91436
          -1.43759
           2.31571
          -1.04120
           4.01403
          -0.94260
          -1.89180
         -10.30133
          -1.53496
           1.44127
           4.30125
          -1.37188
          -6.47517
           1.94113
           2.85657
          -5.31312
          -1.61441
           2.70604
          -2.61252
          -5.20877
          -1.31895
          -0.92553
           5.97862
          -6.43463
           1.61661
          -0.52164
           5.49809
          -2.14008
           2.99175
          -5.68965
          -6.65128
           3.84359
          -0.91070
          -8.78363
           1.63603
          -2.60235
           3.32841
          -4.13381
          -0.94247
          -3.37060
           3.39792
          -1.12289
           1.34252
           4.22759
          -2.92472
          -2.70691
          -1.91012
          -1.70684
           1.73526
           1.94572
          -1.10644
          -1.18428
          -8.43792
          -1.61159
           0.86986
           2.29986
           1.80736
          -5.43800
          -5.35083
          -2.61794
          -4.67052
          -3.75441
           3.01776
          -6.11902
          -4.43451
          -0.64473
           1.71008
          -4.26775
          -1.16784
           1.82208
           0.25865
          -6.42829
           5.73638
           4.01593
           5.12103
           4.28769
           2.32561
           0.67205
           1.05836
           2.43871
          -3.63911
           6.79588
           2.18877
           3.80941
           0.75654
          -0.52895
           0.42930
           1.87344
          -4.38840
           0.81267
          -3.30048
           3.01856
          -1.85417
           2.27334
          -1.69351
          -2.37021
          -0.48533
           3.33710
          -4.92619
          -2.90189
           1.02651
          -0.03519
          -2.46273
           4.33132
          -4.03686
           1.10349
          -2.78076
           6.85959
           0.84679
          -4.00255
          -4.07399
           3.79055
          -2.13957
          -2.57339
           0.17169
          -3.42194
               NaN
           0.33352
           1.35917
          -1.07549
           2.79650
           1.09134
          -7.08310
           6.06354
           0.78044
          -1.26492
          -6.16744
           3.32052
          -2.56196
           3.86846
          -1.39849
          -1.95981
          -3.66673
          -2.34657
           5.42794
          -0.77602
          -1.83901
           1.89783
          -1.00271
          -0.56144
           2.82692
          -3.06740
           5.23754
          -3.30982
           1.90390
           1.31135
          -1.90554
           0.22963
          -2.13253
           0.01103
          -1.16739
          -2.14525
           0.25735
          -2.01160
          -2.18674
           0.31002
          -2.31076
           2.02517
           8.71496
          -5.01391
          -4.12286
           1.40217
          -0.67083
           1.75630
          -2.61869
          -6.18964
          -1.45699
           0.37482
           5.38186
          -5.54170
           5.06297
          -3.21252
           6.68063
           7.00371
          -1.56252
           4.13818
          -0.49035
          -0.85635
          -5.48330
          -0.88549
           3.75528
           0.05136
          -4.25857
          -2.62587
           1.32705
          -3.72239
          -2.71577
           2.22990
          -3.97193
           2.03383
          -2.88054
          -2.75610
           9.34350
          -4.02430
          -2.83530
          -2.79278
           5.03318
           8.50913
           4.45325
          -6.02550
           0.74235
           0.23815
          -8.40584
          -6.51845
          -1.41502
          -4.29640
           3.03701
           1.71345
          -2.97303
           0.97308
           1.26087
          -2.77834
          -1.77259
          -3.73187
          -1.64383
          -3.40057
          -5.71049
          -0.59770
           3.92777
          -3.93647
           1.79338
          -2.92662
          -1.95736
          -1.18470
          -2.97657
          -0.37693
          -1.70895
          -5.74266
           1.65843
          -1.36733
           0.21565
          -0.76336
          -0.25339
           7.04598
           2.84363
          -1.54025
          -2.15712
          -1.83347
          -9.32020
          -1.66253
           0.54459
          -0.86850
           0.28948
           0.94582
          -4.18925
          -2.85250
          -0.83222
           0.32357
          -3.01025
           2.85379
          -0.56665
          -2.50728
          -2.42896
           6.12018
          -0.48733
          -4.28863
          -0.61180
          -0.05145
          -5.17231
          -0.34419
           6.43343
          -6.15910
          -2.91780
           2.58384
           0.55843
           5.78319
          -7.81614
           0.39911
               NaN
           1.32618
               NaN
          -0.83469
           0.06624
          -4.37725
          -7.63546
           3.95140
           0.41203
           7.14345
           5.52834
          -2.28482
           4.71327
          -0.07001
           4.16696
           0.37660
          -5.59322
           2.97502
          -2.25755
          -0.89388
           1.96986
           0.87903
          -6.75318
           3.32341
           0.00916
           2.32859
          -5.54329
          -3.67906
           0.00038
           1.06158
           1.74247
          -0.42472
           2.65151
           3.61544
           3.50252
          -2.36297
          -0.43170
          -0.57697
          -0.09085
          -0.15608
          -7.93010
          -4.21936
           0.93125
          -0.35624
          -1.91383
           5.08255
          -1.27336
           4.82172
          -1.49204
          -4.64666
          -3.71502
          -0.41244
           0.36187
           2.20438
          -2.57682
          -2.73652
          -3.07760
          -1.85119
           0.05276
          -2.55308
           2.60535
           3.30195
          -1.74899
          -1.79963
          -6.72646
           2.03139
          -7.40688
          -6.28541
           4.51764
          -4.26399
           6.94317
           8.04057
          -3.22958
           1.71337
           2.11254
          -4.50570
           1.92479
          -3.38305
          -3.74104
          -2.98906
          -2.00649
          -1.61815
          -4.37934
          -3.06144
         -10.68715
          -1.54460
           0.82477
          -0.93471
          -1.32670
          -0.56310
          -7.85671
           2.04398
          -5.48010
           4.76786
          -0.95023
          -4.41159
          -7.81758
          -4.59608
           1.28666
           4.96002
           2.80830
           0.32180
          -0.50820
          -4.20049
          -3.66837
          -2.01139
           0.66889
          -0.48712
           1.83019
          -2.59680
          -3.43795
          -6.24630
           4.48405
           1.53462
          -2.50583
           3.13853
          -2.00022
           5.84086
           0.86301
          -5.43636
           2.55384
          -3.44462
          -7.31731
          -0.97946
          -1.81153
          -3.20766
           2.75075
          -1.75757
          -7.09070
          -8.27258
           0.55423
          -0.48290
          -4.96635
           1.13265
           6.05144
           2.41187
          -2.49667
           0.96307
          -5.95214
           2.65071
          -0.63395
          -1.84761
          -4.21736
          -6.17621
          -3.86877
          -0.34461
          -0.44155
          -5.46411
          -0.81159
           1.73203
           3.91319
          -2.43369
          -1.42001
          -2.34277
          -6.79710
           5.69133
           2.19911
          -6.97538
           2.37936
          -2.28912
          -0.00582
           1.56558
           1.09710
           0.67717
           3.99498
          -4.21481
           6.25748
          -2.14159
           0.72310
           1.73755
           3.19222
          -8.47234
          -9.52633
          -4.19970
           3.14599
           0.61525
           1.69378
           3.94953
          -0.04699
          -3.47687
          -1.88175
          -3.77981
          -6.83378
           1.60350
           7.52042
           0.85527
           0.61643
           0.74054
          -5.22924
           1.88085
          -3.28397
           1.01841
          -4.15486
          -1.80294
          -4.76741
           0.75137
          -1.00614
           3.97484
          -2.55602
          -2.86927
           2.82396
          -7.39257
           1.40661
          -1.93656
          -0.64683
          -2.85164
          -2.88268
          -1.16964
          -7.78901
           3.25579
          -2.75663
           5.33276
          -0.75615
          -1.68390
           6.12536
          -4.39590
          -5.44885
           0.36437
          -8.27413
          -5.34175
           4.95109
           0.63365
           0.29691
          -1.36200
          -2.02685
          -3.33984
           6.66256
           1.54425
          -1.71171
           2.15323
          -7.62798
          -0.70124
          -8.75940
           1.07534
           0.20688
           6.45483
           5.38098
           0.72583
           3.26717
          -1.68587
          -0.76972
          -1.35065
           3.96250
           0.60048
           1.52916
          -3.52717
           7.24612
          -6.29531
           5.33165
           5.24759
           1.93047
          -1.17428
          -0.93084
          -2.33482
           3.37554
           4.44956
           1.49612
           2.45441
          -6.68349
           4.53630
           1.28749
          -0.01359
           2.21879
           0.17691
          -2.83203
           3.29187
           0.97024
           4.67854
           0.81342
           4.36820
           4.21689
           1.53111
           0.11160
          -5.52194
          -4.74528
           0.44346
          -2.98512
          -3.45829
          -3.61088
           5.68723
           3.77013
          -3.57107
          -5.49099
          -4.92307
           2.17699
           1.78367
           2.87274
          -3.39909
           1.93809
           3.13014
          -2.20208
           6.96892
           3.72737
           1.93613
          -2.70219
          -3.90521
          -3.69263
           0.45145
          -0.90539
           3.52557
           1.47968
           2.97851
           2.26314
          -1.84870
           2.09320
          -4.95841
           2.00701
           5.28721
           1.61844
           1.47823
           3.51887
          -2.81021
           1.14032
          10.00967
           1.66366
          -0.46262
           2.96041
          -1.20340
           4.91680
          -2.03665
          -0.98123
          -4.01889
          -3.48331
          -2.87581
           0.77706
          -0.51524
           0.52440
          -1.53590
           1.27263
          -0.96681
          -0.12169
           6.55059
           2.13356
           3.56630
          -5.32888
          -9.05295
          -2.81969
          -3.49246
           5.38627
           3.25847
           1.06931
           5.62832
          -2.35329
           0.16937
           7.38442
           1.46424
          -2.55305
          -2.53113
           1.82927
           6.39759
          10.92806
           5.87129
          -5.47422
          -1.32214
          -0.40583
          -5.80187
          -6.88724
           1.52657
          -0.74352
          -1.39103
          -2.88091
          -3.54168
          -2.17005
          -0.67360
           0.79996
           1.47927
          -6.22789
           2.30378
          -0.67850
          -0.30916
           1.40191
           1.57492
           3.65530
           0.78660
           2.81455
          -1.91826
          -4.03685
           4.59593
          -1.03968
           4.94756
           1.13348
          -4.22218
           3.67832
           0.68072
          -1.62143
           1.62747
          -3.74080
          -0.93914
           0.95898
           1.32205
           2.94011
          -1.29889
          -2.75952
           1.21137
          -4.74543
          -0.67239
           1.51676
          -0.57315
           0.44738
           5.17466
           5.13427
           1.37173
          -2.15350
           1.17562
           0.54604
          -1.57437
           2.38870
           3.71235
          -0.58751
          -2.84552
          -1.40809
           6.08204
          -1.41833
           2.04170
           0.09383
          -0.90412
          -4.70786
          -0.71638
          -0.59954
           4.51479
          -3.65516
           3.59176
          -2.08780
           2.13700
          -3.41893
           3.15581
          -1.57742
           1.08390
           5.21226
          -1.28819
           2.44292
           1.92845
          -0.09003
          -2.42271
          -1.32104
          -3.04513
           4.98556
           0.71924
          -4.36035
           3.48412
          -5.60718
           0.03531
          -1.36045
           7.78447
           5.99889
           5.52623
           2.81920
           4.94300
           0.87815
          -2.93580
           2.50741
           5.18345
          -0.00020
           7.40450
          -0.97901
          -1.94466
          -1.60822
           3.98173
          -4.11515
           0.09760
          -7.00473
           2.27307
           2.14940
          -0.55172
          -8.59884
          -2.44475
           1.35147
           7.24597
          -2.72718
          -5.21010
           1.54520
           5.29500
          -7.62933
          -2.50619
           0.00890
           2.20778
           4.78327
          -1.42550
           1.36666
           1.38625
          -0.54097
           2.82787
           0.22735
           2.65690
           5.86059
               NaN
          -0.05559
           0.79971
          -2.11690
          -4.04277
           2.45536
          -1.71608
           5.14114
          -3.04435
           2.47552
           4.73357
          -3.45872
           3.73972
           6.27605
           0.47632
          -4.35596
           2.13454
          -2.23476
          -0.10398
          -4.50744
           5.81340
           2.93765
           2.67461
          -5.94224
           2.66223
          -1.75170
           8.23105
           2.06835
          -1.33399
           7.53619
           7.20933
          -5.20522
          -7.85051
           3.21882
           3.28799
          -3.32437
           0.65183
           6.60740
           1.28352
           2.91515
          -9.24969
           2.14398
           2.48230
           6.31468
           3.84244
          -2.27771
           2.21772
           7.63647
          -1.74976
          -0.35613
           0.97405
           5.25029
           6.87860
          -0.25783
           3.98673
          -0.51038
           4.53502
           3.38920
           2.37757
           4.97124
           6.41676
           1.12482
           2.79624
           1.10089
           5.10441
           1.62813
          -1.29729
           1.93584
           5.71493
           0.81198
          -1.00678
          -0.60900
          -2.59866
          -4.36744
           3.98981
          -4.04019
          -3.63674
           1.78142
          -3.30491
           1.12540
          -1.55772
           5.41642
           0.44158
           4.68616
          -0.07962
           2.92102
           1.12808
          -1.57195
           2.62694
           2.50483
           3.91070
          -2.33816
           0.94538
          -0.23972
          -2.75870
           4.34233
               NaN
          -2.76501
           6.71799
          -4.06031
          -3.44160
          -2.76936
          -1.87292
           3.03424
           0.35136
          -1.73468
           1.32825
           0.97455
           1.99734
           2.94460
           2.33166
          -2.37353
           2.32557
          -1.80349
           4.33761
           4.05913
           3.21434
           5.67541
           6.75135
          -3.22054
          -3.91421
          -0.75471
           4.92940
          -1.83143
          -2.58352
           1.28431
           1.86544
          -3.58615
           1.35230
           4.35585
           2.03800
          -0.42238
           1.52338
          -1.73384
          -5.52657
           7.90445
          -5.62673
          -0.83004
           0.41113
           0.93799
               NaN
          -1.32636
           8.23800
           1.11225
           5.87963
          -5.08784
           2.27337
           3.70508
           1.87159
           3.87554
           2.65567
          -3.87855
           1.78386
          -3.69947
           2.57763
          -1.81098
           1.98038
          -6.49713
           1.35557
           0.47988
           7.36837
          -2.63994
           4.06466
          -7.73715
           3.13071
          -0.24843
           8.14157
          -3.36777
          -0.21153
           6.36025
               NaN
          -2.12964
           3.93922
          -5.24378
           2.93461
           0.12502
          -4.00567
           7.54114
           0.65907
           4.56920
          -2.41113
           1.34865
           5.96741
          -1.20722
           1.03462
          -2.61718
          -0.02457
           2.66967
           6.33042
           2.03608
          -2.04400
          -0.06973
          -0.67241
          -4.90370
          -2.31669
          -5.13193
           5.87770
           1.48495
           8.80675
           0.51721
          -5.85844
          -0.21995
           8.35514
          -0.26976
           0.43685
          -2.78882
          -1.43142
           5.55553
          -1.99264
          -0.05633
           2.92602
          -0.45013
           0.81839
           6.66684
           8.56214
          -4.75806
           3.75502
           5.26791
          -2.88026
          -4.22983
           2.41758
           6.16107
          -0.11495
          -3.18879
           0.49177
           5.71946
           0.64847
           2.16086
           3.23198
          -2.32613
          -1.12994
          -1.42825
          -1.90371
           0.19123
          -0.28339
          -2.81878
           2.96699
           0.65553
           5.21210
          -5.99851
          -1.51108
           3.76080
           3.90932
          -5.59185
          -0.66573
           1.61882
          -1.36390
          -2.96787
           1.56240
           0.30452
           8.17304
           2.92509
           2.60614
          -1.41986
          -4.47704
           3.04155
           3.91139
           3.04150
           4.07445
          -4.34541
           3.43028
           0.44743
           3.05502
          -2.84803
          -1.03491
          -1.58890
          -0.03785
           6.97811
           2.82692
           0.57110
           0.37824
           2.14618
           4.72868
          -1.92489
           1.82467
           2.06000
           5.29426
          -0.87673
           0.50490
          -1.98286
          -5.49671
           3.95759
           0.20515
          -1.46487
          -1.75340
           6.00712
          -5.53112
           4.94060
          -1.63962
           7.36228
          -4.69726
          10.56601
          -3.11519
          -1.81200
           5.06278
          -4.55303
          -4.61927
           3.43923
          -2.00435
           4.76594
          -2.20448
           2.12641
          -1.81605
           4.11013
           2.73309
           1.95766
          -0.13183
          -6.65126
          -3.44123
           1.62946
           1.69158
          -0.73606
           1.51028
           2.64566
          -0.28894
           6.83003
           5.94973
          -1.68091
          -2.01027
          -1.32781
          -2.15887
           1.06769
           3.94638
           1.59697
           8.60958
          -4.82340
           2.49533
          -1.81707
           4.82356
          -5.40739
           3.54736
          -1.98918
          -1.63591
           7.27512
          -2.77207
           1.23867
          -1.98877
          -1.63459
           2.08597
           3.57153
           3.39869
           0.53931
          -3.22922
           6.71790
          -0.57786
          -5.74209
          -2.14376
          -0.69162
          -0.30817
          -1.99025
           0.43518
           2.25818
          -0.69060
          -1.00188
           3.29041
           2.40243
          -1.79746
          -3.42724
          -0.71341
               NaN
           2.99818
          -1.64788
           1.09649
          -1.38860
           0.97694
          -4.87168
          -3.59121
          -0.62536
           2.36439
           1.90747
           1.28874
           0.81301
          -4.52666
          -7.76056
          -1.99525
          -1.55995
           3.08627
          -2.09596
           4.46669
           0.73845
           1.68962
          -4.37654
           1.48950
           4.79587
           5.32607
          -3.63252
           4.34810
          -2.86830
          -3.29409
           0.46080
           1.98500
           6.41731
           4.23801
          -8.09544
          -3.50795
           2.64277
           0.39407
          -5.94106
           6.06009
          -2.15117
           5.15273
          -1.01004
           1.93872
          -3.60763
          -1.43565
           3.53744
          -0.50554
          -7.51329
          -2.35314
          -4.43068
           2.63832
          -0.97706
          -5.72448
          -0.17473
           7.68465
          -3.41954
          -0.87421
          -3.26349
           1.00799
           6.10234
           1.56652
           3.52898
          -0.35284
           1.87606
          -3.15986
           3.60263
               NaN
          -0.05583
           8.97341
           5.28577
           4.23141
           0.61675
           2.98383
          -5.30942
           1.94355
          -1.85015
           6.13623
          -5.84875
          -2.93829
           4.70462
           2.69392
          -3.01263
          -8.03619
          -1.93219
           1.52041
          -0.38505
           2.49785
           4.35729
          -3.88667
           0.53261
           0.76207
          -5.31332
          -7.26590
           5.44787
           5.40609
           0.67001
           3.56526
           1.50415
           2.47011
          -3.29281
          -2.41228
          -1.49130
           5.93517
          -0.50240
           0.53147
           7.14248
           0.48298
           0.79531
          -2.29650
          -1.38780
          -2.55785
          -1.72742
           3.27089
          -3.09451
          -1.85867
           2.94570
          -2.72255
          -2.69037
          -0.27594
          -0.95235
           1.87272
          -0.89196
           2.93167
          -1.69499
           5.06824
          -3.35859
          -1.70151
          -7.48521
           2.04305
           6.07223
          -7.39922
           7.00776
          -4.36125
          -5.65434
           1.66626
           3.21213
           4.41236
           2.30125
          -0.03823
          -4.78595
           2.17363
          -0.01274
           6.16149
          -1.43709
           0.87151
           5.02915
          -4.12162
          -1.87278
          -1.87505
           9.20101
          -2.78430
           0.60363
           6.63338
          -0.68569
          -3.86565
           3.82686
          -0.96955
          -1.43694
           3.66702
           2.13039
           1.06256
          -1.95721
           1.04287
           2.71055
           1.38767
           9.91088
          -0.06963
           4.27708
           6.27627
          -2.40197
           0.54366
          -2.89971
           7.99456
           6.61221
           0.04433
           1.27097
           4.60283
           3.11106
           8.19945
          -1.45971
          -3.26265
           1.68683
           4.80940
          -3.99913
          -3.62720
          -4.06908
           0.46993
           7.13182
          -4.88367
           1.28766
           5.33548
           3.63394
           4.03851
           0.95771
           2.74790
          -2.83283
           1.27822
          -0.33871
          -0.27451
          -4.97256
           2.79285
          -4.47686
           5.23470
           5.70425
           3.08236
          -1.31063
          -0.03965
          -1.77869
           1.41269
           1.69619
          -2.85558
           4.55201
          -5.98325
          -1.27967
           5.72048
           1.43477
           5.63935
          -0.36365
          -3.16124
          -1.60650
           1.41418
           0.64887
          -3.50151
           7.17574
          -0.16787
           9.05977
           2.78957
          -2.09956
           5.63534
           4.02092
           0.70508
           6.90363
           7.04050
           7.05350
           0.44896
           3.13093
          -2.19051
          -4.25318
          -0.76018
               NaN
          -8.01368
          -4.86835
          -9.56438
           2.12562
          -3.79501
           3.00232
          -3.22037
           0.41221
           2.53465
           0.33880
          -3.50958
           2.53977
          -5.34868
          -3.32206
          -0.71333
          -0.52064
           3.83756
           5.72276
          -2.93433
           5.49491
           1.45963
          -2.41801
           3.25422
          -0.68675
           2.50305
           3.80349
           3.82028
           4.61048
          -3.64452
           6.11122
           1.58810
           0.79785
           6.01780
           3.31393
           1.20150
          -3.88573
          -6.10050
          -2.22222
           5.39204
           2.28032
          -0.13160
           1.44580
           2.76448
           3.83192
          -2.24449
           1.63218
          -2.67336
           5.31032
          -4.24690
           6.11884
           9.79368
           4.85966
           2.77849
           2.13267
          -0.31170
           4.33925
          -2.06985
           1.32411
           6.87236
          -4.20586
           4.01702
          -1.96240
          -1.60010
           3.71840
           3.60145
          -2.94061
          -4.17304
          -3.15492
          -2.92055
           1.45233
           3.12282
          -3.30689
          -4.22737
           3.77149
           1.70395
           1.89947
          -1.78528
           5.46188
           2.50315
           2.28968
           4.03867
           4.98959
           1.15774
           0.09184
           2.20012
           1.30930
          -1.56354
           3.99050
          -2.96623
           1.63952
          -2.21528
           1.22847
          -1.82933
          -0.86306
          -6.03850
          -0.36790
          -4.45592
          -2.55720
          -5.33966
           0.63922
           4.09605
           6.60698
          -1.59951
          -3.03525
           3.41515
           9.11300
          -3.91437
           3.82434
           2.82421
          -1.99794
           0.41636
          -4.97429
           3.67980
          -2.62316
           1.42179
          -5.24374
           2.50338
          -0.00082
          -3.36401
           8.06309
          -2.23401
          -6.08286
           8.32997
           2.85278
           3.86905
           1.77976
          -0.49815
          -4.00616
          -4.27330
          -3.39471
          -3.97790
           7.94737
           1.90705
          -4.02287
          -3.92022
           0.18688
          -7.45847
          -8.70041
           8.35552
           5.18649
           3.79709
           1.31139
          -0.10343
          -4.11300
           5.77630
           4.28847
           3.13001
           0.42026
          -5.52013
          -5.10267
           6.05604
           0.99881
           2.66353
           4.73887
          -6.25004
          -2.63035
          -0.75449
           2.72737
               NaN
          -3.08023
           5.43229
           0.59199
          -3.78573
          -6.30184
           2.14311
           3.12473
           6.62384
           2.36697
           5.14559
           4.23300
          -2.09054
          -3.27294
          -2.90955
          -1.21153
           1.21367
           2.12477
           4.29583
           1.67373
          -4.54533
           1.48263
          -8.42267
           2.11023
           2.37136
          -0.76098
          -3.82107
           1.65777
          -1.25848
           5.08454
           3.00784
           1.74365
          -1.33154
          -7.42953
          -3.02134
          -4.81270
          -2.99036
           7.13904
           3.55252
          -8.65594
           1.32180
