         -10.02510
          -6.02492
          -7.35384
           2.20044
          11.48282
         -25.50646
          11.78649
           1.50889
          -5.14479
          -2.84946
         -28.82750
           2.26211
          46.29812
          -1.52464
         -18.89248
           7.42498
           1.43586
          11.65889
          23.63216
          14.51519
         -15.57018
          44.31444
          58.82132
          -7.73357
         -12.91053
         -10.70566
          -3.01912
          23.52488
         -15.98416
          30.09479
         -24.03407
          12.39331
         -10.31744
          21.01352
          -9.66861
           2.27247
          -9.64200
         -10.98271
           3.74527
          22.78066
         -23.53800
          14.09774
          -3.87042
           1.32404
          -2.51463
          19.38951
           7.14021
          -3.66607
           1.18710
          11.80459
          25.22797
           4.14163
          10.42106
          -6.57094
          22.26335
         -24.46824
         -39.64189
          37.75973
          54.33840
           2.54251
         -11.36423
          35.54847
         -35.57374
          13.69709
           6.85685
          24.26771
          20.14695
           6.21972
          26.51017
           8.48271
         -31.80657
           1.03541
          32.30914
          32.88604
          -8.07405
         -47.47850
         -20.28912
          12.33344
          -4.47025
          44.90163
         -29.70526
          13.35522
          -1.49464
          29.48965
           8.70953
          24.15980
               NaN
         -33.00274
          10.97863
         -13.42471
         -11.78218
           9.62676
          21.22724
          -3.40610
          45.89803
          -1.86941
          -9.97706
          34.84149
          -6.81998
           4.90659
          34.85693
          -4.30760
          37.51731
          29.54225
          28.61240
          27.97565
          -3.37022
          -2.24280
           1.89951
          28.08347
           9.00020
         -22.65152
          33.78104
          46.12372
          -2.77522
         -20.80944
          33.35090
          21.51076
          15.14164
          -6.45892
          -2.97644
          -0.80017
          27.64858
          41.96059
          35.68383
         -12.77663
          14.23027
           6.42971
          16.21707
         -11.45030
         -30.17289
          52.80386
          18.73650
         -15.94509
         -14.15864
          23.70864
          60.95282
           7.66805
          26.00639
          14.65484
           7.17246
          15.10083
          21.93910
           0.89301
          14.89233
           4.65989
           1.93314
         -10.04401
          27.33978
          -7.10155
          11.75085
          22.48251
          -3.09687
          20.63585
          26.22651
         -15.30882
         -10.88931
         -15.30861
          48.98500
          29.29511
         -19.93402
          -0.99376
           3.83782
           2.86648
          -1.85918
          28.99554
          22.42375
          -1.78667
          14.39828
         -30.93385
         -44.36575
           1.14894
         -12.38852
           0.99163
          33.09543
          -2.28882
          17.16682
          22.67873
          46.58103
          18.83448
          25.93968
          -3.88691
           5.24346
           4.60323
          -3.18897
           2.75880
           1.50655
           9.42524
          19.52410
         -42.74852
          13.32645
           6.30663
          28.40369
          -7.79870
          19.95722
         -17.84237
          -1.32824
         -20.27359
          35.63936
          25.38324
          -5.50900
          13.49903
          12.56610
          45.33869
          44.62579
         -18.06903
           1.87480
         -30.44125
          17.19686
         -45.22793
          24.74604
          29.07769
           6.77796
          -1.59912
          17.37451
          -0.56767
          18.76212
          21.71750
          -6.70841
           4.85171
          19.80609
         -17.76892
          14.33541
          31.59942
         -17.20231
          38.87416
         -26.89813
           0.92215
           3.90350
         -17.71480
           7.78734
         -14.84713
          33.12182
          39.53089
          44.53800
          23.07541
           1.05977
           7.17837
          -3.10708
          27.08180
          13.47372
          -0.19698
         -11.18068
          -4.50904
         -15.67205
          19.23170
         -10.38007
         -24.15301
          -7.71819
          28.20287
          20.43319
          11.99888
          -2.51231
          11.04019
           4.89275
          28.13822
          -4.47209
          23.18726
         -24.54622
          -6.13931
          36.00690
          25.55866
          30.85148
           6.66377
          21.13719
         -21.28398
          36.89095
          -9.54105
           3.09607
         -10.52479
               NaN
         -20.33502
           4.75421
           4.54478
         -27.03232
          16.51546
          26.28402
         -18.65158
          -0.02114
          27.30516
          17.77166
         -24.16197
           9.45041
           9.48480
           6.08783
          33.36747
          -8.55668
          -5.84701
          10.64024
           1.07964
           1.65797
           5.50250
          14.37568
          -6.75760
         -12.57455
          63.62101
          28.95469
          17.35260
          40.48843
          50.03849
           9.03593
          14.11580
         -33.21468
          32.93698
          34.00107
          -7.45632
          22.00875
         -13.45105
          26.95939
           6.54096
         -20.17401
          30.62899
          -7.76231
          20.46888
          -2.29118
         -10.29751
          19.37659
          -6.81774
          16.59524
          19.07452
          24.05625
          -5.24235
         -28.88163
          -8.17154
           7.37670
          -2.77835
           4.59255
          12.11952
         -20.27711
         -13.76712
          -7.39469
          16.84487
         -48.57531
          32.83693
           0.07006
          20.92772
         -26.60520
          -5.09465
         -23.85726
          24.51907
          -0.41289
          43.46865
         -29.76898
           4.36752
          28.69923
          55.84909
          21.03943
         -15.27519
           9.77334
           1.68845
         -15.69359
           5.86662
         -33.97348
          41.96509
          10.62790
         -44.54463
          10.53988
         -22.80320
          -8.21604
          18.65538
         -39.71042
          20.33256
         -15.74405
         -22.99653
          31.99261
          23.24838
          19.24104
         -11.10207
          49.98832
          18.89842
           5.89646
           1.47348
          13.19794
          41.30206
         -38.05784
          26.64647
           6.04726
         -26.43540
         -10.18283
          -4.22200
          21.28664
          -1.16040
          38.47078
          35.05078
          12.39615
           6.14395
          16.50597
          46.24900
          30.12843
          30.30733
         -27.33030
           4.77239
          12.74718
         -24.34351
          40.48062
          48.40791
           9.31060
          40.90074
           8.81532
          32.01561
          31.01614
         -12.88870
          -5.25464
          -5.40262
           2.71997
         -37.29684
          26.51228
         -16.22108
          42.59286
         -14.33502
          -5.15972
          34.04079
           4.33043
         -23.70981
         -15.39159
          -7.04978
          50.90770
         -20.35382
          22.92484
         -10.89230
          -7.28177
          -4.06422
          20.81734
         -13.60665
          -9.67239
          25.74802
          15.66218
          -9.50022
         -14.68645
          25.04368
          35.57056
          29.44710
          11.26134
          -3.09087
           0.19987
          34.15465
         -22.13686
         -24.54699
         -10.25151
          20.43570
          37.62647
         -13.88931
          -8.38523
          -3.34095
           9.18474
          20.99196
         -29.87899
          -4.57572
         -39.47769
         -12.85242
          14.13742
         -25.43247
         -12.67640
          32.04121
          54.46399
           3.15736
          40.18911
          36.59526
          24.85355
          29.76134
         -13.54114
          51.64770
          16.48822
          33.86175
           3.47200
           2.64223
          21.25796
          22.46880
          -6.71799
          10.52719
          21.94897
          31.59457
          12.76342
         -30.29602
          -0.24259
           4.99123
          42.86302
          42.32680
           5.55306
         -17.20225
          11.66618
         -14.99558
         -20.24637
          45.54303
          17.91152
          55.89765
          31.83558
          19.17870
          33.46516
           1.14881
         -21.05663
          30.38698
               NaN
           7.45943
          -8.16279
          14.31919
          16.07246
          25.09650
          35.88414
          16.05637
          27.59697
          61.07693
           7.97359
          -8.14788
          -5.74478
          26.06764
          32.55223
          -2.69984
          31.47088
          36.64820
         -43.73970
          64.80464
           4.85019
          15.07778
          -7.27047
           7.43872
         -23.39955
          17.48803
         -25.60355
          32.21366
          17.12828
         -11.19846
          -8.72630
          18.80045
          12.78190
          34.41025
         -34.19104
         -15.77718
          21.53361
         -10.93213
          -3.37656
         -44.65826
         -12.32076
         -19.07607
          15.29774
          26.00599
          11.69387
          16.69324
         -18.50602
          27.55827
          43.41275
          -5.11926
          34.05444
           6.36308
          35.18723
          23.68286
          18.53063
         -19.47284
          -5.02358
          -2.95175
          -6.22039
         -17.88548
          -1.78123
          -6.19673
           6.52550
          34.70988
           5.30543
         -41.46653
           6.66722
          15.86252
          43.25770
         -17.63346
         -20.80236
          54.08402
         -35.12078
          -8.77967
         -17.01170
          -4.93244
          48.91249
          -8.48591
          40.43714
           6.16890
          -1.89552
          -4.80865
          -3.94326
           7.17127
          25.57638
          59.69049
           3.18361
          20.93710
          -0.07036
          -4.66099
          17.90490
          55.52164
          33.02577
           7.80038
         -41.13359
          16.09560
          15.98388
           6.50162
          -6.22920
           6.09779
          29.35830
          58.02153
           1.35604
          -4.99911
         -32.67536
          25.31247
          29.22488
          51.39281
         -14.97025
         -20.60888
          -8.18460
         -19.90539
           8.03387
          14.38296
          29.64065
          13.11578
          10.12947
         -46.12555
          25.14310
           3.28587
          20.97145
               NaN
           3.91581
          -7.03021
          13.19416
          16.84316
          40.97289
          -4.68245
          13.92326
          41.41825
           6.42648
          -6.46574
          25.81460
          -5.50699
         -16.74233
           6.73594
          -7.33224
          -8.17554
         -35.14802
         -38.89546
          30.42556
           2.28890
               NaN
          51.55824
          16.98272
          15.87871
          18.06116
          11.59109
           7.94739
          23.19408
          13.22410
           3.16286
         -21.08633
         -42.12792
          34.11577
         -12.50258
         -28.04864
          25.25903
         -14.76772
         -38.60522
         -13.09718
          37.98844
           7.17736
          -3.09137
          28.68603
          28.37787
         -19.19100
          14.21156
           1.18259
         -22.30452
          10.34114
          -9.63677
         -24.48926
         -20.23630
          10.12848
          15.74482
          24.25261
          22.76175
          12.16222
          -0.04085
           0.13333
         -13.38952
          -7.45269
          10.87163
         -17.39440
           1.64172
          32.52837
          23.85301
          26.73697
          -3.32241
         -12.26659
          14.35643
          -9.70372
           8.15501
          16.99097
         -15.89965
          14.90056
         -10.73770
         -14.58051
         -14.03908
          48.78132
         -21.19106
          23.02907
          20.44687
         -33.16193
         -15.91457
         -15.94445
         -10.49496
          10.38158
          47.69927
         -24.16605
           6.39541
           8.69925
          35.69388
          21.84725
          42.66166
           6.61718
         -20.76674
          -2.00281
          34.19771
           7.29385
          -0.87579
          -2.73420
         -12.52729
         -16.78991
          -0.59474
          43.12128
           3.88097
           7.78440
         -21.59242
          35.51310
          -0.04243
          17.55388
          14.74148
          22.43770
          54.30786
           8.71931
           8.89993
          -7.10398
          14.05710
         -26.76486
          -0.67639
          20.26093
          26.62733
           4.71488
         -23.68014
          -8.51222
          34.53291
          -2.37028
          18.97222
          18.10043
           0.38489
          15.61978
           0.45103
          24.54551
         -28.16617
         -28.18120
         -27.59610
          -8.51690
         -17.60974
          -6.55575
         -12.24943
           9.14059
          -1.20340
         -44.51314
          31.23923
         -12.15116
          11.57539
          49.14051
           8.25109
           1.36066
          27.57015
          28.10689
         -16.32512
           9.00305
          -0.12461
          24.59367
          12.00240
           7.25395
         -42.35669
         -26.49619
          39.13113
           0.18660
         -49.31291
           8.30000
         -22.58862
         -11.04806
           3.93733
           1.10033
          36.49832
         -35.22953
          12.43200
         -43.13736
         -16.04849
          43.20895
           6.02270
          26.12532
               NaN
          18.11999
           9.49378
         -16.84588
          11.76556
          25.41423
           0.69051
           7.25837
         -34.75495
         -20.91914
          -6.62818
           8.09342
          -6.49909
          35.66592
          45.44760
         -24.79643
          20.49863
           5.58193
           6.70768
          45.23803
          -7.61713
          21.27077
          -7.40511
          -1.05946
          43.60023
          35.83699
          10.37985
         -15.44023
          54.52642
         -19.13494
          27.86930
         -20.44999
         -47.50108
          22.17704
         -13.22110
           6.64375
         -10.57940
          -9.87691
          21.22162
          -3.17404
          -9.50853
          -6.87069
          -9.83902
          48.83120
           0.02891
          34.19611
          40.99933
          11.15983
          39.64887
          -2.57422
           8.96099
          11.28989
          30.22012
           4.57444
          -4.45479
           2.92637
          -9.54661
          -5.43307
          -2.75435
         -16.18949
          43.62730
         -11.11778
          30.21713
          20.65527
          35.79195
         -17.13237
          -2.80562
           1.18274
         -18.70325
          -9.18837
          11.12383
          17.64880
          -2.28556
         -24.84670
          41.53443
          -3.43077
          15.47259
         -13.84169
         -11.84965
          39.35422
         -10.20382
           8.47315
           9.58122
          24.84681
          16.61648
          43.09225
          36.89068
          -8.64209
         -38.31759
           6.64098
         -21.87274
          19.34689
          -1.50403
          34.11481
               NaN
          20.50534
          15.70569
          40.94303
         -51.94175
           4.47355
          27.80206
          40.03396
         -16.75409
          -2.52848
          -1.18732
          -2.80480
          22.49124
           3.21727
           0.34582
          15.26707
           5.74849
          10.31371
          15.40832
          -0.56547
          -2.69950
          -1.61160
           2.56787
          21.82271
           4.37904
           0.93455
         -13.29085
         -32.21750
          33.84503
         -10.39206
         -19.70323
          25.33129
           7.66612
          15.85131
          15.70497
          -8.91217
         -42.86539
         -11.63029
          62.37845
          19.50345
          56.60326
               NaN
         -14.03721
          -4.83322
         -19.63821
         -21.36570
          14.30051
           7.18334
          12.50039
         -32.04271
           4.60084
          15.63355
         -37.18874
          -7.42818
         -13.22481
           0.53183
         -22.87841
           2.27321
          27.28833
           1.20865
          22.94739
          21.29625
         -20.32246
          -1.06879
          42.60927
          67.40346
           0.30618
          24.52061
           5.31807
         -11.52540
          50.67664
         -16.67183
          27.16562
          -1.19687
          16.52133
          23.54839
          11.63791
          11.47896
          -3.95807
          56.97389
          -8.42229
         -11.17580
          -6.95573
          47.32726
          15.74091
           4.40429
          31.93052
         -14.84765
          31.58890
         -24.83292
          -3.42244
         -12.83564
         -37.83075
          13.53452
         -14.40414
         -18.75053
          -7.99591
         -19.19216
               NaN
          48.72786
          -3.20272
          -3.57233
          37.32172
          10.55775
          -9.39524
         -22.45049
          -8.71377
          15.68615
          10.51004
           3.84098
               NaN
          19.82895
          -5.73451
          19.58992
          27.09207
          -9.42861
          39.61951
           1.81579
          -1.88150
          -2.26055
          -0.01267
          -2.52669
          -0.36593
           2.94361
           3.12428
           4.35754
           2.43873
          -1.61849
          -0.82972
          -3.06444
           4.11950
           5.60582
          -0.28250
           1.95662
           2.33567
          -5.26104
          -2.50256
          -2.86721
          -0.42246
          -2.40220
          -1.53557
           1.04271
           3.59545
          -1.67406
          -1.29570
           1.29559
           3.46175
           3.46039
          -2.84566
           1.39876
           1.22170
           0.11254
          -0.77007
               NaN
          -3.72073
          -2.19934
           1.99416
          -4.06732
          -1.08443
           7.92131
          -0.46818
           4.73283
           1.06743
           2.49316
          -0.42240
           4.37582
           3.65799
          -2.26791
          -6.63365
          -1.36022
           3.25419
           4.00872
           4.77416
          -4.31954
          -3.53138
          -4.60413
          -5.38232
           6.32428
           3.09644
           6.01141
           1.08555
           1.01655
          -0.72884
          -3.56443
           0.24139
           0.82492
          -3.09101
           3.88425
           0.59581
          -0.23804
           0.76173
          -0.38156
           2.65271
          -1.52186
          -0.98491
          -0.45901
           1.24135
          -3.23296
          -3.20009
           3.78316
          -4.08242
           0.43400
           2.64869
               NaN
          -1.62573
           0.12417
           3.64906
           4.88548
           1.40760
          -2.10821
          -0.63975
           3.19462
          -3.91397
           3.73616
           4.61589
           0.44663
           1.48885
          -5.64863
           3.55062
          -0.15767
          -6.23945
           5.58837
          -1.56269
           2.87436
          -1.50019
           0.96560
          -3.78824
          -0.58243
          -1.87681
           1.87442
           0.91006
           4.31357
           1.96376
          -2.58679
           1.30747
           5.78734
           1.21538
           5.69913
          -0.67630
          -2.93967
          -7.75390
          -4.13597
           4.31561
           2.74584
           5.93129
           2.09272
           0.08044
           1.79466
          -3.83208
          -0.00922
          -3.46088
          -0.31911
          -1.20652
           0.22937
           1.09774
           0.67071
           1.87131
          -1.70071
           3.32760
          -5.66641
          -1.14115
           0.17363
           3.20143
          -3.22564
          -1.20564
          -0.01924
           0.63876
          -0.54336
           0.50373
          -1.39498
          -1.55085
           5.23943
          -3.95206
           1.02566
          -4.68094
          -2.05562
           2.34999
           6.48486
           2.32300
           4.51672
           2.41617
          -0.54713
          -0.16213
           5.81304
           2.11274
           0.50162
           3.24369
          -2.15027
           3.00889
           3.30298
          -3.98002
          -0.98770
           2.64468
           0.22209
           0.77202
          -0.85397
          -0.15460
           2.59444
          -3.03792
           0.23255
           1.23951
           1.93178
          -1.42800
          -3.40586
           0.51274
           0.92637
           1.43337
           0.95323
          -2.63031
           2.59591
          -0.00935
           0.97127
           4.99339
          -0.82330
          -1.48170
           3.52401
           1.71899
          -7.29784
          -0.25297
           1.16515
          -2.66810
          -0.03222
          -0.17616
           3.18822
           2.11303
           3.03229
          -4.45871
          -0.99240
          -5.36008
           0.73345
           5.07370
          -0.40663
          -0.39536
          -0.46570
           0.58638
          -5.48303
           0.04288
          -2.02654
           1.97082
           1.14578
           0.32576
           2.23279
           0.49406
          -0.98892
           2.85742
           4.43066
          -1.81147
          -0.79706
          -2.43015
           5.36459
           1.76491
          -7.81277
          -0.20792
           1.52604
           2.97965
           4.29086
          -1.59839
           0.28368
           0.32696
           1.67743
          -0.51763
           3.70868
          -2.71322
          -1.07937
          -1.40668
          -0.90781
          -1.68447
          -1.84095
           1.35149
          -3.13658
           1.13633
          -4.25713
          -2.93684
          -3.78778
          -2.26285
           3.86190
           0.27594
           1.03791
           0.25843
          -2.69492
          -4.42472
           3.93348
           2.37842
           3.63829
           0.62928
          -1.56803
          -0.92664
          -2.14286
           2.41625
           3.98493
           6.11978
           7.59059
          -6.21553
           0.81425
          -2.84881
           7.67374
          -2.95209
          -0.88720
           1.66694
           1.93313
           2.64356
           0.44175
          -3.68455
          -0.49263
           3.96997
          -4.69087
           2.66925
          -1.44842
          -1.26001
           0.59886
          -0.62882
           0.88551
          -5.88489
               NaN
          -0.65993
           0.91213
           4.13129
           3.87421
          -5.19902
          -3.06107
           0.37117
          -4.03891
          -0.43825
          -5.16198
           7.03095
          -5.11143
          -0.83220
          -2.57871
          -1.39929
           2.67838
          -0.64515
          -3.75275
           1.04249
          -2.06006
           3.91567
          -1.90790
           4.25993
          -0.92089
           0.96942
          -3.12123
          -0.67450
           0.34869
           3.12302
          -4.27816
           2.44842
           5.45226
          -5.32860
           7.25630
           3.94029
          -6.48020
           0.40725
           1.05988
          -2.32324
          -0.72527
           1.21934
           2.32911
           4.68983
           2.05678
           0.55881
           1.77815
          -0.87733
          -3.55482
          -2.30834
           4.59946
           3.23821
           1.54207
          -0.64958
          -2.98332
           0.62250
           0.29179
           5.81317
           5.29371
           8.66514
          -0.30277
           3.52516
          -1.36665
           3.34862
           2.99261
          -0.45919
           2.26716
               NaN
           0.21374
          -0.59899
           1.25712
          -0.88858
          -2.52559
          -5.98780
          -2.80091
           4.18907
           0.65720
          -0.31089
           2.62028
          -2.87526
          -3.12830
          -3.00510
          -0.90478
          -1.97918
           0.50405
           1.92675
          -7.71524
          -4.40294
           1.32176
          -4.86397
           1.43619
          -3.95378
          -1.30043
          -3.21644
           1.15725
           4.78902
          -2.55746
           1.14834
          -2.73763
          -0.47435
          -8.08847
          -1.25140
           0.17841
           0.92260
          -2.72458
          -2.72234
           1.96125
          -2.45053
          -1.62430
          -2.05744
           0.56916
           3.17410
          -0.18899
          -1.16553
           0.77050
           0.20005
          -6.62503
          -5.25367
          -3.66357
           2.74393
          -0.58904
           4.54201
          -1.93166
           6.01966
               NaN
           2.26427
           4.47329
          -0.07475
           2.21738
          -1.29893
          -4.61988
           0.55915
          -2.96089
          -0.42677
           0.01952
           2.50646
           0.50503
           0.37081
           1.84302
           0.32422
           0.81988
           6.91586
          -0.86640
           0.04148
          -2.80136
           5.59468
          -1.44159
           5.74975
           0.20441
           4.82540
           6.22672
           1.78209
           1.18220
           5.10870
           1.38372
          -0.26142
          -3.03928
          -3.06447
           0.56441
          -1.55873
          -4.47041
          -2.81349
          -3.57878
           0.98105
           3.89533
          -5.72484
          -2.79061
          -0.77342
          -2.05339
           2.49153
          -5.34696
          -4.41758
           1.74329
          -3.87239
          -2.45240
          -1.28741
          -2.22408
          -2.77176
          -3.03597
          -1.32694
          -0.97398
          -0.81950
           0.82785
          -1.11059
           8.07991
           3.66617
           3.19769
          -1.14562
          -4.77640
           1.06770
          -3.61968
           5.26995
           0.61716
           1.60030
          -2.53110
           1.31290
          -2.75365
          -0.61561
          -5.59799
           0.44176
           1.87742
          -3.82651
           2.12538
          -1.24378
          -0.69365
          -5.41473
           3.48013
          -1.96703
          -0.33632
          -1.22931
          -5.80216
          -2.42203
           2.29236
          -0.90911
          -3.70129
           0.49243
           0.31124
           1.42204
           0.23734
           1.44605
           5.42204
          -2.30080
           2.10152
           4.03938
          -1.95816
           6.34961
           3.06423
               NaN
          -3.23879
           2.75038
           4.59460
          -2.19992
          -0.94564
           0.16533
          -3.81891
           7.48254
          -2.87212
           1.89618
          -4.95086
          -0.77316
           0.09262
          -0.62240
           2.59057
           0.30055
          -1.93837
          -2.04947
          -0.52837
          -1.16092
           3.39382
           0.67825
           1.30746
           2.31601
           3.72554
          -1.12682
           0.32395
          -1.43999
          -1.00297
           6.97100
           4.45662
          -3.53146
           6.24020
          -0.11750
          -4.99250
           1.79544
          -3.65652
          -0.01037
          -2.20459
           2.03206
           0.01178
           0.39728
           0.41471
           0.98526
          -7.13758
          -2.06237
          -0.41880
          -5.78539
           0.92136
          -1.87537
          -1.87819
          -1.32125
          -2.21758
          -7.44656
          -2.52095
           3.44368
          -0.54923
           0.45525
          -2.92200
          -2.81557
          -5.14635
          -0.71609
           0.32431
           0.65209
           1.16333
           2.86248
           1.70089
          -5.75105
           0.96738
          -1.42780
           0.53322
           0.26864
          -0.05711
           4.29950
          -1.09558
           1.36297
          -3.57357
           1.93628
          -6.99984
           3.79794
          -1.32419
           7.52240
          -2.39159
           0.83291
          -1.69013
          -1.41247
           4.20397
          -1.20003
           0.86459
           2.90964
           3.67080
           4.80761
          -3.11442
          -0.03926
          -0.27050
          -0.58466
           0.47697
           5.53721
          -3.71328
           3.62267
          -1.33522
          -2.54186
          -1.92067
           6.44632
           2.16134
           3.07535
          -1.41502
           3.39042
           1.08976
           2.66091
           0.17466
          -5.82124
           2.15574
           1.33349
           1.72343
          -3.15259
          -0.27847
          -0.17774
          -0.16721
           0.94788
          -3.10191
          -2.72586
          -2.45453
           5.97604
          -5.35176
           3.99128
          -2.00169
          -0.72215
           4.81590
          -6.58860
          -0.74293
           2.88833
          -2.07063
           0.07722
           4.79306
          -3.25712
          -2.96969
           1.94030
          -0.32735
           1.32586
           4.61355
          -2.05326
           0.11259
           1.05237
          -1.30688
           2.93222
          -6.26097
           1.74089
           4.19254
          -5.17251
           0.78678
          -0.63896
           2.64204
           0.92594
           2.18403
           0.52179
           1.44205
           0.90168
           4.48514
           1.48734
           1.36443
           1.45806
          -5.85980
          -1.76745
          -6.35428
           0.97533
          -3.43406
           5.29604
          -0.63766
          -1.34143
          -1.53022
          -2.20981
           5.10345
           0.49518
           0.92743
          -5.99121
           1.95392
          -3.91172
          -3.81112
          -4.37961
          -2.76667
           2.52511
          -0.20591
          -5.09545
          -0.79964
           1.65958
          -1.52769
          -0.30980
          -0.61742
          -3.39889
          -4.45441
           3.68029
          -0.59870
          -1.02638
           1.59658
           0.39982
           4.05240
           1.68443
           3.84532
          -2.90275
          -6.57531
          -0.31280
           6.36818
           3.60405
          -1.82489
          -5.12560
           2.65284
           2.51809
           6.85892
          -1.02280
           0.34970
          -1.39325
           0.84140
           6.95393
           3.15673
           3.74353
           3.36594
           0.90200
          -1.66892
           1.45527
           6.66885
          -1.42423
          -1.47331
          -2.61272
           4.24843
          -0.66725
          -0.07769
           5.14162
          -2.18685
           1.46269
           0.43248
          -0.14664
           0.29152
          -1.54580
          -3.17777
           1.65421
          -5.61060
           1.60373
           4.61983
           3.17586
           2.36881
          -3.13252
          -7.61302
           3.28073
          -1.87810
           4.16013
           3.02924
          -1.11513
           0.82479
           0.90111
          -1.33546
          -4.33683
          -1.57327
           3.48272
           7.82728
           0.19467
           3.52604
          -3.68042
           0.21313
          -1.72855
           2.68866
           1.17061
           4.32294
           2.60960
          -7.32613
          -2.49993
           2.56213
           0.34549
           0.88127
           0.11752
          -4.72142
           4.21818
           3.32762
          -0.94420
           3.81686
          -1.66629
           5.93601
           3.56423
           1.29837
          -1.98888
          -1.62993
           3.10790
          -7.06460
          -0.03944
           0.61295
           2.44222
           0.35581
           3.78669
           2.90007
          -6.46296
           3.93956
          -2.59589
           1.44172
           2.25319
           0.89096
           1.44419
          -1.95197
           1.25104
          -3.49414
           0.06448
           0.83199
           3.38340
          -3.28694
           2.89807
          -1.23832
           4.96710
           0.60314
          -2.30924
          -0.82821
          -7.58735
          -0.64548
           0.39072
           3.20790
          -5.17016
           2.79877
           3.93285
           4.28156
           4.37521
          -1.81093
          -0.92404
          -1.55020
          -1.02008
          -0.72346
          -0.30428
           1.49590
          -0.67908
           0.09710
          -5.08238
          -3.22023
          -7.11037
           0.69410
           3.43548
          -0.19009
          -2.55750
          -0.29403
           0.28894
          -3.44645
           5.17278
           0.48360
           0.10520
               NaN
          -0.84935
          -1.43922
           2.72839
          -3.10072
           5.52885
           3.63457
           5.53827
          -2.14698
          -4.43348
           5.49222
           1.62284
          -0.17524
          -1.11720
           0.32640
          -0.63570
          -1.20357
           0.90867
           3.20885
          -2.58612
           0.36223
           1.01184
          -3.67386
           3.18663
           3.70141
          -5.26693
           0.38484
           3.84104
          -1.99337
          -0.64055
          -1.02177
          -0.94381
           6.60035
          -0.18132
          -0.86082
           2.38665
          -8.21565
           0.55924
           0.89272
           5.23275
           0.65061
          -5.36687
          -2.27928
           3.04781
          -0.57891
           2.90992
           3.36435
           0.89359
           0.57318
           5.18602
          -3.46849
          -6.69880
          -3.94611
          -0.44079
           3.40318
          -3.44526
           5.41606
          -2.93074
           2.00232
          -3.29646
          -1.46483
          -0.87748
           3.71609
          -1.34002
           0.40557
           5.16257
               NaN
          -0.01625
           1.07720
           0.57619
          -0.82543
           1.42858
           2.39433
           2.47545
           0.78230
          -0.89012
           3.31403
           2.57435
          -3.06954
          -6.67133
          -0.75432
          -3.90082
           1.23257
          -3.83983
          -2.82171
           4.06823
          -4.39651
          -0.81734
          -1.10032
          -3.99617
           2.21668
           1.44711
          -2.57663
          -2.68069
           2.29481
           3.76085
           0.23751
           0.08419
          -1.24361
           2.46116
          -1.43068
          -2.60016
          -4.68202
           4.13874
          -1.15836
           4.38342
          -2.62218
          -0.00251
           1.26966
           2.19505
           1.54836
          -1.65839
          -1.49200
          -0.96440
          -1.20833
          -4.88762
          -7.16360
           1.33109
           1.95078
           4.93384
           3.59917
           1.01102
           1.15328
          -1.56226
          -3.07106
          -0.16794
           2.96498
          -4.62100
           1.85285
           2.94424
          -2.27705
           0.30027
          -4.65790
          -1.47873
           2.34283
          -3.40758
           1.66678
          -2.20601
          -2.18104
          -0.88554
          -1.18142
           1.42222
           4.28369
           4.49834
           4.51323
           2.97408
          -0.09192
          -1.44851
          -5.38897
           4.91622
           6.02190
           0.64195
           3.47525
           1.04906
          -6.18433
          -4.25995
          -1.09302
          -0.71003
          -5.64434
          -0.97383
           0.90176
           4.85471
          -1.35881
          -2.71609
           1.42737
           3.40747
           5.39341
          -3.60890
           2.23040
          -0.25677
          -0.14391
          -1.57142
           9.74550
          -3.51143
          -2.68178
          -0.32614
          -1.62000
          -1.13637
           8.43350
           0.18004
           4.89524
          -0.07284
           1.43697
           0.85014
           5.06771
           2.51949
          -4.40384
          -7.95676
          -2.70059
           5.33197
           2.26812
           5.81771
          -0.46147
          -6.93473
          -8.22193
          -3.70268
           8.27392
           1.31342
           8.82106
          -0.64371
           0.59809
          -2.87798
          -4.64215
           1.00267
          -2.57337
          -3.42350
           6.53613
           0.40703
          -2.05201
          -2.39904
          -0.26909
           5.59345
          -1.09581
          -1.21247
           0.23516
          -3.61676
          -0.90111
          -3.92829
           5.22006
          -6.74596
          -0.59238
           1.60396
               NaN
           0.37968
          -0.77418
           4.44180
           4.91895
           1.39381
          -3.18869
           0.58430
          -0.66207
          -5.31504
           4.05203
           0.51561
           1.79385
           0.64598
          -5.59455
           4.03379
          -4.01109
          -7.43212
           3.50948
          -3.85048
           2.75623
          -0.32147
           1.43149
          -6.19478
           0.63474
          -1.38303
          -1.67885
          -0.46506
           4.60640
           4.27027
          -4.72064
          -0.37799
           7.22326
           1.30006
           6.19972
          -1.05959
          -4.53318
          -9.74505
          -6.33396
           4.96864
           2.55867
           6.25845
           1.01559
           0.00979
           4.92851
          -8.68621
           0.27605
          -2.71329
          -0.10228
          -2.52335
          -4.69875
           0.71701
          -0.25844
           0.21077
          -3.22575
           2.65629
          -5.92143
          -1.55840
          -0.60976
           2.82055
          -3.46081
           0.70808
          -1.65151
           0.06781
          -2.51017
          -2.34063
          -2.55693
          -1.90949
           3.59274
          -3.08471
           1.39967
          -4.13368
          -4.02243
          -0.78430
           7.59440
           3.13944
           5.64169
           1.72953
          -0.36810
          -1.71107
           4.18453
           3.34269
           0.23009
           4.84569
           0.77858
           2.58138
           3.54497
          -4.42633
          -4.34823
           3.72054
          -1.02630
          -1.29965
          -4.26819
          -1.93913
           1.73932
          -2.62354
          -0.30170
           0.45622
           3.00526
          -2.00478
          -4.78834
          -0.18929
          -0.03996
           3.83488
          -1.48977
          -3.67145
          -0.08763
           1.72699
          -0.36564
           5.79252
          -1.48017
          -0.79404
          -0.09280
          -0.42900
          -5.69869
          -2.63681
           0.85029
          -5.70853
          -2.95643
           0.70306
           3.21822
           4.28914
           0.36495
          -0.39345
          -1.73395
          -7.98707
           1.75176
           6.28678
          -1.44992
           0.34436
          -2.19956
          -0.82183
          -5.74760
          -1.26300
          -2.74032
           2.78788
           1.41310
          -2.98079
           2.82627
          -1.72069
           1.55026
           2.15373
           4.70886
           0.29486
          -0.85383
          -0.72570
           0.87211
          -1.71954
          -9.80855
          -0.49080
          -0.12226
           0.98516
           4.60494
          -4.56690
          -1.22681
           0.84552
           2.66534
           0.10740
           6.27458
          -3.48744
          -1.57208
           1.58665
           0.22821
          -4.87440
          -1.54526
           1.36379
          -4.22605
          -1.14884
          -3.97333
          -5.36672
          -4.02992
          -3.78698
           6.40378
           0.27333
          -1.78435
          -1.17800
          -4.76300
          -5.05536
           2.68244
           3.82317
          -0.77872
           0.88807
          -1.55745
           0.13769
           1.29103
           2.99586
           3.15728
           5.34591
           8.99287
          -6.25000
          -1.54025
          -1.48222
           7.13317
          -5.48118
          -1.65658
           3.30258
           0.23400
           0.89871
          -1.40932
          -6.82395
          -0.10107
           3.68996
          -5.47524
           3.06431
          -0.89516
          -1.99849
          -1.87823
           0.39294
           1.55217
          -9.37779
          -9.51892
          -1.28475
          -3.57559
           0.71416
           2.64122
          -6.25097
          -0.34181
          -2.25346
          -6.17889
           0.13156
          -6.09743
           8.16056
          -6.44460
          -0.94380
          -1.49403
          -3.21565
           3.46903
          -2.48134
          -3.24103
           1.83637
          -4.36242
           3.16414
          -1.54240
           1.89250
          -0.69102
           1.51106
          -0.31416
          -0.56697
           0.38942
           2.54626
          -4.58322
           1.98380
           6.73292
          -3.88008
           8.01880
           2.50143
          -3.47785
          -1.30941
           1.32359
          -5.54248
           0.65207
           1.44738
           3.52324
           3.56995
           1.32571
          -0.85538
           2.84668
          -1.67992
          -5.94804
          -4.40539
           3.06353
           5.78991
           0.83308
          -0.55529
          -2.86936
           0.05119
           2.23374
           2.72806
           4.40058
               NaN
           0.95894
           5.08116
          -0.50265
           2.80993
           6.62622
          -2.31748
           2.89500
               NaN
          -2.13016
          -2.41416
           0.94016
          -1.15948
          -6.24024
          -8.10294
          -4.16789
           3.38460
          -1.48421
          -4.25173
           4.79291
          -4.13277
          -4.26188
          -2.01212
          -0.34248
          -2.80528
          -0.41814
           1.51164
         -10.02656
          -7.93679
           0.15285
          -5.03479
          -1.09823
          -7.43321
          -4.50930
          -5.06591
           2.38947
           3.77150
          -4.83595
           4.67779
          -6.28958
          -3.33322
          -9.49485
          -3.38344
          -1.27981
           0.00920
          -4.88871
          -2.16956
           1.36264
          -2.49804
          -2.59896
          -0.22661
          -1.34457
           4.71218
          -2.60876
          -0.67423
           2.08573
          -1.58388
          -6.04608
          -4.57334
          -2.89227
           2.52105
          -5.12569
           5.38946
          -2.69048
           6.05055
          -7.09151
           1.81948
           2.22129
           1.10444
           3.74341
          -2.92650
          -5.40806
           3.10730
          -1.89388
          -3.45256
          -3.40607
           1.53061
          -0.76199
           0.38908
           1.59593
          -2.96291
           2.00918
           9.31253
          -1.06407
          -0.09906
          -5.96519
           5.52411
          -1.61708
           6.09740
          -0.65829
           3.98308
           8.55610
           1.27860
           4.47248
           7.58733
          -0.66114
           0.89137
          -1.21199
          -3.37378
          -2.59171
          -1.74091
          -6.58043
          -4.39304
          -5.54496
          -2.45339
           4.15485
          -8.48754
          -4.29133
          -4.34125
          -1.49705
           2.67676
          -6.50682
          -6.54051
           2.89119
          -3.59946
          -4.48292
          -4.57776
          -3.55297
          -0.68170
          -3.15694
           0.49559
          -5.62509
          -2.78272
           1.12112
           2.28354
           6.11343
           4.05412
           5.20930
          -5.50465
          -6.97743
          -3.93755
          -4.67558
           4.35339
          -2.37096
           3.49170
          -1.35701
          -0.83179
          -7.54911
          -1.73646
          -5.11938
          -0.21823
           0.59099
          -3.23836
          -0.96566
          -1.25018
          -1.83030
               NaN
           2.27808
          -0.42059
           0.87961
          -2.43470
          -6.03587
          -2.23359
          -0.56125
          -3.85960
          -0.42843
          -3.62140
           0.39869
           0.49929
           0.02166
           0.90722
           6.35478
          -4.57062
           3.85462
           2.18250
          -3.38791
           6.96924
           4.41137
          -8.90752
          -4.32327
           0.30839
           6.86359
          -1.44903
          -3.25997
           0.43328
          -3.90093
               NaN
          -2.07576
           2.41601
          -5.03271
          -2.95326
          -0.68730
          -2.35272
           3.81596
           0.04572
          -5.96956
          -0.77230
          -2.19521
          -0.92168
          -0.11316
          -2.04941
          -0.11667
           4.01483
           3.82077
          -1.33557
           0.43617
          -0.25122
           0.61043
           6.85560
           5.22814
          -5.44287
           6.68059
           2.84627
          -4.10550
          -0.30518
          -7.18401
           0.04972
           0.32614
          -3.61451
           2.09913
          -0.13131
           1.22465
           1.17449
          -9.67269
          -0.32610
          -1.80473
          -5.64793
           0.45655
          -1.63568
          -1.50751
          -1.43010
          -4.64465
               NaN
          -2.76275
           4.50169
          -1.11734
           1.70417
          -3.66217
          -6.38773
          -5.75863
          -1.37891
           4.22955
          -1.18075
           1.64469
           2.06971
           1.20555
          -6.58254
          -1.68635
          -4.62636
          -0.29667
           0.40991
           1.30360
           2.67442
          -0.23416
          -3.66170
          -1.59835
           3.13383
          -7.24405
           6.09665
          -2.04650
           4.44619
          -4.10576
           0.76156
          -2.34733
           1.21472
           2.01932
          -0.34934
          -0.50601
          -2.24866
           3.55244
           4.80343
          -4.39923
          -0.97874
          -1.72036
           0.32103
          -1.98136
           1.95688
          -4.89008
           5.54252
          -3.03637
          -1.93822
          -0.79843
           5.68353
           2.39054
           3.66673
           2.10643
           5.51029
          -1.03247
           2.64682
           3.79431
          -8.75699
           0.35047
           0.99172
           1.89083
          -3.69518
           0.39790
          -2.98535
          -2.13559
           1.37034
          -2.30727
           0.16108
          -5.28106
           6.92474
          -3.49187
           1.69905
          -0.68683
           1.71515
           7.10612
          -9.15113
          -2.83979
           3.11752
          -2.68801
          -1.97006
           6.43691
          -1.77113
          -3.56930
           4.44559
          -2.29975
           1.38570
           5.51246
           1.40366
          -1.01542
          -0.59435
          -3.72063
           2.12563
          -6.40755
           1.76986
           4.83590
          -4.86482
           1.39859
          -0.64223
           2.87907
           1.58859
           0.57502
          -1.22433
           0.34726
           1.89016
           5.51642
           0.04738
           1.42148
           0.60028
          -7.01778
          -0.95115
          -6.74988
           2.36708
          -1.65082
           5.56029
          -5.64704
          -0.72480
          -1.63279
          -1.69025
           8.73052
           1.54703
           3.88028
          -5.07021
           1.52810
          -7.33183
          -1.72578
          -4.53516
          -2.85210
           1.30060
          -1.72946
          -7.91807
           1.18889
           4.65409
          -1.27040
          -2.56409
          -0.13532
          -3.59849
          -4.31445
           3.76936
           1.23627
          -1.04536
          -2.84172
           0.65658
           3.45986
           3.32318
           0.68194
          -3.59561
          -6.94440
          -1.77920
           3.80410
           0.33446
          -2.56613
          -5.59115
           3.49550
           3.83474
           7.99640
           0.14237
          -1.31709
          -3.75435
           0.90148
           7.97863
           3.52872
           0.63395
           5.12460
           0.65236
          -3.36114
           1.33373
           5.59668
          -0.51598
          -4.25323
           0.03542
           6.36964
           1.44558
          -0.90952
           6.29970
          -2.14930
           3.16199
          -1.23278
           0.16461
           3.17881
          -2.88275
          -2.90762
          -0.52524
          -9.80424
          -0.32148
           4.17594
           1.84247
           0.84011
          -1.99506
          -6.27345
           2.81479
          -3.48455
           2.18372
           3.25850
           1.85370
           3.21901
          -1.54172
          -0.78324
          -1.33060
          -0.40914
           6.34507
           7.34228
          -0.92468
           3.87691
          -7.17613
           1.78718
          -2.52733
           6.31862
           2.45390
           3.64657
           1.85232
          -9.53810
          -7.93477
           1.52887
           0.33711
           2.20054
           0.34859
          -4.33590
           6.39323
           2.62874
           1.25689
           5.34745
          -0.95393
           5.35179
           3.18845
          -1.72892
          -3.67955
           0.65918
           1.43734
          -8.45211
          -1.96630
          -3.41647
           2.69199
          -0.82904
           3.83392
           1.92950
          -9.81164
           0.97032
          -4.21057
           1.75147
          -2.51971
           1.35024
          -0.23670
          -0.71332
           4.82682
          -5.10673
           0.89095
          -0.19745
           4.61802
          -3.05953
           1.09501
          -1.93798
           5.62990
           2.41658
          -2.44524
          -4.12650
          -7.99743
          -4.60048
           0.10469
           3.35332
          -7.38592
           3.57865
           5.13724
           3.57196
           2.22308
          -2.07753
          -0.14571
          -0.42041
           0.02263
          -0.85967
           0.38298
           1.58254
          -3.56913
           2.74650
          -7.31547
          -4.55976
          -8.42397
           2.34710
           3.18065
           0.23310
          -2.23880
          -0.21938
          -2.12496
          -5.47328
           4.69842
           1.18053
          -3.52442
           8.27767
          -2.21240
          -1.60094
           3.18980
          -3.63572
           7.44522
           3.07169
           3.81305
          -3.50439
          -2.87981
           2.30942
          -0.30765
           0.83175
           0.92519
          -0.26638
           1.41371
          -2.64163
           2.07259
           1.28575
         -10.15088
           0.76039
           2.04789
          -5.75364
           6.40431
           2.55754
          -5.44056
          -2.70873
           5.02440
          -3.01885
          -0.83736
          -0.05642
          -3.13900
           5.35953
          -1.12321
          -2.87323
           1.42183
          -9.76900
           0.94467
           1.32271
           5.22843
           0.58152
          -6.38721
          -3.45665
           3.01997
          -0.62202
           2.83842
           6.74092
          -1.23768
           1.59680
           5.67547
          -5.17270
          -7.21760
          -5.03662
          -2.08910
           2.95630
           0.24254
           6.73114
          -5.25957
           1.80622
          -8.15615
          -7.65148
          -0.32330
           5.87396
          -0.14901
           2.11542
           4.06122
         -10.34120
          -1.44432
           3.59521
           0.21592
          -1.89637
           4.16332
           3.26152
           2.96626
          -0.66130
           0.17416
           2.92118
           0.92450
          -3.93754
          -7.63909
          -3.40842
          -2.89853
           2.05167
          -5.38177
          -7.44250
           3.84800
          -7.40788
          -1.70411
          -0.24647
          -8.76619
           2.97192
          -0.78324
          -1.67473
          -4.88878
           0.37716
           2.58361
           0.48170
          -0.20383
          -5.65298
           2.76454
          -0.23904
          -2.55797
          -7.26628
           3.75560
          -0.34576
           1.86384
          -0.95655
          -2.97295
           2.52180
           2.91283
           2.21260
           0.59628
          -2.45731
           0.35011
           0.82653
          -5.45026
          -6.31289
          -0.86735
          -1.93788
           4.07209
           3.44201
          -0.01213
           0.95446
           0.42971
          -0.81614
          -0.25427
           1.57817
          -5.03675
           2.12028
          -3.41755
          -4.11362
           1.73363
          -4.42962
          -3.19249
           3.80985
          -5.00870
           2.06031
          -1.34896
          -2.39103
           1.41975
          -4.73433
          -3.30034
           0.74451
           0.86942
           4.10205
           1.56021
          -4.12364
           0.18574
           0.75018
           2.81207
           4.92303
          -1.79955
          -0.53549
           4.44705
          -3.74588
           0.38136
          -5.77871
           0.04946
           2.91824
          -2.45741
           1.27401
           1.52896
          -2.19139
           1.03520
           1.07935
           3.55083
           0.28823
          -1.59317
           0.03402
           3.64791
           0.53338
           0.54496
           9.05653
          -4.06420
          -1.40764
           5.80183
          -8.08345
          -0.99920
           7.08080
          -1.53192
           4.46631
           2.93864
           4.22640
          -2.51069
           3.24040
           5.52629
           1.23721
          -4.46239
           0.83937
          -0.15550
           6.86508
           3.06165
               NaN
           2.05360
           1.33279
          -8.13866
           3.12484
           6.02243
           1.40068
           3.92332
           1.70325
           2.79796
          -1.79585
          -1.00790
           6.40161
          -2.54540
          -0.46755
           0.90559
           2.73873
           5.94866
          -0.56614
          -2.17312
          -2.22101
          -0.61148
          -1.59816
           9.21367
          -7.05960
          -2.00510
           1.42515
           0.28853
           2.11833
           4.36312
          -1.01442
          -4.91667
           1.59840
           2.34813
           4.83054
           1.43021
          -0.33511
          -2.64846
           9.52357
          -1.61478
           3.21779
          11.34456
          -1.76419
           2.87202
          -5.73736
           2.75772
           6.16591
          -4.28223
           8.99991
           2.19164
           3.06823
          -3.43450
           0.20105
           0.16096
          -2.57983
          -2.68712
           7.70545
           3.16669
           3.83301
          -1.82130
           0.91491
           4.07334
           3.43096
           1.07642
           4.87764
          -0.04731
          -0.32467
          -4.48635
          -0.52900
           3.24396
           3.05299
           5.39443
           3.86033
           0.19639
          -3.34809
           4.13370
          -0.47736
          -4.68770
          -0.67494
           0.95444
           8.31657
           1.72252
           2.19547
           4.59633
           0.80194
           4.42924
          -5.24792
          -0.45644
           1.45919
           3.82647
          -2.83971
          -4.34611
           2.65938
           1.57570
           2.68424
           5.17141
           0.51181
          -0.96232
           7.94171
          -5.37541
           0.41191
          -5.57903
           1.17197
           7.49346
           4.66408
           0.98321
           2.67061
           3.54297
          -0.84092
           2.37972
           8.48547
           0.09436
           0.94719
           0.61475
          -6.95659
           3.71045
           2.90589
          -3.24759
           4.52704
           0.87915
           2.27073
           4.17169
           4.74888
           2.77387
           3.99773
          -3.71794
           1.10927
           2.52492
           0.17016
          -0.48150
          -1.13718
           1.66479
           2.51213
          -2.50758
           4.96226
          -0.92178
           6.99969
          -2.85873
           3.16518
           3.68199
           0.25464
          -2.61015
           9.45931
           5.24391
          -9.92209
           3.65899
           1.68183
           2.32134
           4.76650
          -1.61898
           3.13899
          -1.45803
           7.40948
               NaN
           0.22451
          -1.04912
          -0.93764
           3.08300
           1.30543
          -1.60928
           2.37962
           2.89729
          -5.04886
           2.18586
          -0.85521
           0.63001
           0.70710
           5.75190
           1.25886
           4.12853
          -5.15579
           4.01220
           3.97412
          -5.26803
          -0.70390
          -5.22721
               NaN
           7.48299
          -4.53763
           0.25631
           4.23097
           6.25267
           3.77543
           3.27304
           2.76242
          -0.52402
           0.05623
          -1.54331
          -0.50205
          -1.44269
          -0.27081
          -6.31884
          -2.77205
           3.55030
          -2.32619
           1.33131
          -1.34873
           4.88638
          -4.72286
           1.05067
          -3.39042
           0.23830
          -0.30940
           0.28023
           5.66934
           2.61567
           0.69887
          -3.38983
           5.98648
           0.00755
          10.88672
           0.20460
          -1.58541
          -2.67325
          -7.77800
           1.46509
           5.34313
           7.38973
           5.28940
          -6.15897
           4.67806
          -5.09142
           8.56082
           1.19822
           0.37537
          -1.01719
           4.72146
           5.50692
           3.47941
           1.46730
          -1.13519
           4.42948
          -3.40370
           2.02094
          -2.35633
          -0.04813
           4.66384
          -2.30555
          -0.20851
          -0.15293
          -7.20512
           0.36541
           8.27660
           9.73891
           5.89758
          -3.47273
          -7.52346
           4.67827
          -0.52712
          -1.37331
          -3.62688
           5.17723
          -2.92367
          -0.64906
          -4.35870
           1.58141
           1.38089
           2.36810
          -4.59250
          -0.26029
           1.71819
           5.14897
          -2.50769
           8.14494
          -1.29813
           0.08056
          -7.72771
          -0.85096
           0.28187
           4.06948
          -3.77753
           3.21087
           3.35066
          -7.70567
           6.00500
           6.30149
               NaN
           3.22434
           0.62712
           2.95964
          -2.98552
           0.84512
           0.36950
           6.52757
           3.25647
           2.87952
           0.02467
           0.43975
           0.37251
           1.13298
           7.11998
          -0.94922
           2.70556
          -0.80431
          -3.17032
           1.56002
          -2.89501
          10.87593
           6.75937
           1.56990
          -2.37328
           0.97171
          -2.78449
           4.23263
          -2.97026
           2.59033
           1.23687
           9.08006
           4.06014
           2.37976
           1.77726
          -0.44404
           3.57026
          -2.51678
          -0.55766
           5.50922
           4.17132
           6.15613
          -0.94508
          -0.81166
          -1.26804
          -4.63461
          -1.82754
          -0.62354
           2.01739
           2.60796
          -3.92228
           1.39623
           3.23998
          -4.58366
           5.59526
           1.75608
           3.96543
          -0.18140
          -0.86487
           6.45879
           1.18160
          -4.64361
           3.09125
           4.21715
          -5.78055
           2.24735
           2.57141
           2.42150
           0.82684
          -3.62948
           2.94358
          -2.37255
          -0.02485
          -5.06190
           3.70965
           0.65005
           3.78192
          -1.97176
          -1.38783
           3.12753
          -7.57509
          -6.37012
          -4.92930
           3.10967
           6.85575
           3.15132
          -0.68641
           5.96897
               NaN
           2.99419
           8.16890
          -2.00983
          -0.28688
           1.37196
          -3.32644
          -3.62245
          -4.71189
           4.53863
           5.64100
           4.10787
           2.58423
           0.34084
           2.24852
           5.71851
          -1.13180
           2.98283
          -0.54202
           0.27213
           2.39059
           5.71049
          -1.15361
           5.17924
           1.62011
           6.20767
           2.40414
           2.60833
          -4.21726
           1.04120
           4.73940
          -2.15318
          -6.03793
          -2.55688
           5.74371
          -1.25978
          -1.00781
          -0.22139
          -0.35220
           6.61707
           3.46944
          -1.19115
          -0.32790
           5.08151
          -2.96635
           2.18757
          -3.44359
          -0.93378
          -0.14047
          -4.32026
           0.87974
           4.11216
          -0.04334
          -6.20162
          -2.83747
          -4.31777
           6.65865
           2.40220
           0.34659
          -6.68046
          11.30697
           3.02954
          -0.10343
           6.00767
          -1.16445
           9.28148
          -1.88691
           6.77406
           5.52076
          -1.50354
          -4.45783
           4.83241
           5.11584
           1.22375
          -6.38340
           1.52484
           3.98848
          -4.79170
           7.19787
          -1.23329
           1.17164
           2.95751
           5.45272
          -4.50478
          -2.33168
           0.74878
          -5.41865
          -2.73127
           6.97523
           3.93274
          -9.07214
           7.24334
           0.16773
           2.93630
           0.59127
           2.33028
           3.89139
           1.42406
          -0.77538
           7.08658
           0.38809
           5.33278
           0.85353
          -7.65610
          -1.45911
           6.75777
           0.87111
          -3.43216
           2.85224
          -0.27437
          -3.68432
           3.07374
          -4.17896
           1.04311
          -4.81655
           2.80444
           1.37248
           2.21711
           0.57967
           0.71874
           4.67695
          -4.14535
           2.20698
          -1.55353
           9.14888
           5.15442
           3.64449
          -0.47180
           3.56927
          -0.78425
           0.13980
          -3.39080
          -3.65060
           7.16036
           3.19051
          -0.39478
           5.51751
          -4.98113
          -6.44811
           5.24261
           2.13219
          -0.10896
          -6.35761
          11.29827
          -3.41362
           1.26473
          -0.91443
           0.67472
          -2.97737
          -4.91166
           1.85556
          -6.01095
           1.68412
          -2.26871
          -2.48649
          -1.14263
           1.76532
          -1.37951
          -2.12416
           1.70745
           0.38307
          -1.59428
          -1.70735
           3.04646
          -4.14157
           0.37161
          -6.08432
           3.65983
           0.37341
           4.16344
           2.51376
          -4.38653
           5.32224
           3.82114
           1.89509
           0.03681
          -2.29008
           6.96632
          -2.50919
           9.60859
          -6.81496
          -0.02895
          -6.59909
           0.02571
          -0.13886
               NaN
           0.42143
           0.94999
          -0.61166
          -5.72378
           7.78904
          -2.59605
           3.11378
          11.37458
           3.86503
           4.81446
          -1.00600
           1.50247
           2.10877
          -2.07092
           4.51116
          11.41263
          -1.78211
           0.47215
           1.45642
          -3.53247
          -3.76230
           7.69809
           1.78520
           2.10489
          -7.19382
          -0.08833
           4.57241
           2.68403
          -5.76529
          -1.00359
           5.11824
           1.89434
           1.44872
          -2.26218
          -1.38841
           4.42964
           3.06297
           0.25461
          -4.40593
          -7.46340
           2.18389
           4.41920
          -8.40389
           7.75290
          -4.15942
          -4.72185
           1.05760
          -2.38341
           2.69810
           2.51222
          -1.05747
           3.43686
           2.09547
          -5.69567
          -1.98573
          -2.17096
           2.90942
           1.22765
           3.13842
          -7.72617
           1.96368
           3.75468
           2.65415
           4.25586
          -6.02043
           1.69334
           3.13677
          -5.67745
          -0.21724
          -0.63361
           2.25306
          -0.16149
           4.82447
           3.38722
           3.23862
          -0.72044
           2.79276
           3.85037
           1.27081
           2.86570
          -3.95952
          -3.10702
          -5.70508
          -1.30857
          -6.36040
           4.86241
           7.58289
          -2.35334
          -1.36190
          -3.06242
          -0.84868
          -1.23094
          -3.91828
          -7.50262
           2.65271
           1.70077
          -7.23323
          -4.12435
          -2.62649
           4.53458
           2.29428
          -0.46344
          -4.06288
          -3.25449
          -1.94990
           3.38957
          -1.40856
          -3.07134
          -4.68410
           3.53413
          -3.60994
          -0.99523
           8.87996
          -0.02154
           5.02477
          -1.00481
           9.03654
          -1.76574
          -5.96961
           2.09362
          10.57592
           8.96954
          -0.60851
          -4.36163
           1.27003
           0.35743
           4.99228
          -2.93489
           3.08496
           2.48137
           0.74281
           5.27235
           2.54629
           8.84645
           0.47994
           1.31168
           1.10807
           1.65473
           8.42830
          -2.91470
           3.08864
          -6.95840
           0.76745
          -4.13448
           1.28736
           3.24118
          -2.24847
          -1.32593
           3.16522
          -0.65740
          -4.44662
           0.64819
          -3.62109
           5.23076
           1.27129
           4.76305
           5.34828
           5.36398
           4.87743
          -4.99914
          -9.81130
           4.04536
           0.75813
           7.40348
           2.65303
          -5.98706
          -3.10421
           4.90988
          -2.24168
          -9.27014
          -3.48364
          -1.21447
           8.62319
           2.03156
           2.95024
           2.05615
          -2.36992
          -0.41773
          -3.26822
          -0.93530
           5.43289
           3.85233
          -3.69622
           6.41880
           4.25774
           0.35924
          -1.28368
          -0.26167
          -5.35407
           0.64886
           4.47449
          -4.55627
           1.30513
          -2.83529
           6.89475
           4.18091
           6.26624
           0.78556
          -5.38643
           5.84936
          -4.78767
           3.12259
           7.22534
           2.03233
           2.30019
           3.70917
           4.49279
          -0.96768
           8.81219
           0.05385
           0.93342
          10.08565
           0.13727
           4.20259
          -3.98464
          -4.61691
          -0.84783
          -1.29178
           2.52133
           1.35735
          -3.66013
           5.85695
          -0.09015
           3.87943
          -2.37277
          -2.08607
           4.58438
          -6.91439
           5.84481
           0.86010
           2.96925
          -1.53402
           1.51897
           1.95640
           5.44603
           7.90691
          -1.37343
          -2.20131
          -3.40421
          -2.73120
          -0.49994
          -1.43209
           1.35372
           4.06358
          -4.25065
          -1.41782
          -1.02201
          -4.95472
          -2.01851
           3.85366
          -0.88455
          -3.08051
          -0.41654
           4.25021
          -0.12036
           5.95122
          -0.66010
           6.06152
           9.83826
           1.38745
          -1.17383
           1.97119
          -2.22277
           2.38403
           4.55827
           8.36941
           0.08058
          -6.98309
          10.71529
           4.79082
          -1.82773
          -4.46883
           1.29916
          -3.99884
           1.15633
          -1.00136
           6.36472
           9.82788
          -0.29117
          -0.68836
          -0.26088
          -2.09369
           5.57853
          -4.98199
           5.46148
           1.89910
          -0.31054
          -0.31758
          -2.60594
           2.65856
           8.63659
           1.36434
           2.44161
           3.96995
          -5.66655
          -0.07327
           0.18708
           5.23985
           0.76400
          -3.69245
          -0.34718
           3.09348
          -0.50815
           3.02726
          -2.17670
           4.39108
          -1.10662
           4.38282
          -0.67183
          -5.84743
          -2.15654
           2.26415
           4.13651
          -9.49704
           3.25798
           0.89096
           2.32412
           4.67843
           8.68764
          -1.78691
           0.17495
          -3.29450
          -2.40035
           6.96991
          -8.85166
           2.32726
          -3.05495
           1.16740
           0.93202
          -3.05922
           0.97123
           1.67002
           3.15130
          -2.63663
           3.95872
           5.28180
          -1.64512
          -5.08321
           3.60114
          -5.54561
          -0.11160
          -1.30945
           4.76116
           4.42963
           0.54523
           0.63788
          -2.50153
           3.83156
           0.97732
           5.10720
          -4.05667
           0.94285
           5.44173
           5.69274
          -0.16322
           0.55685
           5.99230
           1.96330
          -3.38620
          -2.66939
          -0.44118
           4.76749
          -2.49186
           8.51814
          -5.35552
           4.87207
          -0.78513
           1.01714
           0.45831
          -5.35838
           0.09211
          -3.12155
          -4.54761
          -3.96431
          -8.55963
           4.93879
           8.33220
           6.34798
           3.85708
           2.69004
           1.47956
          -4.83116
          -6.77145
          -0.02627
           5.24079
          -3.93874
           1.41399
               NaN
           0.73681
          -2.05192
          -5.03250
           1.33360
          -0.06461
          -0.78010
