           2.66962
           0.69061
           1.52031
           1.62612
          -2.67589
          -2.50682
           0.12237
          -0.07614
           0.67101
           1.21564
           0.81885
          -0.29724
          -0.44223
           3.25565
          -0.09601
           1.30709
          -2.13450
           1.65375
          -3.09115
          -0.87963
           0.74344
           1.17020
          -0.81736
           1.30585
           0.88501
           3.08559
           0.48860
           4.96979
          -0.14144
          -2.50310
          -0.00356
           2.96071
          -4.67827
           2.02392
          -2.15693
           0.44861
           1.33224
          -0.67944
           2.05987
          -4.48609
          -0.77902
          -0.19425
           3.38532
          -1.67449
          -0.90099
           0.64171
          -1.68745
           1.82502
           0.62981
           1.40305
           2.70829
          -1.64702
           1.51267
          -1.62295
           2.41190
          -2.19301
          -2.96081
          -0.42668
          -3.00812
           2.33857
          -0.65452
           1.59034
          -0.97903
          -0.22263
           1.36875
           0.78707
          -2.02224
           2.13499
           1.04180
           0.99654
          -0.22794
           0.89089
          -1.50374
           1.24820
           0.11484
           0.74410
           1.24766
           1.93124
           2.39254
           0.14366
           0.89306
           0.57424
          -1.34029
           0.76911
           0.58533
          -2.53607
           0.09534
          -2.67901
           3.55019
          -2.90121
          -3.04567
           0.02825
          -0.03418
          -1.00238
          -1.53058
          -2.65661
           0.95011
           0.70137
           0.59264
          -2.15561
           1.30534
          -0.12247
           2.81697
           1.15649
           0.34837
           0.02597
           1.41565
          -1.12042
          -0.32467
          -1.20091
           1.50584
           1.93492
           1.74323
          -1.57873
          -2.02751
               NaN
          -0.78054
          -0.05569
           1.60740
           1.76394
          -1.72346
           1.88922
           1.46675
           2.26881
          -1.25414
           2.17104
           2.50828
          -0.14983
           0.43731
           0.93313
          -1.15241
          -3.18479
          -1.06652
           3.73953
           1.15208
           0.53521
          -0.63691
           0.50922
           3.47890
          -1.26816
           1.93076
           0.31806
          -2.94736
           0.28070
           2.54120
          -0.91550
          -2.14384
           0.00132
           1.08742
           2.40317
          -3.90579
          -2.66286
           5.24220
           1.94248
           1.06845
          -1.34933
          -3.19889
           3.09285
          -0.74250
           0.22129
          -0.68408
           0.35841
           5.24922
          -0.74552
           1.19104
           0.02677
           0.17218
          -0.15024
           0.48282
           2.31327
           1.81729
           0.40749
          -0.97588
          -3.66253
          -0.80376
           1.72186
           1.11476
          -2.17318
          -1.83164
          -1.13873
               NaN
          -1.69639
          -4.28536
           3.17875
          -3.66152
           0.20131
           1.26589
          -1.85528
           0.82315
           1.33516
           0.45322
          -1.25605
           0.85381
           0.52318
          -1.81664
           1.99389
           1.84558
           2.16145
          -0.68078
          -0.77834
           1.96473
           1.96695
           3.74048
          -0.02987
          -3.71175
          -0.72882
          -1.61307
          -0.80139
          -1.59671
           0.73458
          -0.99017
          -1.37151
           2.52878
           0.26142
           1.12272
          -0.57905
           1.31526
           0.56971
          -0.31497
           0.88053
           0.01891
          -0.51044
           0.36756
           0.95922
          -2.16424
          -1.03853
           1.86737
          -0.63106
          -2.76645
          -2.70680
           0.61598
           1.11605
          -1.05314
           1.62226
          -0.62071
          -1.55924
          -2.24221
          -1.28948
           2.03062
           0.32159
           0.92065
          -0.63529
          -3.89607
           0.96844
           1.31288
           3.12175
          -0.26184
           2.35709
          -1.78975
           0.79687
           1.94598
          -0.68595
          -2.72652
          -0.48006
           3.92655
          -1.75507
           2.82620
          -0.42947
          -1.23551
           3.39076
           0.74928
           0.85241
           3.82141
          -1.43876
          -0.64328
           2.84882
           2.28597
           2.69244
          -1.92804
           4.17483
           1.68549
          -0.02694
           1.64279
          -0.54655
          -0.61530
          -0.63672
          -0.92169
          -2.04930
          -1.24203
           1.52236
          -1.93600
           0.66503
           0.19053
           1.15468
          -4.68305
           1.08578
           2.02549
          -0.44864
           0.77857
           3.23092
          -0.82103
          -2.20244
          -1.08150
           2.39695
           4.44589
          -0.02213
           0.47740
           2.18294
           0.66609
          -3.24565
           5.09681
          -2.52995
           0.78619
          -2.35843
           2.23087
          -3.72539
          -3.46390
           1.05522
          -2.19482
           1.29840
           2.46802
          -0.08004
           0.63529
           1.57275
           0.98065
          -1.03043
          -2.03748
           1.46429
           1.70781
          -1.86007
          -1.96967
          -0.10800
          -1.79870
          -2.33395
           0.94046
           0.42109
           0.33831
          -3.18086
          -0.61518
          -0.10945
          -0.00615
           1.20360
          -2.73073
           1.67655
           2.72392
          -0.18525
          -0.55646
          -2.00966
          -1.58360
          -3.08978
          -0.65211
               NaN
          -0.51436
           1.41052
           1.09063
               NaN
           0.26094
          -2.26704
          -1.61533
          -1.45753
           0.97512
          -1.51792
           0.08217
           0.32744
           3.10550
           1.94201
           0.41528
          -1.06660
           5.22981
           1.30162
           1.04150
           1.48889
           1.15259
          -0.62702
           1.75183
          -0.98097
          -1.59660
           2.31799
          -0.00685
          -0.31917
          -0.01400
           0.70028
           0.45429
          -2.04217
          -0.49122
          -2.14011
          -1.46521
          -1.14747
               NaN
           4.02237
          -2.86719
           2.78799
           0.29535
          -1.06431
               NaN
          -3.18867
          -2.53066
           2.00016
          -3.01247
           4.49048
          -1.13127
          -0.28078
           0.47037
          -2.38017
          -2.03337
           1.72120
          -0.68878
           1.78536
          -1.05814
           0.32431
          -1.19209
           0.24523
          -2.23518
           0.65279
          -0.78365
          -0.09732
           1.97943
           1.03571
          -0.80878
           2.07389
          -2.40735
          -4.07906
          -0.86044
          -3.18951
          -1.72469
          -3.03471
           2.31143
           0.85941
          -1.05889
           0.80514
           1.94817
          -0.52779
           1.79678
          -1.18979
          -0.59473
          -0.90725
          -0.34411
          -0.15131
          -0.48211
          -1.79605
           2.60396
           1.30490
          -0.03169
           1.66925
          -0.23651
           0.41000
           0.73040
           1.51710
          -3.08360
          -2.33037
          -2.25841
          -1.36322
          -2.12192
           5.40275
               NaN
          -1.36982
          -1.32914
           2.28112
           0.34737
           0.71265
           2.76865
           0.13929
           1.54828
          -4.80999
           0.11303
           1.31360
           4.11469
           0.69724
           0.15238
          -3.31871
          -1.84215
           0.53103
           0.63138
           1.29396
          -0.82774
           3.47369
          -0.24752
           4.28767
           3.25381
           1.22684
           2.04737
          -1.60045
          -0.86955
           0.53594
           1.77603
          -3.60608
           0.84586
          -0.77896
           0.58694
          -2.40399
           0.27015
           1.01200
          -2.26288
           0.46325
           4.59332
          -2.90053
          -3.10024
           1.25296
           2.40260
           1.04936
           0.53194
           0.85312
          -1.02103
           3.20157
               NaN
          -0.21254
          -0.03078
           0.65049
           2.47894
           2.94404
          -2.07492
           1.67580
           1.36421
          -0.88329
           3.38604
           0.89965
          -0.10580
          -2.64117
          -0.56721
          -3.04843
          -1.49857
          -2.13994
          -2.65849
           0.72389
           1.50103
           0.32945
           0.98783
          -2.76236
          -0.57775
          -1.91235
           0.15846
           1.49396
           0.17886
           0.55620
           2.48153
           1.00910
          -0.72761
          -0.25667
           0.96625
          -1.23787
          -2.85775
          -0.30906
           2.42328
           2.07814
           0.85706
           2.75165
           1.27004
          -1.68682
           1.04402
          -1.52289
          -1.92973
          -1.86894
           1.63065
           0.16438
           0.34229
           1.21459
           1.91599
           0.56543
          -3.27125
           4.41922
           1.40193
           1.40860
           1.49839
           3.31082
          -2.31088
          -0.59895
           2.66555
           0.75815
           2.04122
           2.56004
          -1.38386
          -2.04674
           2.31128
          -0.23861
          -2.86819
           2.54092
          -0.60139
          -0.33007
          -4.44783
           0.36509
          -2.49333
          -2.44844
          -2.52515
           2.30580
          -0.77508
           0.25119
          -1.73921
           4.07739
           3.57498
          -0.37056
           2.24150
           2.73421
          -2.14606
           0.73201
           0.40547
          -1.52126
           2.35400
          -2.03643
           0.49889
           1.21301
          -3.10887
          -2.09337
           0.60852
          -2.06321
          -1.00971
           0.41914
          -2.21873
           1.53588
          -1.47510
          -0.03347
           0.24190
          -0.78622
          -0.90064
          -0.36423
           1.48435
           2.69259
           3.03984
           0.32268
           2.02104
          -1.30727
          -1.97187
          -2.16832
           0.34660
          -2.56658
           1.23276
           1.01975
          -0.34372
           1.44405
          -2.89453
           1.81153
           2.55453
           1.21136
          -1.52649
           0.66066
          -0.94091
           1.16280
           0.94114
          -0.14474
          -2.56762
          -0.41136
           1.48180
           1.39198
          -4.58367
           0.45120
          -0.49763
           0.06274
          -0.22006
           0.97411
          -1.10833
          -2.79376
           0.22179
           1.65478
          -1.09196
           1.98641
          -2.59651
          -3.19904
           0.71414
           4.61615
           0.78086
           2.03264
           0.10447
          -1.01187
           1.05959
           2.71151
           0.26708
           3.12107
          -3.09729
           1.30836
           3.69335
           3.18797
          -0.69453
          -1.85383
           0.64339
           1.50227
          -0.73895
          -2.54301
           0.74849
           3.73142
          -0.29829
           1.95322
           3.83215
          -0.34378
          -0.42246
          -1.20584
           2.69094
           0.81143
           1.45291
          -0.93891
          -2.68620
          -1.88248
           0.66382
           3.20788
           0.82073
           2.77214
          -0.67332
           0.30744
           0.06203
           1.89946
          -0.19816
          -3.47328
           2.60633
           0.77032
          -0.99370
           1.42815
           0.87689
          -0.25643
           3.05563
           0.02249
          -0.52205
          -1.72047
           0.04499
          -2.17348
           0.57114
          -1.40616
           1.14022
           3.14018
          -1.47500
          -1.60764
           0.69614
           2.51404
          -2.92242
           0.30285
          -0.29161
           1.35420
           1.83651
          -0.73897
          -0.58085
          -1.64754
          -1.60541
          -1.80006
          -0.20079
          -2.03395
          -0.95522
          -1.03980
           4.46260
          -0.86655
           1.73142
          -1.48455
           4.97674
           1.23206
          -0.07693
          -2.04005
           0.29236
          -0.37072
          -0.75117
           4.10665
          -0.63072
          -0.68739
          -2.56791
          -0.70044
          -1.53921
           0.91308
           2.52801
           1.25452
           0.04001
          -1.92767
          -0.18379
           2.25174
          -0.53507
          -0.44300
           3.05268
          -1.47364
           0.28331
          -2.49263
          -1.83338
           0.81038
          -1.37504
          -0.13862
          -1.85152
           2.43675
           1.31907
           0.34678
           2.23782
           3.51878
           1.51983
           1.17074
           0.61636
          -0.94970
          -1.65854
          -0.21411
           2.25660
           0.03608
           1.75944
           0.37074
          -1.84704
           0.32185
          -0.08279
          -2.19848
          -0.58677
           0.79519
           1.50451
           0.28621
          -2.46730
          -0.74219
          -0.03972
          -1.10501
          -1.22184
           0.23998
           2.64546
           1.84670
          -0.61269
           1.74817
          -1.65915
           2.97040
           1.76403
           2.08042
           3.15169
          -0.62870
          -1.19620
           0.25265
          -0.60904
           0.37178
           2.57039
          -2.09583
           2.01426
          -3.50291
          -2.07296
           3.91665
           2.46176
          -0.80699
          -0.84632
           0.35854
          -1.74199
           0.78331
           3.44295
           1.57071
           2.18387
           0.77111
           1.38138
           2.48471
           2.39708
           2.40968
           2.43494
           1.94180
          -0.18674
          -0.30584
           1.21668
          -1.27187
           1.73601
          -1.29603
          -0.23664
           1.22874
           2.46230
          -0.29988
          -1.47337
           1.43493
          -1.24245
          -0.23704
          -4.61669
           1.11459
           0.41252
           2.12396
          -0.44316
          -1.08097
           1.29103
          -1.09657
          -0.81355
           2.38891
           0.44276
          -1.17640
          -3.59012
           2.71244
          -0.27622
          -0.57600
          -2.79036
          -1.24676
           1.29081
           1.84451
           1.76057
          -1.66706
           2.27415
           0.46006
           0.93087
          -0.79189
           1.29853
           3.17177
           1.17186
          -1.42324
           2.10998
           1.14370
           2.49312
           2.14029
          -1.62098
          -3.15362
           2.34400
          -0.67217
          -1.74470
          -0.23420
           0.91587
           2.46922
          -1.97909
           1.22506
               NaN
           5.08447
           1.03904
           2.90833
           1.58360
           0.56787
           2.84212
          -1.10606
           1.79636
           1.21522
           3.88749
           0.58522
           0.43680
           2.08732
          -0.26326
          -0.81614
          -2.08639
           0.97792
           3.01752
          -0.18806
           5.39140
           1.30577
          -0.52370
           1.94174
          -3.44062
          -0.59422
           0.83977
          -0.75611
           1.08298
           4.05070
           0.03053
          -1.41779
           1.07665
           1.60135
          -2.41785
          -0.51354
           0.35772
          -2.98163
          -2.84927
          -0.93225
           0.42304
          -2.20394
          -1.14699
          -1.90669
          -1.90306
           2.96444
           0.38155
           2.30844
           0.35216
          -1.02873
           1.02862
           2.22796
           3.16568
          -1.84770
           1.76423
           0.22731
           1.95817
           1.71061
           2.67597
          -3.50776
          -2.81480
          -0.55662
           1.25648
           2.10202
          -1.38717
           4.03256
               NaN
           0.54924
          -1.22728
          -2.42548
          -3.03133
          -0.80991
           2.36862
          -0.69293
           0.32457
          -1.21931
           0.58711
          -3.05246
           1.50405
          -2.18899
           0.22413
          -3.99764
          -1.08327
           0.86087
           0.54765
           1.15285
           1.00428
          -1.32095
           2.59354
          -0.67634
           2.24392
          -1.42284
           1.84349
           1.73085
           2.19572
          -0.18176
          -1.29013
           0.26957
           1.09042
           2.67232
           1.19611
           0.32706
          -3.84010
           2.85993
           0.22612
           2.50496
          -2.66128
          -0.02293
           0.05185
          -5.01679
           0.20625
           1.69315
          -1.72836
          -0.82395
           2.52601
           0.33188
           1.36821
           3.09900
          -1.62934
          -0.37256
          -0.61064
          -4.76773
           2.29244
           8.88058
           1.39104
           0.59619
          -3.85387
          -2.31666
          -1.06419
          -2.50068
           1.23819
          -4.02752
           2.15315
           0.07544
           8.74509
          -2.74390
           5.70111
           3.67086
          -3.00666
          -2.57923
           4.37296
          -1.83547
           2.70732
          -2.67033
          -3.92053
          -6.85582
           0.79482
           9.80256
          -2.19405
           0.50893
           0.64917
          -3.97385
           1.51662
           0.02673
          -3.14927
           5.05481
          -4.55998
           6.06246
           4.92043
          -0.44945
          -4.27981
           0.99682
           0.41939
           2.59587
          -3.71182
           0.65765
          -2.35948
          -0.72274
          -5.08861
           2.30718
           0.52211
          -0.01841
          -2.10260
           9.01906
           4.83347
           5.14061
           9.05403
          -2.14942
           1.61084
           0.05967
          -3.66956
          -0.87944
          -1.78483
           2.41414
          -1.28236
          -5.00178
           2.93373
           0.76157
           0.92169
           0.43351
           4.29717
           0.14622
           5.17595
          -3.48721
          -5.30014
          -5.47803
          -4.53136
          -1.32896
          -4.82442
          -5.11592
           2.25113
           0.20276
          -0.76279
           3.21856
          -5.95100
           0.67993
               NaN
           6.54979
           4.60044
           0.29656
          -0.23308
          -2.78229
           4.21512
           7.96257
           1.97592
           2.30760
          -5.82771
           7.10472
           2.83798
           1.80710
          -4.59194
          -1.38935
           0.80759
          -1.06133
          -2.63072
           1.51441
          -0.37468
           3.74390
          -1.70485
          -3.71858
          -0.95784
          -1.74793
           4.12132
           7.88475
           3.66817
          -0.15101
          -2.20225
          -1.45394
          -1.92787
           0.68665
          -1.73543
          -7.02632
           1.77819
          -4.00278
          -0.68011
           1.06268
          -1.36244
          -1.93544
           4.99794
           5.84593
           1.06686
          -7.89409
          -0.99456
           1.65253
          -0.59007
          -3.38371
          -8.05958
           3.62610
          -0.37816
           1.49756
           1.76711
          -0.95979
          -3.02524
           5.87798
           8.84846
           0.14051
          -1.26401
          -3.46056
           5.97999
           1.35362
          -8.58222
          -5.04445
           5.68431
           0.94459
           5.70016
          -2.97100
           2.56035
          -5.36735
           5.05652
          -5.00618
          -6.95150
           0.46178
          -5.79327
           3.59586
          -1.35556
           2.52289
          -2.92082
          -5.85138
          -2.59324
          -3.39626
          -0.48071
           3.79445
           0.67248
           0.03185
           0.68345
           3.12023
           6.54085
           2.50278
               NaN
           2.22640
           6.97728
          -3.65239
           7.85703
           1.93998
          -2.04101
          -0.49196
          -3.72230
          -3.86600
           3.90797
           0.39508
          -1.93077
          -3.56860
           5.59067
          -3.24856
          -0.87067
          -5.53204
           4.75480
           4.65984
          -2.62210
          -6.59470
          -9.81883
           4.48074
           3.24926
          -1.08691
          -3.11167
           3.32712
           3.26629
          -2.22319
           4.59046
          -0.23886
          -8.24189
          -4.90522
          -2.64225
           4.81332
          -2.72368
          -6.48727
           4.40883
           0.13190
           1.57584
          -0.53964
          -2.13848
           0.11545
           1.45081
           0.71011
          -1.91240
           0.27145
           5.33370
           0.42430
           1.43102
          -0.64988
           4.95177
          -1.38355
           6.19781
          -1.37078
           1.06346
           8.94647
          -3.85408
           1.98316
           3.57616
          -0.66053
           5.19864
          -1.00339
          -4.60549
          -5.11282
           0.49272
          -3.03435
          -0.74981
          -0.04764
          -1.82272
           3.42970
           0.41182
          -3.02375
          -8.58814
           0.20097
          -5.05793
           3.28732
           1.54218
         -10.94826
          -3.60440
          -0.05177
          -7.38345
          -1.57899
           2.97147
          -1.95732
          -3.76444
          -1.90252
           0.15320
          -6.73342
          -4.42576
          -0.36598
          -1.15876
           1.32435
          -4.65500
          -0.38212
           3.88747
           8.81128
           3.10684
          -0.23473
          -1.48395
          -5.31528
           2.03851
          -1.07920
          10.07797
          -1.35602
          -2.10178
           1.12557
           0.74821
          -6.28505
          -1.03326
           6.33393
          -3.02235
          -6.09306
          -9.50542
           2.09902
          -1.11999
          -0.87422
           2.18526
           7.88891
         -10.31579
           1.80087
          -1.93951
           6.44919
          -3.28891
           8.54016
           4.61581
          -1.27171
           2.39950
          -1.14141
          -4.31730
           3.10932
          -2.45118
          -4.74843
           3.39942
           2.33170
           3.70642
          -0.03047
          -2.62224
           3.97125
           2.83889
          -5.41371
           6.73793
           8.34498
           1.16142
          -3.34423
          -2.67595
           5.00388
          -0.88571
          -5.48019
           2.93845
          -2.20211
           5.94370
           0.48193
          -5.97332
           0.79800
          -1.18491
          -1.92315
           4.49899
          -0.30789
           4.34993
           8.29588
          -2.60529
          -2.72980
          -4.12089
          -8.89719
           0.43445
           4.16128
          -1.72031
           5.03370
          -1.97126
           3.46802
          -1.11315
          -0.70835
               NaN
           0.41676
          -2.08948
           0.28112
         -11.24121
          -0.48606
          -2.83412
          -9.00267
          -3.35259
           5.46662
          -3.28914
           2.64519
           4.18613
          -4.44124
           1.60519
           2.87345
           2.69591
           0.11967
           1.16088
           3.32604
           1.48353
           1.94259
          -0.09377
          -1.12336
          10.57393
          -5.19926
           7.46583
          -3.45492
          -7.47837
           0.44974
           7.61835
           5.16984
           4.07752
          -3.92291
           5.67497
          -3.47668
           5.08623
          -1.36818
          -5.36340
           0.03385
           4.04409
          -3.73342
           4.74723
          -2.75004
          -0.15060
          -0.84952
           6.84941
           0.00916
           3.33895
          -0.29779
           0.34207
          -0.33780
          -2.22517
           3.64933
          -1.55941
          -6.96481
          -0.46779
           5.41566
           0.47371
           6.50663
           3.66428
           5.16735
          -4.63207
          -0.18298
           2.80369
          -4.67253
          -1.87543
           0.82888
          -4.37888
           2.33354
           3.36535
           5.75686
           1.40788
           1.01905
           4.69373
          -1.25568
          -5.82926
          -2.83177
           1.20617
          -4.68941
           1.04370
           3.51833
          -6.53984
          -2.45676
           5.95805
           1.10861
           5.94566
           5.85469
           3.41869
          -7.87946
           6.65996
           3.57126
           0.38939
          -6.12690
           4.99233
           1.68189
          -4.73614
          -4.08896
          -1.95483
           3.51916
          -1.52657
          -0.08418
          -8.03765
          -1.60191
          -0.04228
           3.12143
           8.58372
          -1.17079
          -2.68527
          -6.78744
          -1.49824
          -1.26823
           0.71289
          -7.63774
          -6.65233
          -3.66756
          -8.70524
           4.55532
           3.64725
          -1.91979
          -2.21751
           6.03508
          -3.76487
          -0.89501
          -0.43227
           3.62148
          -0.24087
          -4.79962
           4.23661
           1.22555
          -5.87485
           1.59214
           5.20614
          -1.46959
          -3.93035
           0.00774
          -0.84094
          -4.38562
           1.09898
          -3.16953
               NaN
           0.68714
          -3.36904
          -0.80816
          -6.57113
          -2.36223
           3.78049
          -2.43901
           0.11909
           1.23904
          -7.97328
          -0.88325
          -1.87936
          -0.29650
           0.94427
           6.19085
           2.49914
           2.18778
           7.64556
          -1.38504
           1.21660
           0.01723
           4.03670
           8.10015
           2.55329
          -3.45326
          -1.39208
           1.76605
           1.30520
           0.93486
          -6.50825
          -3.74885
          -4.16018
          -3.28092
           0.59005
          -0.32553
           3.14905
          -2.86770
          -4.41184
          -5.41631
           0.97609
          -3.68573
           0.75708
           5.00963
          -8.10852
           0.25835
           2.34487
           2.95555
          -0.80582
           1.13581
           2.43389
          -1.60524
          -1.56891
          -5.16187
           8.75652
               NaN
          -6.19322
          -4.63186
          -1.53373
          -5.23412
           1.42680
           2.02749
          -3.86988
           3.67007
          -3.26715
          -5.59661
          -1.16739
           3.79913
          -6.92878
           2.05148
               NaN
          -3.24034
           2.66096
           1.29267
          10.43987
           1.78912
           3.44801
           4.26195
           8.38409
          -8.09909
           1.11048
          -0.12650
           5.31518
          -6.33115
          -5.29071
          -1.36549
          -5.87609
          -6.01509
           1.57111
          -2.53039
           3.58098
           5.92577
          -2.01595
           1.26090
          -1.54149
          -2.39328
           5.62714
           0.41722
          -5.29169
           6.29206
           3.38699
          -0.38688
           3.78268
          -1.72450
          -0.48164
          -0.99064
          -1.75749
           2.65886
           1.20634
          -3.03981
          -1.20742
          -4.65906
          -6.01844
           4.74437
          -1.52428
          -0.06526
           7.68551
           3.65748
          -1.04022
           1.08663
          -2.41806
           0.12178
          -3.99492
          -3.16297
           3.29908
          -1.97939
          -3.64779
          -4.81037
           3.81885
          -1.26391
           4.92169
           2.33392
          -0.48273
           1.25728
           6.47015
          -0.67682
           3.43248
          -3.38679
           9.15671
          -3.51449
          -2.12901
           1.37954
          -1.38672
          -6.48136
           0.56677
           6.12592
          -1.23035
           1.79923
           4.62533
          -3.50548
           4.70580
           3.30092
          -3.91756
          -5.28783
           0.16347
          -3.11686
          -0.58500
           1.41040
          -3.07206
          -6.61002
          -1.53754
          -2.87812
           5.26654
          -1.97443
          -7.31275
          -5.89241
           1.89536
          -0.19788
          -2.31012
          -2.86784
           8.38819
           2.31560
           5.05464
          -6.75391
          -2.02213
          -2.92069
          -8.51047
          -2.49731
           1.74985
          -0.75081
          -8.83834
          -0.10840
          -2.87818
           4.08738
           4.38565
           0.40556
          -1.00484
          -4.92057
           1.50457
          -3.41424
           5.18173
          -3.13081
           0.61351
          -5.24178
          -2.73756
           3.21390
          -3.07311
           2.46472
           3.16216
          -0.66249
          -1.02183
           2.99851
          -4.36556
           1.02237
           0.55635
           4.56287
           2.55679
           1.26375
           1.94080
           2.31655
          -5.24649
          -8.44477
           1.28216
           3.93686
          -1.15339
          -5.34623
           9.60513
          -0.21620
          -5.37455
          -2.85720
          -5.25361
          -1.28452
           0.75425
           1.90517
           2.58601
           2.08804
          -2.98214
           3.09829
           4.37386
           3.30906
          -2.30229
           3.59847
          -4.33244
           4.23863
         -10.16687
          -0.71058
           0.55616
           6.65723
          -1.61012
           0.04300
           1.78332
          -6.71763
          -0.29647
          -0.20097
           2.38401
          -0.06476
           1.91281
          -0.80184
          -2.43548
          -2.64360
          -0.69489
           4.39261
           5.38005
          -4.95612
           2.73021
           0.87171
          -4.03184
          -0.17810
           0.83491
          -2.13328
           3.20104
           0.56163
           5.27489
           0.09303
           3.76539
          -6.64369
          -7.15791
          -2.52571
          -3.79405
          -2.41395
          -0.69473
          -1.91276
          -2.47443
           2.45953
          -0.03272
          -0.18686
          -1.71718
          -1.88088
          -3.85844
          -0.08457
           0.35990
           1.07123
           2.85118
           5.94409
           0.12264
          -2.06888
          -3.81240
          -1.09287
           6.71476
          -3.43908
          -1.68061
           9.03243
          -1.46055
          -2.40760
           0.26034
          -1.50529
           1.71820
           1.25255
           5.17769
          -4.56933
          -5.99578
          -2.26950
          -3.51413
          -0.91976
           4.87057
           0.67903
           4.72626
          -4.67665
          -5.90884
          -1.19430
          -6.06125
           4.13189
           4.91883
          -7.04231
          -5.66175
           1.26474
           2.07358
          -0.01280
           3.27377
           0.11483
          -9.51699
           3.71710
          -5.03541
           4.33152
          -3.69415
          -2.48478
          -5.56726
          -5.93239
          -7.47254
          -1.44018
           0.82272
          -0.77230
          -3.10142
           3.05704
          -0.82762
           2.66210
           2.20210
          -0.86460
          -0.66905
          -0.92323
           2.17438
          -3.12449
           2.88591
           2.24204
           5.67356
          -2.97531
           1.03735
          -3.70319
           1.97235
           1.75077
           1.33734
           1.29207
          -0.92959
          -7.10045
          -5.77956
           2.96644
           6.51450
          -6.59771
          -0.82192
          -0.90955
           6.37392
           0.65089
          -1.31239
          -4.72506
          -4.63209
           4.98333
          -2.75811
          -0.72233
          -3.51523
           5.29945
          -4.66564
          -5.88900
          -2.21866
           2.43899
          -6.76267
           0.11916
          -7.02603
          -3.26591
          -0.46366
           6.88785
          -2.05641
           4.21797
          -1.29165
          -2.84115
          -1.95869
          -0.10788
           0.82127
           0.73946
               NaN
          -9.93763
           0.63239
          -4.63187
          -3.54071
           3.76315
          -4.43462
           3.89205
          -4.50275
           0.14106
          -8.92943
           1.73160
           3.31264
          -2.06173
           0.09315
           3.64648
           1.47984
           0.21633
          -0.81545
          -5.35950
          -9.63029
          -1.65775
          -1.52695
          -5.59341
           1.35104
          -0.26159
          -1.85425
          -0.12372
          -0.88676
          -4.59851
          -4.61868
           4.82258
          -0.78635
          -3.12978
           8.34273
           0.71490
           0.50601
           8.30200
           6.14264
           3.43088
          -1.91377
           3.41070
           0.79695
          -1.90649
           3.27241
          -0.24969
           1.32907
          -3.53956
          -1.63546
           3.32504
          -1.86372
           2.36608
          -8.00150
           1.92835
          -5.19741
          -2.41127
          -2.72919
          -1.16422
          -6.81774
           3.10343
           0.53221
          -0.82642
           1.10483
          -0.77370
          -1.67487
          -3.59044
          10.50198
           1.05902
          -0.09674
           3.77141
           3.78749
          -0.15445
          -5.95606
          -0.14792
          -3.16095
           2.32236
          -1.30813
           5.08932
          -5.62391
           5.05383
          -3.12642
           5.03189
           0.28321
           5.87700
          -1.11388
          -1.35268
          -3.60316
           4.95945
          -1.01767
           4.69764
          -4.54780
          -0.99412
          -5.49622
          -2.48529
          -2.51646
           1.32833
           3.94972
          -3.17605
           0.40245
          -5.97376
          -4.09667
          -0.67747
           7.39781
          -5.70451
          -3.25814
          -6.48047
           6.70133
           1.71123
          -2.26384
           6.65613
           0.47605
          -3.51137
           4.78154
           0.03632
          -4.31421
           0.37215
          -6.96215
           0.24144
         -25.32850
          -6.31204
         -13.52959
         -18.35475
          26.07425
          31.50637
           0.40230
           1.35718
          -9.47609
         -12.77891
          -8.15887
          -0.00266
           5.07381
         -32.60154
           3.33566
         -11.46245
          28.12045
         -16.44690
          32.27052
          11.46033
          -9.08871
         -12.48299
          11.65457
         -13.17348
          -5.09498
         -29.52759
          -7.40785
         -50.69796
           2.02103
          32.61205
          -2.15286
         -26.47120
          38.36119
         -21.38640
          19.81719
          -3.82738
         -14.31848
          11.24172
         -22.17626
          43.78952
          11.87141
           1.27361
         -33.97582
          15.15283
           8.06591
          -3.06197
           9.82486
         -15.51818
          -7.26211
         -12.95909
         -28.28409
          16.57677
         -12.80616
          13.62034
         -23.32259
          28.86007
          30.59994
           9.02039
          36.10319
         -22.64064
           7.32813
         -14.07710
           4.26243
           1.11708
         -13.43125
          -4.49496
          15.33745
         -23.00504
          -6.37656
          -8.07959
           2.90054
          -7.14502
          17.56940
         -10.88350
           4.14792
          -9.37076
         -15.74262
         -21.73056
         -25.11352
          -2.34821
         -12.10046
          -9.85021
          14.30495
          -6.45481
          -5.80215
          24.85428
          -6.69620
          22.93086
         -40.25996
          31.93009
          30.98342
           0.58423
           0.64784
           5.43385
          17.77811
          31.77357
          -6.20934
          -3.38525
         -10.68694
          26.18922
          -8.97174
           2.98335
         -28.61566
         -11.44002
          -2.08529
          -0.91237
         -14.68192
          11.48682
           2.52338
          14.23011
         -14.78516
         -20.35590
         -16.14707
          11.40231
          21.71668
               NaN
          10.55937
           0.52874
         -16.14890
         -16.83162
          12.21528
         -16.19979
         -14.43865
         -25.61018
          13.02405
         -22.65220
         -22.98743
           2.41740
          -4.49373
          -9.85057
          15.14521
          33.51167
          10.26902
         -39.56762
         -11.04335
          -2.63560
           4.93962
          -7.47965
         -37.12081
          14.71885
         -17.43968
          -1.29957
          26.21782
          -3.35983
         -25.26783
          14.02445
          28.22203
           0.15124
         -10.61014
         -24.38644
          39.15174
          23.43722
         -54.38267
         -21.49089
          -4.04921
          12.56306
          33.22274
         -30.40504
           9.03075
          -7.07499
          11.54939
          -7.75353
         -53.69538
           7.04237
         -14.83045
           3.31558
          -2.77101
           4.14889
          -6.87672
         -25.43441
         -17.83456
          -6.43748
           7.76098
          34.38304
           7.58593
         -15.26879
          -9.17236
          21.76031
          23.11661
          12.72715
               NaN
          16.63893
          44.15115
         -31.47909
          39.69784
           0.30130
         -12.79771
          15.61763
         -10.55045
         -15.09817
          -0.08848
          11.53724
          -8.98977
          -7.81456
          21.81549
         -20.45216
         -16.90174
         -23.82148
          10.85744
          11.55703
         -19.51646
         -22.75035
         -40.99675
           4.71194
          34.11508
           5.00496
          10.36573
          10.53964
          17.41798
          -8.44944
          13.62098
          11.47838
         -29.06866
          -6.91818
         -12.27196
          10.23117
         -13.80166
         -10.97824
           7.26790
          -7.42577
           1.66143
           4.27662
          -4.86914
          -8.27303
          19.81638
           9.56219
         -18.02703
           5.82978
          29.15742
          22.71898
          -3.80807
         -10.31181
          14.22641
         -15.34277
          11.75846
          11.88242
          19.91499
          20.72374
         -21.05969
          -0.75442
          -4.78468
           4.90140
          38.18088
          -9.27413
         -15.40999
         -32.16778
           3.81261
         -23.32901
          14.08476
          -7.03468
         -18.69270
           9.69457
          23.34694
           1.42611
         -41.93551
          14.88079
         -29.31677
           7.26263
          12.64611
         -38.27916
          -9.87968
          -7.34505
         -39.96275
          10.58027
           9.69152
         -27.29690
         -23.53006
         -25.86775
          16.27254
         -43.07592
         -18.54171
           0.13229
         -15.43762
           6.08916
           0.31385
           5.09890
          12.02660
          27.38411
          14.10194
         -13.70611
          14.67573
         -10.71546
           0.37766
         -11.06741
          50.87180
         -10.58683
         -19.76792
           5.20183
          -6.11366
         -33.81987
           5.87474
          25.64030
           6.09083
         -26.36124
         -46.99395
           2.47239
          -4.97276
         -20.18322
          -3.71977
          36.25296
         -53.51641
          22.98863
          -8.20043
          27.90348
         -22.34596
          41.19261
          33.91378
         -10.29580
          21.11982
         -12.41918
         -25.62207
           3.78027
          -7.72056
         -17.98208
          -5.36582
          11.25175
          21.35229
         -12.88962
         -17.26008
          20.29857
          19.65620
          -4.14137
          22.67706
          29.11759
          -6.87324
          -6.69653
          -5.33178
          32.06891
           4.27993
          -4.18457
           2.99694
         -12.57541
          29.67888
         -14.02504
         -28.96088
           2.37112
           3.47738
          14.73385
          18.27929
          24.70836
          10.58684
               NaN
           2.48220
         -14.57779
         -13.17361
               NaN
          -1.86398
          23.69761
          11.50336
          17.91866
          -9.78225
          16.87749
          -1.62162
          -3.55016
         -36.33334
         -16.92287
          -5.55253
           9.46314
         -55.62371
         -11.93825
         -11.50588
         -20.66969
         -12.94609
          11.26249
         -18.33228
          11.25307
          18.06430
         -24.05470
           1.75778
           5.66211
           2.91720
          -5.94649
          -2.86736
          21.02079
           6.45494
          20.06585
          12.36250
           8.46959
               NaN
         -40.55565
          32.98343
         -27.54494
          -9.74219
           9.49324
               NaN
          32.76100
          25.93530
         -21.09705
          31.74526
         -44.27498
          15.09453
           0.97485
          -8.83463
          19.77398
          21.77455
         -18.18148
          10.81670
         -17.88851
           8.99814
          -3.61073
          17.57151
          -1.60617
          22.39638
          -5.91887
           7.15181
           0.51679
         -19.39760
          -5.75790
           5.43859
         -24.22443
          19.35935
          39.87237
           8.28891
          34.17137
          18.49976
          31.17353
         -24.36559
          -7.63225
          11.92591
         -11.35202
         -18.90082
           5.43176
         -19.70207
          12.80546
           9.12067
          13.93636
           4.39851
           2.91228
           9.08912
          13.59599
         -28.00826
         -13.79490
           2.37319
         -18.37092
           3.80124
          -0.00726
         -12.26928
         -15.23970
          32.72583
          20.61955
          25.74203
          18.00065
          21.50791
         -55.56563
          52.95225
          15.85477
          11.79344
         -25.39095
           1.78725
          -4.49156
         -28.52196
          -5.10690
         -15.31585
          43.17465
          -2.50393
         -11.62777
         -42.90001
          -7.41049
          -1.34461
          30.86632
          25.58905
          -5.61663
          -8.01104
         -17.39635
           5.42554
         -32.40937
           3.09509
         -44.46823
         -34.42741
         -14.07415
         -25.45713
          18.98541
          11.43337
          -6.48878
         -17.41212
          37.15908
         -10.81436
           5.62946
          -5.55128
          25.40310
          -2.46550
         -13.14020
          23.64049
          -2.58845
         -46.63289
          26.15079
          31.87511
         -12.18962
         -24.65940
          -9.21760
          -5.42484
         -11.40889
           9.82543
         -31.38320
               NaN
           2.56355
          -3.02106
          -6.35730
         -27.22784
         -28.51669
          21.65474
         -16.73719
         -11.91816
           9.29375
         -36.51294
          -8.55481
          -0.71390
          21.92618
           5.77211
          32.76166
          15.31869
          20.32142
          31.25482
          -7.59588
         -12.22398
          -2.82573
          -4.87768
          32.48136
           7.54156
          11.91107
          -2.67048
         -11.64400
          -0.30590
          -3.98113
         -27.41569
         -12.22860
           2.01002
          -1.09062
          -7.94594
          10.05907
          27.21940
          -0.34954
         -25.30267
         -23.03204
          -6.08180
         -27.71326
         -10.30048
          19.80749
         -16.37533
          13.00198
          18.79444
          18.91823
         -14.93321
          -0.29400
          -0.58700
         -12.10298
         -18.38864
          -9.74149
          38.07394
         -49.64472
         -17.83366
         -16.29148
         -14.60861
         -33.98230
          20.80414
           7.21547
         -27.07874
          -3.01888
         -20.87801
         -27.47220
          10.25732
          21.80857
         -26.06010
           4.39258
          37.92882
         -25.43274
           7.92734
           4.12413
          49.61016
          -1.39489
          24.68098
          25.44278
          30.83139
         -27.03991
           7.83464
          -1.99591
          20.99777
         -41.97404
         -36.51735
           1.76688
         -24.82872
         -29.01815
          19.92581
          -8.78938
           0.09809
          19.39818
         -22.78141
          18.45341
          -5.65537
         -12.72014
          32.26425
          17.82361
         -10.29888
          24.61579
          12.18461
          -3.99744
          22.99316
         -14.80724
          11.77933
           0.16766
          -3.80198
           9.46494
           8.88517
           0.09341
         -14.19675
         -27.92962
         -32.05476
           1.94359
         -19.27090
          11.23896
          25.43430
          22.28878
          -3.99661
          22.72635
         -12.82492
          -8.76626
          -1.19526
         -15.52987
          28.22314
         -17.50240
         -25.88713
         -14.77697
          17.18355
          -6.88120
          13.32742
          -8.01155
          -8.70436
           2.62944
          29.22085
           2.95840
         -10.15119
         -15.24903
          48.85021
          -6.94949
           2.13417
           0.99125
           0.46450
         -14.32479
          10.09747
          30.30665
          -2.83949
         -12.44810
          14.20030
         -20.66728
          27.11373
          30.58281
          -9.86398
         -46.31647
          -6.56059
         -20.35287
          -1.11694
          10.33774
         -12.10147
         -29.37119
          -3.47207
         -30.51570
          31.72361
         -13.31679
         -38.90478
         -33.25409
           8.14161
          15.46655
          -7.23008
         -15.75691
          15.73421
          24.30607
          -1.54925
         -38.95866
           0.53223
         -19.82501
         -40.89901
           0.31756
           5.66195
           9.70835
         -30.72277
          -6.32039
         -15.24325
          12.38365
          27.47697
          16.14064
          -6.71151
         -32.83802
          -5.29921
         -27.51761
          11.64692
          -5.74133
           0.12712
         -20.87383
          -0.87392
          32.23789
         -25.67629
          -4.33875
          12.28262
         -12.28827
          -8.61191
           5.21095
         -30.93396
           0.83027
           5.15606
          19.88821
           2.15173
          19.95334
          -3.09864
          14.79134
         -14.70136
         -34.65957
          13.97235
          18.03370
          -6.97623
         -26.81461
          35.68158
          -2.75660
          -2.94101
         -14.31909
         -20.75982
           5.20229
           5.95178
          15.98026
          16.75536
          17.44882
          -1.35763
          20.48505
          12.85527
          12.49453
         -43.33601
          11.48911
         -19.02455
          17.22721
         -52.61841
         -11.33979
           1.62849
          24.68691
          -3.94469
           3.52720
           8.29225
         -42.23389
           5.01832
           5.90956
          24.08961
           6.57436
          15.36625
          -8.41935
         -24.42168
         -13.41778
          -0.84083
          21.14298
           7.18489
         -24.19660
           8.20890
           5.06634
         -30.75273
          12.42653
          -1.51964
          18.46363
          18.93029
          -6.34864
          17.38954
           1.39488
          20.02000
         -27.00142
         -17.97674
          -5.36429
         -22.62946
         -33.96682
         -14.04651
         -11.83935
          -7.70923
          10.82509
          13.84199
           1.80334
         -21.64295
          -2.09695
         -18.78678
          -3.22010
          15.77808
          -1.40454
           3.56428
          25.28840
           5.09792
          -8.80772
         -16.55833
          -3.57436
          28.36335
           2.62301
          -1.00485
          19.16647
           8.84167
          -4.38907
         -23.67094
         -17.44149
           7.11704
         -13.53606
          19.69369
         -29.88235
         -20.45709
         -20.21692
         -31.26758
           4.58158
          15.56088
          -1.52893
          10.11785
          -7.71613
         -27.80287
          15.92652
         -22.96431
          33.52179
          23.16070
         -40.59470
         -26.57367
           8.16591
           9.69229
          -3.07066
          18.24283
          -6.49397
         -38.11782
         -10.61365
         -23.18231
          -2.69007
         -15.09609
         -24.31835
         -25.92915
         -25.77119
         -27.81662
         -17.87325
           2.60401
           2.06979
         -13.49508
          14.17248
         -16.07980
          13.81481
           4.24852
         -11.40706
         -22.25960
           2.08476
          14.94944
         -15.24023
          13.73157
           4.42660
          44.37958
         -12.32469
          -2.44163
         -21.89329
           5.93030
          11.17551
         -10.13057
          10.80586
           6.18078
         -26.81374
          -9.43397
          13.41845
          37.40171
         -29.50489
           1.63063
           4.06672
          31.01105
          11.21954
         -12.40304
         -20.29749
         -19.31138
          19.63980
         -22.55588
          -4.44592
         -11.40962
          13.00727
         -15.58022
         -33.04990
         -12.18242
          14.70953
         -24.36413
          -9.95022
         -27.94867
         -21.51162
          13.04181
          34.31968
         -22.47519
          10.30712
          13.05911
          -0.67704
          -9.59352
         -22.29663
          17.48329
         -10.06246
               NaN
         -52.93094
          -8.38095
         -29.89769
         -17.10823
          -0.90062
         -29.14356
          13.66431
         -19.53622
         -10.38092
         -41.73809
          -3.43251
          -0.62761
         -19.50485
           2.38642
          10.91868
          19.07722
          -8.40891
         -28.00910
          -2.61299
         -55.98113
         -12.76414
           2.88613
         -21.96906
          29.85931
           5.12125
          -9.07710
           6.45185
         -10.10195
         -40.50729
          -4.73121
          17.42366
         -10.19214
         -16.81817
          30.09513
           5.16739
          -2.54883
          34.77570
          31.07341
          11.63068
          -5.53777
          22.57980
          10.72647
          13.69861
          19.85370
         -27.22144
          -1.95676
         -23.54388
          -4.56814
          12.36913
         -10.70196
         -18.13486
         -34.56565
          17.64980
         -19.91157
          -3.96130
         -19.75787
         -15.96959
         -29.36340
          32.36397
          23.88042
           4.08667
          -9.99781
         -19.11566
          10.65930
         -39.77000
               NaN
          -3.70000
          10.58700
          24.50215
          29.67634
           6.65779
         -25.94064
           5.69190
          -5.75185
          12.81626
          -6.11648
          31.46144
         -18.20232
          24.12561
          -5.02884
          38.77576
           9.57574
          -2.03347
          -5.59017
         -11.33319
         -12.00641
          16.67725
         -23.72535
          10.71131
         -23.70961
          11.05503
         -21.03168
         -17.12680
         -21.21542
           2.90053
          15.17571
          -5.46069
          -8.78827
         -28.74299
         -14.09224
          -3.47225
          40.82079
         -30.19998
          -5.01932
         -27.23681
          30.59747
           2.01953
          -2.66932
          48.79852
          -1.33812
         -17.99593
          19.94897
           7.02296
         -26.13538
          -2.52216
         -17.93770
         -28.15126
           2.18426
           0.58321
           1.46824
          -2.58135
          -1.53446
           5.23970
           1.55015
           0.47374
          -2.94916
          -0.63311
           0.07746
          -2.90265
           0.62097
           0.57053
           1.96287
           1.93209
           5.62726
          -0.53886
           1.42564
           2.41740
          -2.02795
          -0.98555
           3.20122
          -0.01099
           3.96284
           1.65146
          -3.35936
           0.19913
           0.59750
           6.13212
          -2.20068
           4.85049
          -5.41933
          -1.17187
          -1.42826
           0.64692
          -1.35195
           4.05923
          -1.72521
          -0.00846
           3.80190
          -0.72672
           0.49879
          -1.28112
          -0.81107
           3.50631
          -5.89011
           3.26061
          -1.57057
           1.24630
          -1.35606
           0.01096
           2.66685
          -2.21311
           1.31206
           5.82630
           0.68721
           4.51628
           4.70136
           1.14797
           0.69083
           2.33452
          -4.94595
          -1.20071
           0.08928
           3.52593
          -3.95678
          -2.10474
           4.43191
           2.18426
           0.60325
           1.65303
           2.16144
           1.92109
           5.34138
          -2.54045
          -3.61977
          -2.86272
          -1.21934
          -1.16494
          -3.65359
          -4.35409
           0.31147
           1.27408
           0.04813
          -0.26300
          -5.83109
          -2.90063
          -6.87003
           2.46567
           0.35497
           0.25027
          -0.37483
          -4.10440
           2.03260
           4.13098
           3.29307
           3.22367
          -5.04577
           4.03370
           4.73837
           1.61783
          -0.72612
           0.22797
           1.27310
          -1.08530
          -0.69147
          -0.09032
          -0.84103
           2.05648
           0.39999
          -1.04135
           1.48636
          -3.86403
           1.28992
           0.03127
           2.55926
          -0.26039
           0.04201
           1.02059
          -4.20374
           3.40397
           0.30873
          -4.03586
          -0.03146
          -1.00177
           2.90952
           0.84469
          -0.85856
          -0.66176
           3.36507
           1.39405
          -0.41392
          -2.79728
           0.62246
           2.34256
          -1.47989
          -2.72461
          -3.38313
           1.84109
           2.36734
           1.94766
          -2.16743
          -0.57358
           0.55398
           4.56707
           5.73093
           0.13879
           0.23994
          -0.09323
           0.64209
          -2.20000
          -1.21215
          -2.39794
               NaN
          -0.92502
           1.27131
           1.44361
           1.51915
          -5.09256
           4.01170
          -4.56409
           0.57039
          -0.59715
          -4.33904
           3.64096
          -1.12779
           2.26124
          -2.28425
          -2.70013
          -0.14065
          -2.90688
          -1.80694
          -1.12777
          -0.44001
           2.49398
           2.26942
           0.12073
           3.87353
           0.85750
           5.82039
          -0.09282
           0.99538
           0.82540
           2.73330
           2.20367
          -0.31008
          -3.08427
          -2.62353
          -2.05855
           4.55107
          -1.39788
          -0.79486
          -2.88535
           2.97982
          -0.48021
           1.70900
          -2.58896
           3.77279
           3.54997
           0.09649
          -3.99498
          -4.80177
           4.44354
          -1.71758
          -2.06720
          -5.28041
           2.16650
           0.98905
          -1.22128
           3.13729
          -2.12437
          -4.89051
          -4.58131
          -1.09266
           3.94150
          -0.94104
          -5.76460
           3.94875
           1.34806
           1.56206
          -1.31466
          -1.69907
           1.46530
          -1.50452
          -0.71433
           0.68072
          -0.62298
           1.50006
          -3.16329
           2.27407
           0.90489
           3.45933
           0.86273
           5.30301
          -3.50345
          -1.97007
               NaN
          -1.08540
           2.42369
           4.92156
          -1.55553
          -0.10876
           0.32752
          -2.86686
          -0.75922
          -0.04151
           0.23141
          -3.13695
           1.07669
           0.89194
           2.42157
          -3.27883
          -3.73980
          -3.22198
          -2.16127
          -1.15427
           2.64762
          -0.24464
          -6.55026
          -2.59461
           1.12184
          -2.14088
          -3.53563
           1.89009
           2.12025
          -0.58382
           1.95390
          -2.44067
          -0.88529
          -2.15426
          -0.44616
           1.13895
           0.55761
          -5.45458
          -1.26411
           2.57774
           5.82259
           1.33754
           1.93305
          -4.08432
          -4.44630
           2.30577
           0.52808
           3.51355
           0.12937
           0.74101
           0.46963
           1.85241
          -1.85423
          -2.14487
           3.22721
          -4.48881
          -2.83157
          -3.47288
           2.03894
          -0.50001
           2.23293
           3.13548
           3.32465
          -3.36408
          -1.60861
          -0.93202
           2.99683
          -0.22231
           3.28582
          -0.09873
           0.18042
          -0.61292
           0.67337
          -0.88900
           3.00135
          -1.60324
          -2.61891
           4.80990
           0.89631
           0.86690
           2.03879
          -0.26676
           1.34391
           0.13270
          -5.61845
           4.17306
           5.00232
           2.45433
          -2.80478
          -2.24858
           0.64866
          -1.71694
          -5.68868
           2.92904
          -0.53286
           2.12431
           2.81635
          -2.27422
           0.54486
          -1.93515
          -4.60355
           2.28150
          -4.33343
           3.34631
           0.95207
          -3.42396
          -0.82326
          -2.66416
           0.65858
           0.80431
           1.01755
          -3.84822
           2.96029
          -0.71434
           1.31021
          -1.03133
          -0.25105
               NaN
           3.20700
          -1.53222
          -1.19642
          -4.09931
           1.35679
          -1.43868
               NaN
          -1.80883
           4.53397
          -0.86845
           1.26004
           1.95290
          -1.28510
           1.58063
           2.42470
           2.66030
           1.09582
           1.80910
           0.47865
           0.68354
          -0.97375
          -2.09820
          -2.66703
           3.04984
           0.49018
           3.35961
           0.42158
               NaN
          -1.00552
           0.04271
           0.72995
           0.56023
          -1.15930
           1.47981
           3.08846
           3.47572
          -1.74521
          -4.80482
          -3.14267
           1.19096
          -1.40848
           3.77055
          -0.31400
          -1.62278
          -0.40520
           5.12405
           0.26910
           0.27228
           0.60673
          -0.75373
          -0.47532
           0.53817
           5.16311
          -2.68550
          -4.18744
          -3.65831
          -0.12901
          -0.78389
           2.05491
           1.27699
           0.98251
          -1.45661
           1.01573
           1.33576
          -3.59769
           0.86425
           0.08820
          -1.91311
           0.64843
           2.43923
           4.44064
           0.92663
           0.71439
           3.98643
          -3.64557
          -2.26029
          -1.06761
           1.01837
          -2.48782
           0.59996
           4.08566
          -5.61788
          -0.39977
           1.65066
          -2.03104
           2.76009
           3.90020
           0.50783
          -0.20594
          -0.78926
           1.59464
          -1.44572
          -3.02699
           5.50808
           2.67530
          -0.90859
          -3.92515
           0.19518
          -2.86208
          -1.36930
           1.77339
          -2.42770
          -0.66721
           0.16728
          -1.34320
           5.84728
          -0.45538
          -1.82826
          -5.08028
          -2.61239
           3.74291
           0.32955
          -1.71109
          -2.18285
          -1.99296
          -6.00957
           2.23327
           2.39433
          -1.18457
           0.22756
           1.02670
          -2.63048
          -1.94491
           0.39146
           0.11645
           0.11711
          -3.45748
           1.11419
           1.83929
           0.68382
          -2.35977
           0.91465
           0.25545
          -0.59469
           1.49226
          -0.10332
          -3.25546
          -0.30525
           1.37053
           3.18879
           0.38519
          -3.42503
           0.08479
          -3.24711
           1.84647
           0.90422
          -0.13819
           2.05609
          -0.05710
          -3.38076
           0.35124
          -2.06690
          -3.87251
           0.16739
           1.91515
           0.43625
          -0.73024
           3.84643
          -0.38561
           3.37942
           0.47471
           5.47117
           4.17679
           1.75059
          -5.92565
          -1.18636
           3.92396
           1.56445
           1.72593
          -3.14389
          -2.38431
          -5.15307
          -3.63338
           1.96363
          -1.99658
          -0.72428
          -3.27291
          -1.05015
          -2.58164
           2.11183
           0.18071
           2.53644
           2.62841
          -6.77825
          -1.79232
          -0.30215
           0.38688
           1.46752
           1.36588
           2.92000
           0.08403
           1.13767
          -4.42493
           4.03884
               NaN
          -4.32008
          -2.75563
           0.57024
          -0.60805
          -1.69135
           1.19266
          -0.13517
           4.74644
          -0.43326
          -2.07645
          -3.00582
           0.90111
          -3.85022
           1.67476
               NaN
           0.33079
           1.81351
           0.83703
           4.13670
           2.30149
           0.03126
           0.85360
           4.77193
          -5.05119
           0.02845
           0.17432
           2.79158
          -0.59560
          -0.26581
          -1.86954
          -2.82629
          -2.31351
          -1.38248
          -1.52321
           4.14144
           3.75783
           1.32557
          -1.50567
          -0.87950
          -0.73151
           1.34077
          -2.38376
          -4.48595
           3.34346
           1.97131
           0.19412
           0.69138
           0.38074
          -2.45464
          -1.17703
          -1.42850
           1.56365
          -0.02932
          -3.54400
           0.88279
          -0.91443
          -1.82876
           5.19507
           1.33145
          -1.88430
           4.82942
           0.65939
          -0.56449
          -2.39557
          -0.74342
           1.55202
          -4.44544
          -1.17292
          -0.71162
           0.51853
          -0.06910
          -3.20658
           1.66825
          -0.35999
           3.56906
           3.99868
           0.84027
           1.03648
           2.80917
          -1.26179
           5.61833
          -1.47795
           2.76935
          -2.96174
          -2.81503
           1.44203
          -1.68462
          -5.21922
          -0.96688
           2.23483
          -0.97141
           4.09187
           3.08455
          -0.74386
           1.09998
          -1.08920
          -2.96067
           1.31438
           1.24548
          -0.34330
          -0.49941
          -0.02617
          -1.61908
          -2.94736
          -1.22624
           1.56923
           1.00915
          -0.14925
          -2.22906
          -1.48944
           0.89024
          -2.71856
          -1.51841
          -0.79377
               NaN
          -1.22304
           6.11732
          -1.57161
          -2.43317
          -0.20050
          -3.29861
          -2.95027
           1.12033
          -2.43387
          -5.31677
           0.89122
          -0.88843
           2.75237
           0.66986
          -2.12648
          -0.08654
          -0.42818
           2.59942
           0.46441
           4.14137
          -2.71073
           0.69178
          -2.72632
          -3.03745
          -1.45655
           0.56413
           3.55951
           1.69452
           1.20829
           0.19954
           2.64249
          -0.09025
           1.05328
          -0.18383
           2.09676
           2.62198
          -1.74372
           2.75173
           0.30915
          -3.72504
          -4.22636
          -0.75991
           1.66843
          -0.21639
          -1.89160
           5.40898
           0.19259
          -5.76615
          -1.01279
          -2.75839
          -2.32836
          -0.08212
          -0.35975
           0.30592
          -0.38377
          -3.24355
           0.30047
           3.00906
           1.83096
           4.30073
           2.32873
          -1.96823
           2.14855
          -3.33569
           0.99984
           0.38360
           3.75594
          -1.23445
          -0.51767
           0.73593
          -1.00246
          -1.15171
          -1.18426
          -1.10880
          -1.13311
          -0.25207
           0.42394
           1.10247
          -0.90985
          -0.67140
           1.69719
           5.08962
          -1.86000
           1.84859
           0.19672
           0.26800
          -2.20641
           1.21380
          -5.44768
           0.66994
           1.67361
           3.32544
          -0.11646
           1.14974
          -3.36779
          -5.41697
          -2.06894
          -0.76311
           2.66345
           1.45380
          -0.31540
          -1.63206
           1.11337
          -2.26540
          -0.50712
           1.48922
          -1.84611
          -1.45622
           0.42000
          -2.12115
           1.46962
           2.73642
           2.83127
          -0.67796
          -0.98448
          -1.76136
          -0.69355
           3.23113
          -4.41457
          -1.78936
               NaN
          -3.11835
          -2.08875
           4.11129
           1.05912
           0.84944
           3.63229
           2.84182
          -0.49603
          -3.66871
           0.61854
           0.95187
          -1.80503
           3.15032
           1.03433
           3.85867
          -4.18754
          -2.38572
          -3.94934
          -3.34126
          -0.59744
           1.98340
          -1.64315
          -2.29667
           0.15422
           0.84760
           0.47927
           0.86499
           1.17829
          -4.91463
           6.02317
          -2.11527
           5.46142
          -1.85939
           1.02861
          -2.29068
          -2.73999
          -4.19883
           1.20418
           0.53608
          -1.22965
          -1.42891
           1.26838
           1.62672
           0.86744
           1.87279
           0.83186
           2.80523
          -1.40726
           0.11865
          -1.17486
           1.14065
           1.89051
          -0.55489
          -1.47084
           1.59718
          -0.77609
           1.33545
           0.23417
           3.18272
          -0.23887
          -2.07378
          -3.92824
          -5.19150
           1.28453
           1.54423
          -2.91156
          -1.21657
          -1.71032
           2.40939
          -1.04979
           0.47229
          -2.21919
          -2.26994
           2.62485
           0.42769
          -0.12315
          -2.24489
           4.05913
          -2.90930
          -1.51834
          -0.61533
           0.46445
          -3.93030
           1.73950
          -3.65922
          -0.32986
          -2.63692
           2.47360
           1.22932
           3.23812
          -3.60093
          -3.18939
          -0.73012
           3.46267
          -1.85993
           2.47768
          -4.05697
          -3.01927
           2.08279
          -0.56616
          -1.35746
           4.51363
          -0.45852
           2.31952
          -2.08361
           1.83422
          -3.64995
           2.56259
           3.94670
           0.74517
          -0.27588
           2.47626
          -1.35188
           1.60428
           3.56047
          -5.80146
          -2.17165
           0.12946
          -2.23709
          -2.95828
          -3.23643
          -1.12778
          -0.69197
          -1.18184
           0.59612
           1.17982
          -4.60057
           2.79485
           0.72721
          -0.92709
           4.84240
          -0.00158
           0.99759
           4.04194
           2.13085
           2.11139
          -1.33061
           0.32606
          -0.80088
          -4.41762
           0.60420
           4.09052
           1.85781
          -0.32052
          -1.16354
           1.86969
          -0.44150
           5.66504
          -3.72688
          -0.60150
          -2.82965
          -2.16184
           0.01102
           1.21822
          -3.18976
          -1.60509
          -3.22492
          -1.61702
           2.89143
           2.17784
          -3.65965
           2.23147
           2.62991
           1.82483
          -1.81594
           0.43547
          -0.37847
          -1.25066
          -2.74020
          -1.08765
          -2.74403
           0.63372
          -0.53439
           0.84560
          -3.59983
           1.98485
          -2.82029
          -0.39807
          -1.21212
               NaN
          -0.39357
           0.25335
          -2.25094
           3.07385
           2.63639
           3.72994
          -1.46434
          -2.93303
          -2.99630
          -0.12922
           0.49252
           1.07533
           2.14327
          -2.80842
           1.88139
          -2.30981
          -2.48821
          -0.22774
           2.01948
          -1.76277
          -2.97474
          -3.14042
           2.85603
           1.66161
          -2.19860
          -0.12530
           0.76799
          -1.18056
           2.34084
          -1.08795
          -0.80281
           0.83790
          -5.19600
           4.81031
