           0.32458
          -0.13423
           1.28306
          -1.96846
          -5.17846
           2.75249
           4.14828
          -2.43606
          -1.48164
           0.41698
           1.53174
          -4.57152
           4.07298
          -1.75286
           3.65942
          -1.62710
           4.12627
          -3.72276
          -3.25583
           0.36891
          -0.43894
          -0.12679
          -0.12622
          -0.57227
          -1.78575
          -2.37368
          -2.59094
           1.79862
          -1.83583
          -2.71036
          -1.29297
           0.24724
          -0.35736
          -1.00701
          -1.13553
          -0.26208
           3.65294
           3.13225
          -0.53577
           1.17626
           0.49716
          -0.66111
          -2.58500
           1.59997
           0.44105
           2.21088
          -2.30839
          -4.49200
           1.35484
           0.10988
          -4.45973
           0.37697
          -2.29894
          -0.73905
           0.99308
           1.84186
           1.51285
          -0.46466
          -0.89769
          -2.07425
          -1.85870
           0.42490
          -4.06194
          -1.12432
          -2.67539
          -0.62559
           0.96506
          -2.62139
          -3.34507
           1.22487
           0.74178
          -4.12495
          -4.68236
           5.06893
           0.57042
          -1.23064
          -0.27024
           1.53376
           3.19277
           3.41103
           0.86525
           0.47751
          -4.79952
           1.52066
           0.95946
          -0.25823
           4.09455
          -0.03561
           1.51591
           2.98248
          -4.01771
           0.30419
          -3.02580
           4.65971
           0.44794
           0.34546
          -0.81030
          -1.98141
           3.15748
          -2.49975
          -1.47537
           0.10470
           2.01478
          -0.45592
           1.17402
           0.15160
          -2.48455
          -0.83806
           1.57851
           0.82381
           1.21284
           2.75305
          -1.25717
           0.13891
          -3.30559
          -0.74901
           0.69135
           0.95847
           2.66332
          -0.39250
           3.35805
          -1.48352
           3.21683
           2.74373
          -3.21598
          -0.76225
           1.44791
          -1.08205
          -1.39734
          -0.98396
           2.71902
          -1.85719
          -1.09639
           3.42664
           0.30146
          -1.88921
           2.61560
           0.48643
           2.41819
           1.69143
          -2.33902
          -1.08806
          -0.69965
          -1.51902
          -1.34914
           3.90656
          -1.26982
          -1.78283
          -3.13416
          -1.00728
          -1.27549
           0.03824
           2.14401
           1.03805
          -1.94621
           2.05081
           0.88495
           3.70688
           2.69647
           1.26446
           1.20467
          -1.20847
           2.02510
          -0.43125
          -0.77079
           2.42375
           2.37996
           1.43721
          -1.87430
           0.64018
           1.45819
           1.09071
           3.41775
          -3.70231
           1.89738
           0.55719
           0.22306
          -0.32057
          -0.92202
          -4.49922
           1.19773
           3.71387
           4.11763
           0.75516
          -3.12855
           3.25048
           2.59932
          -0.98442
          -1.94800
           4.72548
           5.71281
          -2.50393
          -0.86466
          -0.69090
          -2.57662
          -3.08214
           1.02518
           0.15326
           1.99421
           1.03601
          -1.12655
           1.04671
           1.06160
           0.30505
           1.15583
          -1.75984
          -3.45211
           1.20665
          -4.62281
           2.80727
           4.95671
           3.97035
          -1.67851
           1.00957
           4.29818
          -2.46961
          -0.18306
           4.17423
          -1.86077
           1.82595
          -0.19413
           0.89047
           2.47622
          -0.64224
           0.11708
           2.24510
          -2.73658
           3.87737
           4.28087
          -2.30310
          -1.58137
           2.50324
          -0.24014
          -3.66635
           1.33741
          -3.06320
          -1.21690
           0.31701
          -1.55411
          -1.24394
          -2.56972
           0.57924
          -4.11209
           3.08406
           2.13179
           2.80683
          -4.79559
          -4.04839
           0.69633
          -0.00478
           0.34838
          -0.87736
           4.77275
          -0.50236
           0.67103
           4.48841
          -0.90559
           2.05182
          -3.71787
           0.50992
           4.34693
           0.18187
          -2.10211
          -1.02737
           1.75666
          -0.95873
           1.28061
           2.09174
          -0.41679
           2.37323
           1.72912
          -2.63910
          -1.47990
          -1.24558
           2.23386
          -2.38810
          -0.87173
          -2.61782
           0.44896
           0.27035
          -0.86136
           2.67033
          -0.68458
           2.14947
          -3.38249
           0.69726
          -0.27500
          -0.89386
          -2.80703
           0.15088
          -1.11969
           1.95315
           1.97911
           1.25341
           2.92685
           1.65875
          -4.46592
           1.87834
          -5.13335
          -0.84212
          -3.09688
          -3.90114
          -1.08391
          -0.43992
           4.62415
           4.75302
          -1.43542
          -1.12020
          -0.43453
           3.52160
          -1.47968
          -2.14893
           2.24295
          -0.82575
          -1.73400
           0.84423
           2.56100
          -5.06772
           1.07390
          -1.15506
           4.49227
          -1.97975
           2.08945
          -1.40661
           0.19772
           3.51376
           2.44080
          -0.73597
          -1.07179
          -1.93082
           1.59379
          -5.02117
           1.14234
           3.00231
           1.23077
          -4.46950
          -0.30829
           1.09916
           4.29982
           0.28400
           2.41748
          -2.05361
          -0.38642
           3.19606
           0.23211
          -2.67023
          -2.65280
           1.56348
          -1.46320
          -3.16324
          -0.07969
           0.70616
           1.21645
          -0.84856
          -1.62668
           0.71002
          -2.21996
          -0.51729
          -2.59384
          -1.87733
          -1.08456
          -1.77385
          -0.30175
          -1.16849
           2.35993
          -1.21441
           3.47440
           2.59583
          -3.18489
          -1.76861
          -1.74966
           0.60367
          -1.05624
          -1.30506
          -3.13057
           2.04458
          -4.86121
           1.06995
           0.67469
          -1.73397
          -3.23219
           2.68797
           1.03244
           0.26842
          -1.80243
           2.34130
           0.30252
           0.30646
           0.04942
           1.43931
           0.29378
           1.76951
          -5.13056
           0.79535
          -3.73915
          -0.83834
           1.70959
          -1.89989
           2.25182
           2.50083
          -5.27278
           1.02176
           1.30439
          -0.40472
           3.44359
          -1.29123
          -3.21087
           1.47712
          -2.72833
          -4.19050
          -3.44935
           0.64116
          -2.98434
           1.18864
           0.08494
           2.80393
           0.96873
          -1.42423
          -1.22314
           3.13679
           5.78015
           1.09103
           3.96012
           3.34142
          -4.71387
           2.89977
          -1.36673
          -0.79819
               NaN
           1.67246
           2.48148
           1.56147
          -2.32623
           2.28408
          -0.64828
          -1.30991
           0.61688
          -2.95374
          -0.30201
           2.89722
           4.01127
           1.38374
          -1.19562
           0.12726
           2.67109
          -1.49548
           0.81015
          -0.68734
          -0.15408
          -3.74819
          -2.58040
          -2.23113
           5.42567
           1.38165
           4.57996
           2.67365
           2.40142
           2.49527
           3.73277
           0.86024
           4.76070
          -2.84742
          -3.23823
           0.36125
          -2.53186
           2.70022
           0.40782
           0.28163
           0.94049
          -1.80178
           0.70448
           2.90190
           3.58950
           0.76714
           1.60402
          -0.40192
          -5.50742
           4.14825
           3.23122
           3.75065
           0.00700
           1.19674
           2.94145
          -0.85743
           2.68229
          -4.25965
          -3.12098
          -6.20233
          -1.70487
           0.54347
          -0.15396
           2.30161
           6.45125
           1.17329
           2.75381
          -2.66425
           3.53036
           2.55343
           1.04413
           1.32455
          -0.39596
           5.58186
          -0.80478
          -0.89388
          -3.26077
           5.45799
          -2.07901
           2.83485
          -0.52297
           4.73181
           1.56870
           1.29865
           0.36657
          -0.79276
          -1.44869
           3.75132
           1.32367
           0.13739
          -2.44018
               NaN
           2.91141
           2.07816
          -0.61568
           0.06011
           1.80916
          -2.03615
           1.46298
          -1.03973
          -1.08078
           1.57211
           0.14275
           0.74601
           2.65450
           2.58197
           2.09098
           1.37528
           0.29194
           1.25678
           1.09308
          -3.94746
           5.68946
           3.64698
           0.55594
          -1.81496
          -3.26522
          -2.31464
           4.15306
          -2.10535
          -2.93087
          -3.69074
           1.53224
          -2.27033
           1.18895
           0.58327
           4.13554
           3.31297
           0.94087
          -3.48330
          -0.46019
           2.37307
           2.81964
           1.74596
          -1.79432
           2.07880
          -1.58671
           2.41372
          -3.24502
           3.63634
           1.09337
          -1.03118
           0.78813
           5.31712
           0.86438
          -3.99953
          -1.58258
           1.05962
           0.60505
           0.77681
          -2.99386
          -2.01445
           0.44095
           0.65522
          -1.86373
          -2.45356
          -2.75740
           0.38956
          -2.34218
          -0.70121
           2.02054
           1.82382
          -2.00582
           2.53144
           0.94344
          -0.46434
          -2.63037
           4.44969
          -1.96082
          -3.18288
          -4.29533
          -1.36077
          -0.17286
           1.10602
          -3.50349
          -0.12478
          -0.43374
          -2.92831
          -1.48671
          -0.16500
          -1.78779
          -0.28954
           0.80822
           1.95148
          -0.04667
           2.03512
           0.52992
          -2.64081
           2.57767
           0.65921
           3.71312
           0.01909
           1.97313
           2.34386
          -0.99183
           3.50351
           0.50446
          -2.89236
          -2.57694
          -0.93263
           3.36852
           1.15160
           1.46017
          -1.26144
           1.38301
           0.41934
           0.39241
           0.90454
           0.34705
           2.67274
          -1.63381
          -0.88553
           1.23395
          -1.03723
           0.60503
          -0.43533
           4.18838
          -4.50516
          -0.53459
          -2.01215
          -1.22484
          -1.02357
          -1.62975
           3.29823
          -2.90642
           0.54903
           1.52429
          -0.32840
          -1.62570
          -1.58262
           2.78375
           0.14011
          -1.74844
           0.77108
          -0.67412
          -6.44041
          -2.39380
           1.45522
           2.93133
          -4.38627
           1.60498
          -4.72275
          -1.03783
           0.79732
           2.09727
           1.49424
           1.03273
          -2.41741
          -1.78996
          -3.31248
           4.29382
           0.35321
           1.65489
          -0.52276
          -2.39651
          -5.76601
          -0.89845
           2.75882
          -2.66263
          -2.33678
           4.08530
          -3.79103
           1.11030
           4.17530
          -3.69608
          -3.08376
          -2.71203
           0.50825
           3.35514
          -0.79694
          -0.13877
          -3.26248
           2.04680
          -1.81596
           1.33217
           2.94862
          -3.51397
           1.75139
          -2.35466
           4.08981
          -3.05905
           0.83171
           3.51575
           1.54263
           0.99335
          -3.41306
           0.29136
          -3.32269
           3.72608
          -0.26772
           2.66353
           2.55958
           2.36957
           4.98560
           3.50873
          -1.11829
           0.37932
           1.29743
          -0.46186
          -1.22371
          -2.43946
          -0.40373
          -0.28354
           1.33769
          -2.88714
          -3.91006
          -0.58293
           2.29132
           0.38212
          -2.99255
           0.23932
           1.88327
           0.80604
          -2.15695
          -0.37375
           2.13466
          -0.84177
           3.96031
          -1.84605
           4.40438
          -3.20287
           2.30866
           4.24672
           0.88928
           1.60973
           1.81533
           1.29308
           0.05302
           2.66066
          -0.45144
          -1.55503
          -2.66183
          -0.04291
           0.38703
          -0.52047
           0.46998
          -0.62391
          -0.04888
           1.08285
          -0.40828
          -1.06397
           1.90417
          -3.69038
          -1.30508
          -0.52466
          -1.70162
          -1.37474
          -5.61825
           2.96023
          -0.00569
           0.49550
           0.28723
           2.04969
           1.33066
          -5.18064
           1.76737
          -4.03912
           0.94513
           0.60661
           0.07314
          -1.35387
          -4.55375
           1.84743
           6.58070
          -3.95201
           3.55974
          -1.69292
           1.18862
           0.98728
           0.19381
          -2.35606
           1.00439
          -1.29381
           1.14701
           0.55884
           2.37872
          -0.65523
           0.77508
          -2.13267
          -1.30870
          -3.60194
           2.87803
          -1.95635
           0.58503
           2.25630
          -1.26563
          -1.73873
          -0.50108
           0.06067
          -0.66985
           4.85309
          -1.59684
           3.11698
           4.03861
           4.20625
           1.44934
          -0.65957
          -1.67136
           0.66209
           0.20669
          -1.87955
          -1.21301
           0.56810
          -0.65365
          -0.16532
          -1.09051
          -1.63980
           2.05581
           3.73052
          -4.59745
           2.28386
          -0.02363
          -3.96834
           0.52567
           0.82367
          -1.90088
           0.37248
          -0.40961
           2.28108
           2.57954
           0.43828
          -0.39843
          -1.70959
          -0.35332
           0.97694
          -1.00743
           0.04044
          -1.66018
           2.84923
           0.11044
          -3.42747
           0.27971
           0.81695
           0.45265
          -1.89835
          -3.19911
          -2.06430
           0.75978
          -3.42740
          -3.24306
          -4.55539
           1.21182
           0.42186
          -0.72562
          -3.85313
           0.43034
          -1.09215
          -0.70444
           1.00488
          -1.26424
          -2.52934
           2.68564
          -1.86926
          -3.32860
           0.90537
          -2.73688
          -2.04727
          -0.11883
           2.88639
           1.04844
           1.24413
          -2.12914
           3.57644
          -2.15857
          -0.77077
          -1.65860
          -1.17587
           0.92099
           2.61877
           2.85377
           2.75190
          -2.17731
          -0.28036
          -0.43478
          -0.39976
           2.48794
          -0.45144
          -1.55970
          -3.70290
           6.62795
           3.51624
           1.90263
          -1.43972
          -1.19513
           3.37185
           0.05529
           4.16476
           3.36155
           1.78272
           5.94340
          -3.06564
          -3.39521
           1.95567
           1.60384
           1.71773
          -3.72707
           0.34172
          -1.32812
          -0.15729
           0.46975
          -0.12470
          -1.92754
           3.05768
           1.30918
          -2.51677
           3.14145
          -0.39970
           5.22146
           0.47545
           3.12728
          -2.32452
           2.36991
           1.48919
           0.15416
           3.05344
           1.03125
          -0.45210
          -3.35499
          -1.36000
           2.76693
           1.35352
           1.79984
           1.79419
          -1.43920
           1.07890
           2.25902
          -4.72869
           1.37832
           3.54446
          -0.54898
          -2.64071
          -3.93227
          -0.63112
          -3.86698
          -3.51122
          -0.86990
          -2.48715
          -0.98980
          -1.33678
          -0.08125
          -1.30756
          -1.24893
           4.57560
           1.36437
           2.41309
          -1.23563
          -1.16495
           0.30159
               NaN
          -0.88496
           3.96361
           3.73060
           0.07824
          -3.83713
           3.15519
           1.60916
           1.15940
          -1.12858
           5.12982
           0.53541
           2.30527
           2.80286
          -0.72527
          -4.56280
               NaN
           1.93691
           0.85259
          -1.18598
           2.43441
          -2.12429
           2.11745
          -4.02220
           0.65439
          -0.76319
          -5.93011
           3.71288
           8.91960
          -4.99909
          -2.54096
           6.17245
           7.91829
          -3.47877
          -6.80190
           7.77763
          -2.50756
           4.50917
          -2.43971
          -3.48523
          -8.67508
          10.94534
           9.80378
          -5.64066
           4.06463
           2.33316
          13.20162
           0.22213
           2.39162
           6.77843
           9.78255
          -4.16956
           6.52531
           7.10819
           4.68556
          -0.80507
           4.20486
           1.36439
           3.21450
           3.68920
          -9.42013
          -4.45317
           0.08819
          -3.59191
           1.37511
           0.67730
           0.13442
          -6.33150
          -0.00728
          -3.94000
           4.52375
           3.34388
          -1.29810
           1.82215
           8.14206
           2.95489
           4.58461
          -1.74548
          -1.15746
          -3.26621
          -0.82426
           1.55168
           2.88566
           2.45035
           2.50530
          -1.39632
           5.73830
           1.44283
           5.49455
           5.36170
          -0.71343
           6.81675
           5.80509
          -0.47587
          -3.89270
           3.02618
           8.83946
          -5.43406
          -1.15085
          -1.08456
           0.18888
          -2.25855
          -7.80739
          -3.75763
          -1.47983
           2.00510
          13.03770
           0.80399
          -0.00349
          -0.23316
          -5.53031
          -1.42650
          -9.05559
          -3.30073
          12.18269
          -2.32690
           7.89397
         -13.35868
           1.19435
           1.63641
          -3.05951
           8.26576
          -4.53512
           3.00149
          -0.21577
          -3.01794
          -4.21867
           5.41975
          -6.18284
          -5.25113
           1.23544
           0.13666
          -5.86840
          -5.05779
          -5.13111
         -10.50352
           3.48908
           5.17946
           2.51625
          -3.44608
           3.24191
          -2.22280
          -2.48504
          -0.80667
          -6.76164
           2.98148
          -6.86731
          -2.85627
           8.28243
           2.58472
          -3.21119
           0.30024
           5.02767
           1.91467
          -3.15555
           5.17630
           2.18299
          -4.89170
           0.70512
           1.17120
          -5.40757
           6.45590
           3.73328
          -5.76133
           2.82434
           3.07970
           2.27735
           6.79503
           2.97005
          -4.46918
           0.36190
          -1.14124
           4.42618
           7.43197
           2.94918
           2.47634
          -8.01965
          -0.29621
           1.77170
          -1.75234
          -2.88922
          -7.49767
          -8.20618
          -2.73065
          -2.03804
          -0.09342
          -7.31907
          -0.37524
           3.50272
          -3.65758
          -1.44840
           0.29292
           3.23675
          -0.84280
          -1.65294
           0.74675
          -6.81695
          10.26749
          -2.55316
          -2.74632
           1.28952
           2.19255
          -1.64436
           6.29465
          -5.49955
          -7.26782
          -9.36478
          -2.28892
           7.00493
          -5.52601
           1.29105
           4.68559
           2.91044
          -7.34023
          -9.61344
           2.47743
           2.71689
          -3.70611
           0.93083
           7.71160
           1.87109
          -2.25358
          -3.72752
          -2.64957
          -0.18012
           1.29583
          -5.17952
           3.11103
          -0.48204
           1.57277
          10.90592
          -1.26861
           6.84472
          -6.15643
          -8.93301
          -7.21690
           4.23467
          -0.92670
          -8.62235
          12.70768
           2.72200
          -8.49045
           4.31807
          -3.61314
           7.03962
          -5.59471
           0.05602
           3.04899
           2.07143
          -9.39993
           4.07419
          -6.81393
         -10.81203
           4.00412
           5.57075
          -9.56543
           1.32331
           2.85426
          -5.23613
           7.28711
           2.06291
          -2.52713
           3.70403
           3.77340
           4.47291
          -1.41814
           1.80243
          -6.59641
          -1.08770
          -4.52960
           9.45252
           8.97115
           1.12562
          -0.10221
          -1.64083
           4.44165
         -10.27861
           6.67039
          -0.12009
          -6.33024
           0.95904
          -6.52145
          10.18070
           0.80304
          -6.37966
           0.80798
           1.53627
           1.98205
          -4.95462
           3.51789
          -6.17988
          -3.20536
           1.76511
          -5.22064
           1.02454
           1.14318
           2.22758
           5.30131
         -10.65291
           2.86605
          -0.98653
           5.83004
           5.13715
          -2.31102
           3.74438
          -8.33242
           5.21155
          -6.95863
          10.60097
           0.75953
           0.71097
           4.19961
          -1.41010
           2.03803
           1.61065
          -0.81032
          -0.81283
           1.61732
          -3.62640
          -4.77583
           6.54835
          -3.91584
           8.52962
           4.50391
           3.41937
           6.84198
           6.71968
          -3.51634
          -5.62736
          -8.13374
          -2.91167
          -2.58281
          -5.99754
          -7.81095
           5.16177
           4.05189
          -6.18311
          -2.78325
           6.00768
          -3.48338
          -3.35867
           4.72236
          -5.85306
           1.39766
         -12.54746
           8.42853
          -6.81708
           6.12631
           2.20844
         -10.08818
          -4.26005
           6.86012
           0.70199
          -0.12774
          -2.97589
               NaN
          -4.85579
          -7.23148
           4.66089
           8.91872
          -4.99087
           3.03216
         -10.35328
          -0.39215
          -2.54626
           1.50201
           2.08674
          -3.80527
          -3.65718
           5.71536
           7.55491
          -2.76474
           0.62055
           2.40309
           0.58972
           4.97126
          -2.69814
           3.41940
          11.07243
           1.94979
           6.80437
          -1.11122
           5.38350
           0.35189
           0.38720
           3.30273
           3.76674
          -1.09084
          -4.51531
           0.07229
         -10.06212
          -5.29735
           3.65644
           3.22541
          -0.38171
           1.35889
           1.70282
           7.62112
           8.72255
          -2.64591
               NaN
          -2.71134
          -1.20050
           5.83292
           7.07675
           2.14260
           0.26891
          -2.29192
          -1.06925
          -1.21789
           0.60610
          -3.66008
          -1.44299
           0.10165
          -1.78237
           0.28766
           9.55547
           1.24084
           5.98461
           1.29802
          -4.64167
          -5.26929
           0.03517
          -3.43807
           6.31916
          -0.94896
          -1.54018
           5.80434
          -6.96500
           2.53905
           5.85441
          -6.16256
           3.93227
          11.33141
          13.15938
          -4.66430
           6.56198
           2.60686
           0.62428
          -2.47650
          -5.23844
           5.56693
           1.61607
          -6.93658
         -11.84752
          -1.77673
          -7.87276
          -5.16794
           9.69461
          -6.20758
           1.41251
          -1.16258
           6.09037
          -6.36241
          -6.03672
          -0.91752
           5.06234
          -6.63228
           1.91987
           0.05091
          -1.35943
           5.96186
           0.75036
          -5.18892
         -11.79075
          -3.01462
           4.59062
           3.56057
          -8.11237
           3.26175
           1.46720
           8.65354
           2.44581
           8.37122
           1.55979
           5.48571
         -11.15988
          -1.99707
         -11.76922
           0.27515
          -6.24167
           0.20071
          -9.30199
          -1.00235
          -9.29552
           5.44082
           4.84639
           3.35020
           1.90921
          -1.23856
          -2.95072
          -3.44655
          -5.48461
           6.34596
           2.56336
          -6.36682
          -3.08635
           0.17410
          -3.95020
           9.18202
           8.76014
         -12.89156
          -5.99166
         -11.43049
           4.47439
          -2.95725
          -3.37115
           3.24907
          -1.70670
           7.99307
          -0.21714
          10.68327
           6.96299
           2.12562
          -1.86637
          -6.08723
          -9.89384
           1.22117
          -7.04699
           9.91071
          -8.87358
          -6.32603
          -3.15509
          -3.80187
          -2.21018
         -11.54369
           6.76685
           2.81530
           8.09118
         -12.43427
           2.07303
          -0.59513
          -2.67259
          -8.92724
          -2.86693
          -7.34041
           3.38580
           1.28236
          -3.04543
          -8.45064
          -3.70483
           0.35348
           1.61077
         -12.84559
          -5.37429
          -3.46581
           0.59907
           5.55671
          -4.30254
          10.86831
          -2.18652
           9.49576
          -1.40404
          -4.58026
          -3.93407
          -1.82161
          -1.72519
          -1.22307
          -0.66142
          -3.50375
          -2.56016
           1.13128
          -7.39569
           5.74044
          -8.04638
         -10.27585
          -2.84548
          -2.22243
           5.11482
           1.87662
          -7.16074
           6.76743
           2.84306
           2.36083
          -7.75252
           4.35141
           3.08429
           0.66790
         -11.65515
          -2.00624
           0.71889
           1.50619
           4.96418
          -3.36071
          -5.48670
          -4.74859
           3.72296
          -4.46424
           3.27167
          -7.66822
           2.36939
          -9.47121
          -1.90892
          -1.74597
           2.38659
         -12.87541
          -2.04997
           3.14688
           5.40139
          -1.89851
          -1.98051
          -3.02716
           2.59355
           1.55912
           5.00521
          -0.61197
           3.24736
           3.50557
           4.08706
          -5.07124
           8.20170
          -0.32681
           0.60690
          -6.30708
           3.24501
          -2.37183
          -3.29113
           0.44707
           4.45062
          -9.37221
           4.71300
           2.66490
           7.10882
           3.08363
           4.20886
           5.32023
           2.50142
           0.28362
          -0.83715
           1.13692
           1.64302
           1.90608
           3.42474
          -2.98512
          -0.55905
          -2.91683
          -4.24343
           1.02543
          -3.85467
           2.87868
          -0.33823
          -1.48683
          -4.29244
           1.26080
          -3.35229
          -4.93570
          -3.11447
         -11.13368
          -4.48948
           3.11183
           3.19465
           3.47727
          -8.86770
          -3.33544
           3.58056
          -0.02355
           0.13693
           1.29536
          -3.26775
           2.54075
           4.46858
          -4.23492
          -1.31326
           0.59896
          -0.03272
           1.33200
           2.09450
           3.20208
          -9.79465
           8.57100
           0.82096
          -1.24945
           5.10620
           4.93454
          -2.16472
          -7.47145
           0.33575
           3.55075
          -4.01900
           0.89005
           7.43725
           2.92937
          -7.70902
           1.35935
           1.81468
          -3.18698
           4.60395
           8.20675
           2.47726
          -2.07164
          -6.19512
           7.53317
           3.72352
           8.63623
           5.34366
          -0.89243
          -4.58661
           0.37450
          -0.25994
           5.54775
           3.73543
           5.71435
          -8.95341
          -3.68713
          -4.00921
           2.92539
           1.82826
           7.97529
           6.90525
          -2.36460
           8.37553
           5.48171
          -3.27732
           9.47687
          -4.45835
          -9.49296
           8.15703
           7.03663
           5.24613
           1.36324
          -5.33070
           3.81915
          -1.33532
           2.22155
          -2.03366
           2.46565
          -0.13926
          -5.38860
          12.83551
          -4.49599
           4.25047
          -5.98542
           7.86904
          -3.45983
          -4.13123
          -0.59457
           0.18948
           7.05066
           2.36303
           2.14853
          -4.16670
           3.06846
          -4.79799
          -7.17804
          -3.17651
         -10.01996
          -3.60406
           0.62355
           0.39131
          -2.85765
           3.68398
           0.26763
           3.70604
           0.54895
           0.78524
          -0.27538
           5.80234
          10.26954
          -0.38681
          -9.34485
           0.84017
          -1.13455
          -7.38574
          -3.76051
          -2.26944
           6.68362
          -2.07658
          -1.72355
          -0.06626
          -6.60366
          11.27652
         -13.29789
           3.53201
          -8.14821
          -6.54574
          -1.08306
          -9.52061
          -2.44170
          -1.89505
          -1.55489
         -12.87863
           2.33116
           5.61522
           8.64107
           2.86891
           1.68017
           2.12566
           0.49015
          -1.88613
           2.66592
          -4.36558
          -3.11084
           0.17713
           0.49074
           2.86944
           6.40885
           2.08024
           6.99237
           0.58199
          10.49340
          -9.80963
           2.23222
           2.63739
           5.19098
          -4.52078
          -1.06309
           9.51522
          -6.59720
          11.81067
          -1.28132
           0.69688
           0.30853
           3.68449
           6.65667
          -1.48293
         -14.01104
           4.72865
          -2.40051
           5.31396
          -1.15073
          -4.70807
           3.78200
           5.70668
          -4.27496
           5.69055
          -1.93701
          -0.64078
          -1.76248
           8.11070
          -4.85705
           5.48296
           4.44448
           5.84846
          -4.51628
           2.11229
          -1.21785
          -0.99447
           2.06666
           1.63285
          -2.14257
          -2.34093
          -0.76256
          -7.54138
           0.83221
          -5.58613
          -6.80771
          -6.01075
          -0.26687
           1.08972
           3.96180
          -3.14889
          -5.98228
           4.15966
          -0.84968
          -0.58224
           5.33940
           2.53981
           1.43063
           7.55498
           1.71758
          -8.41118
          11.53282
           0.41151
          -3.96583
           8.70900
           3.83223
          -1.34447
           5.82863
           0.87748
          -0.44895
          -2.51870
          -1.67186
          -0.60569
          -1.01076
           2.57382
           5.29161
          -2.48867
           0.61355
           0.12157
          -0.07774
          -0.33698
           3.41817
           9.31025
           2.59900
          -5.32100
          -6.11808
           8.74893
           6.20380
          -2.58232
          -2.74965
          11.62961
           4.64225
           2.77814
          -0.39036
          -1.90136
           2.95724
           4.21901
          -0.10352
          -0.13805
          -0.54255
          -4.67911
           2.58074
          -3.34526
          -8.96754
           0.71333
           9.03923
          -0.52719
           2.36855
          -2.76053
          -3.00251
          -7.03749
          -2.20846
          -3.07093
           7.94889
          -5.94348
           5.37910
          -0.35709
           0.59649
           0.07427
          -1.98290
          -7.52733
         -10.43120
          -5.63260
           5.99440
          -0.06683
           5.79191
          -1.78902
          -5.99758
          -3.04029
          -0.54796
           8.06580
         -13.24241
          -6.43386
          -4.68849
           2.99442
           2.20055
          -4.73284
          -2.38240
         -12.87730
         -11.91193
           2.70066
         -12.26877
           6.63855
           2.51978
          -5.30712
          -0.53464
           1.16301
           9.47810
           2.65946
          -2.07767
           4.13698
          -0.22367
          -2.02688
           4.57004
          -8.67589
          -2.85160
           3.95763
          -2.98251
           1.41744
         -11.91914
          -0.25798
          -2.12568
           5.57712
          -3.44651
          -4.12572
          -2.24602
          -6.08894
           2.23429
          -5.74990
           6.43884
           3.88287
          -6.45717
          -4.00549
          -4.68612
          -5.96982
           3.37028
          -5.31108
          -1.57963
           7.88355
          -0.93057
          -7.64877
           3.68923
           0.53509
           7.54505
           1.01704
          10.34650
           6.70171
           2.63092
           3.06037
           2.11637
           8.45695
           4.70135
          -2.11120
           5.58871
         -10.70037
          -2.02870
          -6.26170
          10.54352
          -2.31887
          -2.17300
          11.96185
           3.42932
          -7.12083
          -7.48637
           0.00974
           3.31266
          -8.28501
          -0.39881
          -3.63459
           3.35381
          -9.49161
          -3.86540
          -9.99460
          -6.48182
           1.33768
           9.95837
         -13.49763
          -4.65682
          -0.33512
          -2.85092
          -2.35944
           1.52447
          -6.82236
          13.35513
          -1.84499
           0.55125
         -16.51227
          20.60785
          53.25670
         -28.65827
         -40.34162
          27.49459
          21.68719
          -5.95543
         -19.39812
          47.12570
         -39.16841
          19.82435
         -35.33307
           9.61889
         -43.65232
          44.10263
          39.02710
          -8.21792
           7.99788
           3.56047
          14.48886
           5.15237
          18.03609
          27.79560
          33.19853
         -19.42883
          23.26234
          30.97195
          16.15957
          -2.74030
           7.35206
          10.08127
          13.11168
           6.12080
         -40.00116
         -31.77501
           4.66154
         -13.42329
          -2.86531
           6.82497
          21.64373
         -19.62290
          -3.58942
         -22.95188
          24.48114
          40.20015
         -13.08291
           1.39469
          46.47782
          -0.43138
          24.84290
           4.49431
          -9.59353
         -19.10730
         -14.12443
           5.64825
          10.65254
          20.17578
          18.35137
          -4.76788
          40.33266
          11.21100
          28.78335
          11.17038
          -8.83368
          29.72951
          34.82086
         -11.21801
          -9.79398
          36.92458
          49.51728
         -51.05381
          -6.08289
           9.22246
           2.51411
         -15.48669
         -34.75899
         -33.64910
          -8.34481
          -2.14793
          55.84873
         -12.48663
          -8.36540
           2.08802
         -41.30199
          -1.14194
         -20.41736
         -29.21266
          48.34269
          -4.69806
          34.74198
         -51.33582
          -2.75232
          -1.36242
           3.74777
          26.08305
         -32.08024
          24.42658
          12.41124
          -3.90931
         -20.65850
           9.46655
         -15.89815
          -6.33051
          21.91537
           7.35471
         -18.60433
         -11.47898
         -15.14690
         -32.73412
          14.91812
           3.87751
          29.98562
           2.73663
          -2.38362
         -10.42403
         -25.94939
           2.53098
         -35.53150
          16.00453
         -34.09292
         -26.74529
          36.52179
           9.68478
         -15.53469
           9.56767
          17.32352
          10.44637
         -27.03973
          21.51034
          12.07469
         -34.83738
          -1.79941
          17.05193
         -27.76721
           1.94565
         -18.70860
         -19.85880
          23.00714
          12.67811
           8.33537
          20.31185
          14.60399
         -38.92738
          11.06074
          13.49544
          31.40664
          16.82505
          13.92640
           2.30301
         -25.21752
          -9.36299
          18.98459
         -19.80324
         -10.42668
         -38.98252
         -30.49937
         -13.51834
         -12.40946
          10.13543
         -24.11396
           3.25294
          10.38415
         -24.73611
         -22.19500
         -12.30607
          19.43191
          -6.40265
         -14.25884
          -8.59150
         -36.11689
          43.51900
         -19.00780
          -7.31539
          -0.68055
           5.19563
           6.23924
          44.68822
         -15.34708
         -39.06487
         -44.10965
          -8.75169
          34.35221
         -33.09267
         -22.18664
          14.07210
          19.69008
         -48.77363
         -59.43305
          23.57800
          10.26026
           2.17983
          22.51049
          35.13810
          -7.27693
          -3.24641
         -20.87850
         -11.53311
           9.67091
          -7.85956
         -13.91370
           0.80094
         -10.41361
          16.50571
          41.77490
         -11.77873
          46.05718
         -30.04531
         -51.78927
         -41.44109
          18.92523
          -9.69412
         -45.34972
          35.62854
           4.40535
         -43.95705
          20.48164
         -19.24464
           8.78011
         -12.98516
         -22.30446
           8.67221
           1.10810
         -27.69673
          27.41912
         -40.37535
         -46.60076
          23.84295
          19.73064
         -29.97739
           3.41845
          33.43607
         -16.30099
          34.07256
          12.49069
          -5.00257
          17.27189
          14.76713
          26.44831
          -6.34116
          35.31436
         -32.80400
         -18.83726
         -28.82139
          51.09139
          44.44718
          -5.03648
          -0.00127
          -4.63364
          12.71583
         -50.79598
          11.25540
          -5.89286
         -45.77373
           8.81304
         -23.28133
          43.10236
          -3.66059
         -44.41017
          -0.81152
          19.34856
          10.81492
         -19.37042
          11.84601
         -16.70868
         -21.24830
           5.33962
         -25.38480
         -14.39153
          23.20325
          14.86793
          16.31413
         -28.59923
          23.02636
           6.28969
          29.08535
           1.02042
          -4.59824
          11.43853
         -30.31371
          11.35725
         -24.48257
          41.00467
          -5.08313
           3.16776
          12.13352
          21.47039
           1.11851
          11.56300
         -17.97158
         -18.33818
          -9.56827
         -29.22325
         -18.73892
          44.32627
         -19.87273
          52.44945
          12.12887
          30.28306
          40.31504
          16.51067
           0.25772
         -46.81053
         -49.45409
           8.74573
           6.58732
          -2.07872
         -37.72651
          18.17695
          22.57137
         -24.35450
           4.07904
          21.38146
         -10.62956
         -25.65877
          46.58738
         -14.18783
          11.44914
         -48.62754
          26.21898
         -24.24202
          19.02422
           0.52646
         -39.17671
         -25.05255
          13.84710
           9.99977
          15.99859
         -16.66491
          62.66861
         -14.01876
         -32.57421
          -6.71073
          47.76108
          -2.51289
          -6.88784
         -46.47678
          -2.68300
         -23.52434
          18.79107
           5.48625
         -31.88371
          -5.40866
          29.37040
          31.00985
         -16.24038
          12.93632
          28.78328
           1.44776
          -1.44382
         -13.06005
          10.82218
          26.43397
          -4.31280
          26.33186
           3.23162
          28.02189
          16.01842
           9.67698
          18.55473
           6.62329
           8.58351
         -24.65347
          10.64531
         -38.73353
         -27.45756
          30.59039
          18.51311
          14.49724
          -3.82534
          11.03763
          19.41993
          36.42167
         -19.96619
          59.64705
         -11.70378
          -6.64512
          21.33473
          35.20364
         -22.60954
          -8.77956
          -4.07802
          14.03998
         -22.05201
          -1.68248
          -5.89965
          -1.87354
         -12.36656
          -4.06366
         -15.52516
          53.75313
          -5.52951
          39.39676
           8.63767
         -18.91376
           9.64107
         -20.03414
         -24.99025
          50.26291
          -9.52455
         -12.71559
           9.41682
         -36.28171
          13.86559
          33.37304
         -18.18586
          27.15636
          49.08550
          44.64935
          -9.12242
          32.42906
          -8.00318
           0.18038
         -27.04580
         -13.15634
          18.11310
          12.16677
         -33.42705
         -61.19864
         -11.01982
         -41.55115
         -34.21176
          51.10861
         -30.98640
          13.38674
           5.73430
          62.65330
         -20.05064
         -27.06938
         -14.48892
          25.37063
         -25.72363
           7.63960
          11.19161
          -6.56023
          31.80277
           3.55844
         -29.99588
         -44.69747
         -14.81132
          15.20685
           2.57783
         -30.26503
          16.92572
          -5.57986
          14.97863
           3.79850
          41.06385
          23.36727
          25.37513
         -57.25316
         -13.69461
         -49.33161
         -23.75019
         -26.45092
         -22.38638
         -40.65209
          -8.33305
         -50.09291
          30.07357
          32.47772
           0.35365
          23.09910
         -25.18548
          -6.24698
          -5.81810
         -13.02546
          22.42343
          -3.60106
         -30.94912
         -35.02115
          -6.55987
         -17.23960
          13.49696
          55.90958
         -46.58669
         -33.73552
         -41.41628
           4.43042
         -13.18807
         -29.24683
          10.71234
         -25.32811
          44.74637
          25.40318
          63.67419
          22.36038
          -2.73715
          -0.44253
         -25.47983
         -66.93200
          -9.14236
         -30.27377
          33.90955
         -37.55437
         -27.96322
         -11.33292
         -15.02342
           1.12303
         -58.85587
          14.11872
          10.98159
          36.72128
         -58.37327
          19.79423
         -25.90691
           2.02071
         -49.57328
         -16.35705
         -17.92594
           0.22604
           8.06592
           8.71764
         -40.29111
         -14.95561
          -0.83088
          21.99811
               NaN
         -30.41359
         -21.10494
           5.90683
           5.47777
         -19.49010
          29.61520
         -14.85273
          19.13755
           8.24571
         -17.82543
          -5.03654
          -8.06127
         -24.98714
         -23.99479
         -19.16430
         -14.94909
          -4.86243
         -10.10357
         -16.26253
          39.21366
         -58.56703
         -40.37160
          -7.31460
          12.68593
          33.05299
          21.29085
         -43.00224
          25.50249
          27.52496
          32.91691
         -19.97769
          24.09810
          -7.73883
          -4.36908
         -45.69808
         -31.67283
          -7.21065
          30.03967
           9.24342
         -23.93017
         -29.61855
         -19.25080
          19.32972
         -21.81729
          17.00340
         -27.59734
          29.35385
         -39.91056
         -10.66803
           7.28579
          -4.69828
         -57.13899
          -9.48948
          36.69544
          19.37420
         -11.05879
          -6.73959
          -9.61786
          27.79909
          18.59790
           0.97965
          -6.12054
          19.30215
          24.45077
          28.73672
          -8.15622
          29.19699
           5.83068
         -17.53702
         -21.54453
          20.44157
         -24.18188
         -11.21892
           5.55728
          27.41989
         -47.31585
          21.71449
          29.35829
          43.98332
          14.81479
           5.76407
          -4.62964
          31.57617
           1.46700
           2.94576
          25.26101
          14.39803
           3.40168
          19.03146
          -0.60624
          -7.50268
         -19.74387
          -3.64340
         -17.12495
          -8.25102
          25.55088
         -23.13978
          -6.99946
         -36.53057
           1.19869
         -20.40433
         -24.72695
           5.36967
         -39.78230
          -8.30079
          27.64246
          25.59971
          11.74474
         -37.09709
         -13.03816
          -9.80762
          10.66724
         -11.94076
          -2.32637
          -6.26613
          -5.50312
           1.33284
         -27.45519
          12.15098
           8.16406
         -10.59278
          10.46435
          -2.69317
           7.22671
         -44.96005
          47.45410
           5.47457
          15.23648
          15.99266
          13.95658
          11.62625
         -35.42117
          24.08047
          -1.18547
         -16.95304
           3.78385
          22.02775
          17.15794
         -30.77419
           0.76679
          16.58272
          -9.73651
          11.34341
          61.91608
          23.31931
         -14.45104
         -31.15971
          45.16631
         -10.71255
          49.23739
          14.59656
          -7.81879
         -22.30318
         -12.91465
          -9.25291
          26.77658
          19.29220
          34.08546
         -45.56332
          -6.65928
         -17.72692
           7.61223
          22.07841
          56.53542
          15.41992
         -26.82368
          32.18358
          25.84272
         -40.11074
          42.89325
         -13.39894
         -43.80961
          40.39919
          34.41712
          28.69238
          -2.81728
         -34.41348
          10.82379
           0.05317
          29.75898
         -19.92986
          17.95006
         -11.71765
         -30.73920
          45.06112
         -19.32470
          24.47288
         -41.82673
          34.99171
         -10.38327
         -35.21867
         -14.20659
          -8.31950
          36.89677
          -0.23223
          29.66061
         -37.24566
           5.64940
         -27.62873
         -28.59523
         -23.73383
         -52.50918
         -34.65580
          10.06126
          -2.49517
         -13.91284
           7.89189
          10.71553
          24.99692
           4.52216
           3.81523
         -12.01480
          30.76136
          44.81809
           4.77330
         -27.52308
          -2.43158
          23.13738
          -9.33708
         -19.94808
          -9.17304
          25.88183
           1.00445
         -20.50623
           7.33603
         -40.50507
          29.48115
         -48.91455
          30.75682
         -27.10761
         -43.56920
          -8.78396
         -22.07329
         -18.07736
         -12.93488
          -2.04817
         -33.76082
           6.31155
          19.70364
          32.45939
           3.33629
          -1.49381
           6.65312
          -3.61378
           3.60432
           3.13935
         -13.34532
           0.92164
           9.25423
         -16.61144
          33.46374
          18.20671
           7.52224
          22.87304
          12.54636
          59.43117
         -33.92305
           2.62964
          -1.69108
           2.53162
         -21.94374
         -12.62171
          54.29761
         -21.23800
          47.90252
          -9.00339
          -4.53588
          -0.17999
          15.57393
          45.27404
         -17.69994
         -69.59873
          37.89320
         -34.11743
          20.35237
         -11.40275
         -12.93196
           2.16287
          26.60087
         -12.55642
          17.54542
         -11.83187
          -5.26688
         -22.80709
          14.64777
         -11.21288
          24.05584
          16.29544
          36.87879
         -29.43017
          19.20955
          -6.22628
         -20.60254
          12.93883
          16.67203
           2.01032
          -2.80587
           5.03176
         -50.00937
          14.22615
         -32.50923
         -41.82708
         -42.86950
         -12.48894
           6.95810
          18.57239
          -8.42789
          -7.39156
          20.57504
           9.28289
          -5.52318
          11.15385
           4.13968
          10.84298
          22.63329
         -16.87613
         -39.83632
          53.25755
         -20.14858
          -3.68776
          43.40529
          -0.83199
          -8.46287
          22.57062
          -2.35905
           3.00549
         -21.99281
         -24.63399
          -4.41952
           2.51058
          17.28289
           8.42726
         -10.52613
           9.32433
           0.06495
          13.77681
         -25.98482
           2.78172
          39.69840
           0.07091
         -11.97494
          -9.60146
          26.06252
          33.76284
          14.28369
          -9.09152
          43.09896
          32.14244
          40.34661
         -10.91815
          -5.51594
           9.34109
          36.67716
          -3.82761
           9.10432
           5.61636
         -12.80281
          13.45705
          16.89844
         -30.76800
          16.50879
          38.69854
          -8.19064
          25.24859
          14.04489
          -2.04400
         -31.39160
         -11.10309
         -12.39051
          27.00371
         -37.00181
          24.30946
           6.58115
          14.58136
          10.00100
          -9.82468
         -29.12009
         -33.68057
         -29.20634
          25.30631
           2.80469
           9.72825
           1.60351
         -26.82661
           0.85797
          13.25469
          40.74773
         -69.95286
         -36.77375
         -20.86723
          15.49626
          12.70450
         -34.20913
          -2.81967
         -46.33044
         -39.11845
         -13.58476
         -62.77170
          33.42664
          30.66666
         -21.77517
         -14.37659
         -14.30087
          42.23649
          -0.21690
           8.88764
           5.77787
          -4.28314
          -0.88553
          21.33062
         -34.07217
         -13.52756
          25.41585
         -30.22481
           4.83559
         -55.79971
          -4.01517
         -30.03425
          25.96403
         -23.75107
         -16.57935
          -3.57392
         -32.19124
          -6.97790
          -2.11090
          35.95206
          15.79713
         -29.96208
         -15.35962
         -19.62542
         -20.58311
          16.14812
         -14.09125
         -21.53106
          48.37659
         -12.97283
         -37.67713
           8.68400
          22.56136
          42.21204
           6.77010
          45.09838
          36.92264
          10.45158
          24.19984
          10.84776
          20.76535
           5.38603
           8.65007
          16.62189
         -49.17338
         -13.79202
         -26.34189
          22.04856
           7.21781
          -4.74189
               NaN
          11.20418
         -41.39938
         -39.33991
          -0.32512
          35.07375
         -34.46186
         -14.35000
         -13.09165
          13.12584
         -53.57402
          -8.36997
         -28.52946
         -30.18270
           7.74073
          49.95041
               NaN
         -21.00869
          -7.02649
           6.82504
         -23.19457
          19.90566
         -23.94047
          49.90105
           1.05658
          -0.97471
          -4.22726
           0.99419
           1.78500
          -1.19192
           3.54182
           2.74136
           5.70264
          -3.08023
          -4.77496
           1.44585
           3.39179
           2.04470
           2.85340
          -5.59391
          -3.04665
           5.60977
           5.10125
          -5.22593
           3.43170
           2.13566
               NaN
          -0.57123
          -0.12584
           3.39641
           6.01452
          -1.71408
           3.83204
           3.26810
           2.83920
          -0.49366
           3.69842
          -0.03830
           1.62187
           3.29792
          -4.49912
          -0.05662
          -0.64774
          -2.00988
           2.05747
          -0.31197
          -3.32680
          -4.19269
           0.56915
          -0.88067
           1.31227
          -2.58692
           0.59828
           1.89093
           1.97318
           3.49980
           1.32471
          -2.74957
           0.20004
          -0.71710
           1.31596
           0.89247
           1.63583
          -0.40198
          -0.04460
          -0.85377
           0.17147
          -0.12903
           1.74699
           4.42699
           0.59326
           3.12970
           1.13596
           1.25273
          -2.94308
          -2.42865
           2.29371
           1.90694
          -0.35720
          -2.74313
          -0.18529
          -0.12991
          -3.47042
           1.05242
          -0.37514
           2.67339
           6.14867
           2.94268
           1.34208
          -0.60668
           0.22596
          -1.47229
          -7.22729
           0.86894
           6.36393
          -1.94534
           3.57367
          -7.24751
           1.82944
           2.11898
          -4.15492
           5.39865
          -0.10264
          -0.44618
          -2.24767
          -2.87450
          -1.57322
           4.76855
          -4.61948
          -5.07744
          -2.09231
          -1.02484
          -3.81897
          -4.02452
          -3.51940
          -6.92624
           1.64995
           5.38896
          -1.90405
          -4.44098
           4.14715
          -0.90308
           1.29077
          -1.34376
          -2.13208
           0.88584
          -2.48624
           0.98788
           3.73823
           1.44220
          -1.22813
          -1.19104
           3.04906
           0.54177
           0.68782
           2.54788
           0.59125
          -0.07293
           1.10815
          -1.38428
          -1.80953
           7.18167
           7.34456
          -3.49280
          -0.42342
           1.53515
           1.30252
           4.61994
           1.09795
           1.07573
          -1.35972
          -3.49653
           0.08456
           5.92047
           1.18276
           2.50423
          -5.25222
           1.16278
          -0.99815
           1.15236
          -1.67631
          -2.43122
          -4.61882
          -0.99472
          -0.36910
          -1.73942
          -4.61648
          -0.95908
           2.39538
          -0.26569
           1.89008
           2.32032
           0.63067
           0.05187
           0.37557
           2.24943
          -2.10209
           4.91675
           0.09467
          -2.01108
           1.60654
           1.70930
          -2.91296
           0.11647
          -3.91491
          -2.15113
          -3.77374
          -1.24895
           2.60428
          -1.09007
           5.06902
           3.17514
           0.21031
          -0.67289
          -1.59661
          -0.91801
           1.50303
          -4.65326
          -2.54170
           3.29820
           3.34317
          -2.09382
          -0.96763
          -1.22006
          -1.76532
           2.76909
          -3.77404
           3.48276
           1.11612
          -0.83019
           5.93858
           0.42264
           0.53477
          -2.31230
          -2.03671
          -1.70965
           1.87070
           0.48412
          -2.71229
               NaN
           2.45112
          -2.78327
           1.71708
          -1.09777
           6.75954
          -4.40546
           3.65420
           2.14411
           2.22645
          -6.45567
           0.31759
          -1.41332
          -5.05302
           0.81171
           3.29218
          -6.28079
           0.98617
          -2.06688
          -3.45561
           2.97688
           0.38490
          -2.12879
           1.52072
           2.00433
           0.93669
          -0.62594
          -3.59021
          -2.37916
           1.76851
          -0.62064
           2.75212
           3.26245
           2.11720
          -0.11845
          -1.15924
           3.11020
          -3.75867
           5.93259
           0.80885
           0.01689
          -0.30480
          -3.82450
           4.88305
           1.52131
          -0.25991
           1.06859
          -1.33003
           0.56069
          -2.63487
           2.17776
          -4.48562
          -0.30195
           1.18991
          -1.97588
           3.50525
          -2.40666
           0.19353
           3.52916
          -7.76505
          -0.37809
          -2.15740
           2.08787
           5.79961
          -1.94297
           2.50626
          -4.79525
           4.22261
          -4.13872
           5.70850
           1.69972
           0.31563
           2.92291
          -5.09196
           2.18600
           0.00914
           1.95123
           2.00730
           3.41727
           0.49257
          -2.52893
           0.46924
          -1.34811
           1.46217
           3.27692
          -0.90346
           1.45560
           5.14414
          -4.12365
           0.99972
          -1.48459
          -4.78755
          -4.05844
          -6.62815
          -2.99703
           3.06740
           1.07179
          -3.25902
          -3.88751
           3.53377
          -2.33343
           0.22980
          -2.01444
          -4.51185
          -0.21979
          -6.74156
           5.56574
          -4.01311
           4.05082
           2.47910
          -5.40734
          -0.91418
           5.73580
          -0.79418
          -2.72274
          -0.77310
               NaN
          -3.38131
          -3.15340
           6.49078
           2.66832
          -5.38962
           4.62846
          -4.54039
          -0.02352
           0.82948
          -1.28009
           1.53970
           0.71303
          -3.37534
           1.90886
           3.78061
          -0.59628
          -1.36127
          -1.84194
           0.45165
           6.00356
          -1.03073
           2.22817
               NaN
           2.95754
           3.66206
          -1.81005
           1.74060
          -2.16913
          -1.10768
           0.84842
           3.30707
          -2.64761
          -1.27473
          -1.62909
          -5.44841
          -1.73139
          -0.67769
           0.76536
          -2.77599
           2.19312
           0.20069
           5.72248
           4.26529
           0.14122
           8.24198
          -1.26430
          -0.32437
           3.33841
           2.55066
           6.12565
           1.72496
          -2.00451
          -3.50058
           2.13468
           0.97437
          -3.29970
          -1.37371
           2.10800
          -1.41527
           2.83222
           2.44332
           2.33030
           0.60802
           0.11695
          -2.34505
          -7.66863
           3.26467
           0.03005
          -0.75214
           0.43100
           0.25813
           5.22304
          -2.24744
           0.71642
           1.42619
          -4.22781
           0.19512
           5.25613
           8.09211
          -3.94691
           2.39953
           4.31420
           0.69571
           1.47711
          -3.96431
           3.54804
          -0.08171
          -2.67381
          -3.90608
          -0.28936
          -2.45333
          -0.49429
           3.03039
          -2.22025
          -0.51435
          -2.27240
          -3.01157
          -4.15973
          -2.65220
           1.26634
           1.79439
          -3.56016
           0.99946
          -1.74182
          -0.52254
           1.80362
           0.29849
          -1.19705
          -6.49550
          -1.11633
           2.88228
           3.71871
          -4.54763
           1.06298
           2.60120
           7.63573
           2.22814
           3.11042
          -1.94941
           2.28516
          -3.74268
          -0.11474
          -5.72479
           4.14123
          -2.98965
           3.83536
          -4.25722
           0.17729
          -2.73053
           1.47699
           0.40004
           3.83240
          -1.50061
           2.61491
          -2.42030
          -3.06493
          -4.27116
           3.75882
           3.55533
          -2.41111
           2.05251
           1.25771
          -1.81170
           8.48767
           1.17299
          -7.46944
          -1.52720
          -6.60526
           4.48147
          -1.31093
           0.79269
           2.04810
           2.09439
           2.07884
          -4.33989
           2.15612
           4.48529
           2.90812
          -2.09549
          -2.96663
          -0.71543
           2.88884
          -3.30940
           6.04889
          -4.25835
          -2.84424
          -1.83914
          -1.99613
          -2.74655
          -3.93036
           5.58381
           1.50121
           3.48411
          -5.04190
          -0.77861
           3.47797
          -3.42783
          -2.38660
          -0.69614
          -5.63702
           3.89426
           0.19077
          -4.93831
          -3.32697
          -1.89439
           0.54406
          -1.66990
          -1.61851
          -1.34504
          -0.62738
          -0.25504
           5.56941
          -1.85860
           7.85162
          -0.14831
           7.94423
          -2.95685
          -2.44888
          -3.75667
          -0.81754
           2.01805
           2.44129
           2.31601
          -1.66200
          -2.18968
           2.93916
          -5.96887
           0.35403
           0.08326
          -5.43293
          -2.12633
          -4.62144
           0.61909
          -1.24746
          -1.39323
           3.75264
          -1.12868
          -2.55616
          -5.78528
           1.17383
           4.82592
           1.47843
          -6.17706
           2.76762
           1.99489
          -3.08533
           4.27558
          -0.05073
          -1.60348
          -2.41493
           1.21157
          -1.67184
           1.06199
          -4.46129
          -1.97287
          -4.57300
          -0.49943
          -3.19933
           3.52667
          -5.75265
          -0.85282
          -2.25166
           3.15293
          -0.42446
          -1.21469
          -1.96661
          -1.46246
          -1.18271
           5.65299
           0.27445
           0.66387
           0.13513
           0.12051
          -4.57482
           4.82320
          -1.31766
           3.52656
          -3.85511
           0.47779
           1.13778
          -2.01541
          -0.37525
           0.75448
          -3.26643
           1.97717
          -1.63052
           1.17508
           1.19589
           3.95860
           6.92133
          -2.17720
           0.09319
          -1.44588
          -2.74505
          -0.40948
           1.66542
           0.91335
          -3.36793
           0.55829
          -0.20907
          -4.33999
           3.94613
          -3.14722
          -0.76966
           3.33092
          -0.59975
           0.89523
           1.27080
          -0.60833
          -1.75095
          -4.47972
          -6.52363
          -3.87617
          -0.83557
          -0.41071
           2.14689
          -4.32511
          -1.77411
           5.73494
          -1.74388
           2.08043
           1.87816
          -2.78526
           3.83515
           4.97317
          -0.49838
          -3.47989
          -0.61839
           1.66658
          -0.13756
           2.86492
           2.55445
          -4.13593
           2.31404
           0.07211
          -3.90232
           3.35438
           3.48274
          -4.38392
          -2.97386
          -3.48518
           4.31289
          -1.93770
           0.42439
           5.08939
           0.63975
          -3.99744
           1.45471
          -0.56174
          -2.13305
           3.51945
          -0.43600
          -0.87659
          -0.07958
          -2.17789
           1.47735
           6.04654
           2.10282
           3.85471
           0.22214
          -1.73571
           2.51295
           1.18719
           2.13167
           1.23208
           1.14896
          -3.06225
          -3.20886
          -1.80179
           2.17119
          -1.43033
           0.16114
           5.53509
           1.57129
           4.54440
           2.20527
           2.64981
           4.09960
          -3.01966
          -3.97083
           2.96872
           2.63065
           1.47323
           2.03596
          -0.65078
           2.69199
          -1.55875
          -2.20970
           0.84615
          -0.02606
           1.72391
          -1.30926
           7.64986
          -2.10980
           0.99633
          -0.21794
           3.50454
          -2.34573
           0.87127
           1.59583
           1.55872
           2.24791
           2.78065
          -2.27864
           1.15626
           2.65315
          -1.12414
          -3.73165
           0.13152
          -3.18271
           1.39269
          -0.89514
           0.85580
          -1.07868
           3.00685
          -1.41361
           0.27998
          -0.09041
           0.29766
           1.61369
           1.78600
           4.71009
          -1.21716
          -6.41966
           1.36665
          -5.04032
          -7.07173
          -1.15565
          -1.15853
           3.59430
          -2.57237
           1.29891
          -1.25742
          -1.14834
           8.34708
          -7.56656
          -0.84893
          -5.09731
          -0.58804
           0.15615
          -7.50067
           0.07434
          -0.11856
          -1.47551
               NaN
           1.69065
           3.34815
           4.80830
           2.79370
           2.19092
           1.39712
           1.15054
          -2.76964
           2.58974
          -2.92059
          -3.75973
          -1.28353
           3.24278
          -2.05371
           4.51038
           1.20453
           4.43690
          -1.34328
           2.61847
          -5.92937
           2.16827
           3.33391
           5.61892
          -1.71713
           0.79689
           2.30897
          -4.24124
           6.00288
          -0.03871
           1.53892
           0.38714
           1.77128
           0.44247
           1.12666
          -5.06603
          -0.60809
           2.70328
           2.89402
           0.49900
          -3.38470
           4.04255
           2.34445
          -2.94233
           3.78289
          -0.34476
           0.10364
           1.62396
           7.05878
          -3.83429
           2.49427
           2.53746
           0.85514
          -0.50721
          -0.63895
          -0.41191
           2.16081
           0.31714
          -0.78721
          -2.81084
          -2.26611
          -1.69496
          -0.70756
          -1.32311
          -1.25375
          -1.17250
          -0.07955
           1.69987
           0.14540
           1.61070
          -2.29941
          -5.75550
           1.51815
          -2.48018
           0.21284
           4.40376
           2.28237
          -0.08398
           5.12862
           4.70963
          -3.35434
           4.81860
           3.71998
          -4.01058
           3.12577
           4.58278
          -0.19900
           3.13456
           1.39829
          -1.00483
           0.61502
           2.02314
           0.00803
          -1.57741
           0.20688
           4.78703
          -1.19530
          -0.78817
           0.13068
          -2.30718
           3.79020
           3.52058
           4.42027
           3.00581
          -4.25026
          -5.55755
           5.96288
           1.76908
          -5.29635
          -1.72914
           6.56566
           0.21700
          -3.26726
           1.30374
          -1.31972
           1.92997
          -1.00406
           0.49575
          -1.62531
          -1.53362
          -3.37187
           0.83056
          -6.60281
          -5.45947
          -1.82842
           4.26654
           0.70599
          -1.31324
          -5.46480
          -3.15675
          -3.11850
          -0.77716
          -1.57125
           4.88264
          -0.94566
           2.33288
          -1.47357
          -1.65392
          -1.52311
          -0.72103
          -4.05269
          -6.68998
          -1.83918
           2.88678
          -0.52891
           5.15848
          -2.33494
          -2.64583
          -3.66759
          -2.76904
           2.80672
          -4.11674
          -1.55165
          -2.08506
           0.98267
           0.51029
           0.01040
          -2.31203
          -7.49412
          -7.53393
           5.32126
          -4.14199
           2.32790
          -2.00954
          -2.65713
           1.69277
           3.65141
           4.20672
           3.12231
          -3.84218
           3.87293
           0.42957
          -2.21054
           1.87298
          -4.58919
          -1.13366
           0.50464
           1.40125
           0.86740
          -4.85801
           0.34662
           2.36529
           2.29652
          -0.17916
          -2.12172
          -2.03234
          -1.88863
           3.71669
          -6.33548
           1.68965
           1.96566
          -2.67483
          -2.17842
          -2.28213
          -3.61830
           1.31411
          -3.89820
           1.63089
           1.36753
           1.00723
          -2.81670
           2.88549
          -3.00931
           1.96654
           0.09128
           4.75434
           1.83864
           1.37244
          -0.34133
           0.71134
           6.47632
           4.59117
          -3.84287
           3.81328
          -4.50941
          -0.13578
          -3.03046
               NaN
          -3.85349
          -1.75962
           2.34913
           2.17821
          -1.60482
          -2.36059
           0.06363
          -1.79825
          -4.07271
           1.84617
          -2.11279
           1.78132
          -2.39800
          -3.14054
          -7.01203
          -2.66795
           0.30732
           3.52297
          -2.05856
          -2.02553
           0.74163
          -4.40795
           0.99328
          -1.43338
          -4.06776
           7.47427
