           0.13428
          -0.95648
          -0.29664
          -0.99831
          -0.90869
           2.22372
          -0.67689
           0.48737
          -0.15240
          -0.66469
          -0.21916
          -0.48971
          -1.13040
          -1.75319
           1.15867
          -2.23828
          -0.77457
           2.23020
          -0.10952
           0.60100
           2.06090
           0.25572
          -0.81546
           2.31844
           0.06299
          -0.49411
          -1.53023
           0.94620
           0.28598
           0.05825
          -2.81596
           2.80840
          -1.08509
           1.67996
           1.02048
           0.57010
          -0.16565
          -1.69146
           1.38065
          -0.86014
          -0.81017
           2.09665
           0.14694
          -0.64464
          -0.63099
          -0.22538
          -0.66957
          -0.91613
           1.78615
           1.23656
          -2.80152
          -1.47177
           0.02278
           1.08934
           1.03049
           0.40242
           1.24826
          -0.26911
          -1.20749
           0.55902
          -0.91498
           1.78986
          -0.89890
           0.91012
           1.21850
           1.20124
           0.79688
           0.53982
           0.52545
          -0.24911
           1.07595
           1.06677
           1.90449
           1.49651
          -0.06728
           0.54339
           0.65575
          -0.81185
          -1.04722
          -2.60046
           0.75585
           0.38098
          -2.87832
           2.00390
           1.87036
           0.13696
          -1.59458
          -0.43803
           0.52036
           0.32326
          -2.14972
           0.63413
           0.24767
           0.44418
          -1.04161
          -0.62640
           2.83464
           0.26375
          -2.78416
          -0.46974
          -0.88528
           1.10928
          -0.49322
           0.79185
          -1.11882
           0.54170
           1.74036
          -1.65612
          -0.15555
          -0.38903
          -0.07209
          -0.67229
          -2.27631
           2.93655
          -0.10654
           0.65464
           0.75450
           0.50016
          -0.65598
           0.45289
          -0.15172
          -1.33921
          -0.08795
           0.36011
           2.18562
          -1.90642
           0.26775
           1.01557
          -2.34067
           0.58309
           0.69709
          -0.36987
           2.35998
           0.76644
          -0.35355
           1.16718
           0.62806
           0.23701
           0.03348
           0.36421
          -0.01666
               NaN
           0.32494
          -0.58988
           0.98212
           0.85620
          -1.45533
           1.43178
           0.03241
           1.92977
           2.40151
          -0.26963
           0.92476
          -0.76710
          -0.16295
          -0.42643
          -1.07789
          -2.72222
           0.48008
          -2.90665
           0.11169
           0.65147
          -1.43257
          -0.83078
          -0.95289
           0.09667
          -0.34820
           0.96456
           1.59059
           0.45850
          -0.10627
          -0.10373
           0.26929
          -0.53716
          -0.51354
          -0.81875
           0.89045
           1.31681
           0.83766
          -0.28001
          -1.00463
          -1.40350
           0.19198
          -0.16103
           1.08444
           1.69068
          -0.26783
           0.17437
           0.28938
          -0.20908
           1.33518
           0.54897
          -0.60026
          -1.11283
           2.44687
           0.08923
           0.70569
           0.09145
           1.53619
           2.28848
           0.89366
          -0.21269
          -0.78528
           0.33552
          -1.70213
           0.07984
           2.14562
          -0.04525
          -0.64929
           2.65159
           0.47982
          -1.04844
           0.79386
          -0.07898
           1.49123
           0.14889
          -0.91050
          -0.66298
           0.41312
          -0.41511
           3.10625
          -0.37510
           2.38943
          -0.47920
           0.76264
           0.10214
           0.38032
          -0.03793
           0.83903
          -0.38723
          -1.36478
          -0.66967
           0.79302
           1.45622
           0.89740
           0.48867
          -0.08235
           0.25559
          -0.54348
           0.30777
          -1.28937
           0.76558
           0.33315
          -0.90620
           2.20591
          -0.38624
          -1.79241
           0.65455
           1.21472
          -0.11835
           0.16738
          -0.77341
           0.43501
          -2.34861
          -2.42007
           0.88669
           1.74011
          -0.57004
          -1.85692
          -0.97996
           0.45291
          -0.07267
           2.43862
           0.76598
           1.42504
          -0.35116
          -0.87929
          -0.04204
          -0.67634
           0.74928
          -1.24040
          -0.58729
           0.93158
          -1.77734
           0.65676
           0.16215
           1.32155
           0.77786
           1.20487
           0.84903
          -1.00822
           0.85502
          -2.20628
           2.01223
          -1.41764
          -1.86185
          -1.91730
           0.98605
           0.65530
          -0.87010
          -0.79008
           0.47945
           0.96888
           0.39889
           0.76214
           0.38115
          -1.58668
           0.79767
           2.64226
          -0.85392
          -0.12507
          -0.69850
           0.03973
          -0.17823
           1.24318
          -2.03910
           1.76758
          -0.56661
          -0.10357
          -0.12778
          -0.93768
           0.77389
          -0.14115
          -1.94252
          -0.24113
          -0.34893
          -0.21081
           1.23479
           1.18213
           2.30217
          -0.23758
           0.04419
          -0.80696
          -2.34569
          -0.13863
           0.67420
          -1.19205
          -0.24482
          -0.21708
           1.52089
           0.88634
          -0.61276
           0.48682
          -1.29755
          -2.25516
           0.65604
           0.34382
           0.57134
           1.22082
          -0.40537
           0.20234
          -1.16783
          -1.07712
           0.61777
           0.98612
           1.82358
          -0.01495
          -1.71127
          -1.01350
          -0.69206
           0.14140
          -1.47145
           2.23879
          -0.91707
          -0.55776
           0.65518
          -0.94566
           1.50056
          -0.25331
           0.50227
           0.74994
           1.39838
          -0.14151
          -0.43412
          -0.59684
          -1.59200
           1.95177
           0.33845
          -0.76322
           0.00934
           0.35657
          -0.22423
          -1.72447
          -1.70221
          -2.22412
          -0.36523
           0.16954
           0.03455
           2.45425
          -0.70687
          -0.89124
          -0.31306
          -0.32971
           0.74533
          -0.10375
          -1.57106
          -2.20032
           0.17905
           1.17215
           0.66064
           0.57395
           0.32960
          -1.02612
           0.42884
           0.45034
          -0.18771
          -0.76008
           1.32097
           0.17096
           0.09969
           0.82180
          -0.99610
          -0.80266
           1.62897
           1.33808
          -1.46141
           0.59944
           0.22999
          -1.55417
           1.10313
           1.52933
           0.31362
           0.31402
           1.23943
          -1.18650
          -0.42949
           0.52053
          -0.29766
           0.38761
          -2.63058
          -1.83696
           0.56489
          -1.33063
          -0.98797
           0.27634
           0.58300
          -1.47592
           0.60541
           2.37706
          -1.02567
          -1.02824
          -1.89106
          -0.11675
           0.98292
           0.07942
           0.52471
          -0.32068
           0.05428
          -2.29598
           1.43055
           2.34406
          -0.59527
          -1.39618
          -1.12450
           0.90844
          -0.85349
           2.05711
          -1.69418
           0.34118
          -0.10039
           1.34823
          -1.30108
           0.74181
           1.17499
           0.26899
           0.12205
          -2.08468
           0.03144
           0.33989
          -1.64377
          -0.43361
           3.09338
           2.19973
          -1.04474
           1.94917
           0.55621
          -0.65351
           0.34635
          -0.12644
           0.19478
          -0.51658
           1.24795
           0.95433
          -1.74512
           1.90042
          -0.58257
           2.03422
          -0.85010
          -1.94083
           0.14110
          -0.57444
          -2.14037
           1.49041
           1.59903
           0.77317
          -1.26614
           0.08337
          -0.84797
          -0.87190
           0.22921
           1.97569
          -1.89901
          -1.24466
          -0.93112
          -0.16286
          -0.08027
           1.28205
          -1.45867
          -1.18090
           0.49674
          -1.41762
          -0.01993
          -0.98650
           0.18773
           0.97322
           0.66580
          -1.39039
          -0.82182
           0.38012
          -1.69080
           1.89628
           1.18653
          -1.52356
           0.74785
           0.07017
          -1.01921
           1.46896
          -0.73509
          -0.31801
           0.11658
          -1.63533
           0.69920
          -3.01526
           0.45183
           0.49658
          -2.36005
           0.68039
           1.32830
          -0.52561
           1.00112
          -1.67643
          -1.04455
           0.08590
          -0.68015
          -0.01815
           0.93983
          -1.97740
          -0.07428
           1.40943
          -2.18990
          -2.53639
          -1.01994
          -2.21594
           0.03931
           1.63863
          -1.07327
           0.62210
           1.82907
          -1.00619
           0.45459
          -0.47487
          -0.37485
           0.10720
           1.38812
           1.21197
          -0.98639
           1.12830
          -0.52580
          -0.64792
          -1.52334
          -1.31446
          -0.27570
          -1.17136
          -0.71629
           0.29790
           1.02480
          -0.14572
          -0.49665
           2.38977
           0.05824
          -0.00444
           0.59530
          -1.80116
           1.15482
          -1.20061
           0.40586
           2.83338
          -0.42283
           1.23047
          -1.44464
          -1.43607
          -2.87334
          -1.52399
           0.31766
           0.85782
          -0.91305
           2.20201
          -1.71731
           1.65596
          -2.20909
           1.26730
          -0.05292
          -1.31414
           1.19794
           0.42621
          -1.21189
           0.19954
          -0.25482
           0.35250
          -3.06879
          -0.72288
          -0.79144
           0.64984
          -2.47797
               NaN
          -2.30518
          -1.22406
           0.49822
           0.31170
           1.04220
           2.29529
               NaN
          -1.26590
               NaN
          -0.33546
           1.46018
           1.35728
          -1.49404
          -1.67839
          -1.25797
           0.62171
           0.69133
           0.95413
           1.29085
          -0.86902
          -1.28881
          -0.88678
          -0.95286
          -0.47329
           1.33460
           2.87805
          -1.68292
          -0.72964
          -0.05366
           1.29571
          -1.45072
           0.21561
          -0.08250
          -0.96894
          -2.54591
           0.00535
           0.75496
          -1.65078
          -1.01501
          -0.30425
          -1.38390
          -0.47031
           1.79388
           0.98769
           2.56129
           1.38343
           0.61711
          -0.31734
          -0.65862
           0.06372
           0.29574
          -0.19948
          -1.55204
           0.44489
           1.18206
               NaN
           1.14824
           0.60541
           1.27723
          -0.20555
          -1.42346
          -1.50339
          -0.19556
          -0.22530
          -0.53427
          -0.28956
           1.09483
           0.86222
           0.62854
          -0.00849
           0.41892
           1.63059
           0.79143
           1.37042
          -0.53321
           0.87180
           0.20024
           2.29615
          -0.17021
          -2.60486
           0.53700
          -0.16958
          -0.70955
          -0.52082
          -1.94601
          -0.01037
           1.16613
          -0.11223
          -0.21977
           1.12973
           1.42565
          -1.39506
           0.70005
          -1.61930
           0.76987
          -0.69992
           0.96686
          -0.02620
          -0.60385
          -0.17809
           1.74543
          -0.12581
          -0.04384
          -0.36337
           0.19569
          -1.37877
           0.16163
          -0.92738
          -2.77752
          -1.63224
          -1.18673
           0.51044
          -1.11011
          -1.29177
          -0.10968
          -0.52781
          -0.18567
          -0.50636
          -0.85717
          -2.87462
           0.85507
          -2.62448
           1.69308
          -0.65942
           2.03491
          -0.85806
          -1.01025
          -0.49593
          -0.01128
           1.95321
           1.10160
           0.12759
          -1.07142
           1.15432
          -0.30015
           1.58017
           0.00291
           0.04552
           0.31512
          -0.30079
          -0.48745
          -1.55503
           0.44716
          -0.59781
           0.75496
           0.18580
           1.12436
          -1.13980
           0.20551
          -0.82245
           0.03100
          -0.61593
           0.49989
          -3.02011
          -0.30356
          -1.86837
          -1.15558
           2.22524
           1.20472
           0.44360
           0.64317
           0.45939
          -0.13297
           0.16767
          -0.36589
          -0.70855
           0.09813
           2.08162
           1.43329
          -1.87071
           2.40808
           1.11621
           0.28304
          -0.34563
          -1.67406
          -0.85427
          -0.99876
          -0.63948
          -0.49490
           0.95863
          -0.83219
          -0.58909
           2.19690
          -0.46978
           0.24148
          -0.75999
           0.12928
          -0.81368
          -0.14897
          -0.93323
           0.40662
           0.28871
          -1.54258
          -0.91664
          -1.55828
           2.60632
           0.70162
          -0.21765
           0.13675
          -0.08314
           0.23481
          -1.42378
           0.49104
           0.37385
           2.45238
           1.53411
           0.47202
           0.95138
          -1.53437
          -1.18560
           0.16254
          -0.45337
           1.41132
          -0.64596
           0.98437
          -0.25387
           0.42984
           0.44579
          -0.45052
           0.54498
          -1.25609
          -0.73809
          -0.88070
          -0.16131
           0.70486
          -2.24005
           0.03411
           0.77284
           0.85742
          -0.02767
          -0.28290
           0.45809
           1.01002
          -1.85053
          -2.21859
           0.97610
           1.24471
          -0.49679
          -0.36585
          -2.81634
           0.99987
          -0.52512
           0.39517
          -0.77239
          -1.02892
          -0.75629
          -0.80827
           1.24301
           1.65088
           0.90185
           1.45137
           2.52156
           1.46060
           0.79525
           1.11588
          -1.04957
          -0.70474
           2.50997
          -0.13472
          -0.45457
           2.23859
          -0.46751
           1.07575
          -1.27428
           0.30493
          -0.62347
           1.64218
          -1.32642
          -0.83619
           1.56547
           1.77926
          -0.35580
          -1.45276
           0.41532
           0.53908
           0.35234
           0.32085
          -1.97254
          -0.92368
           1.77585
          -0.97344
          -0.59678
           0.76055
           2.31172
          -0.16334
          -0.34916
          -0.37493
           1.62212
          -1.50016
          -1.12528
           2.01007
           1.46543
          -1.46701
           0.90196
          -0.03254
           0.63000
           0.67630
           1.21098
          -0.41348
          -1.58247
          -0.66662
           0.79315
          -1.76358
          -0.81141
          -0.06298
          -0.59020
           0.58444
          -1.34981
           0.86172
           0.91780
          -0.13285
           1.68750
           0.59460
           0.46625
          -0.34627
          -1.20892
          -2.16973
           0.34304
          -0.11794
          -0.43674
          -1.12697
           0.64783
          -1.50180
           0.80167
           2.85025
          -0.33769
           0.49864
          -0.51786
           1.04050
           1.11070
          -1.05050
           0.11873
           3.17699
          -0.98282
          -0.24940
           0.39659
          -1.47884
           0.27503
          -0.24553
           0.23208
           1.47356
           0.12678
          -0.19577
           2.85162
          -0.12681
           1.93566
           1.01679
           1.39319
           1.48242
           1.59743
          -0.12731
           0.68696
          -0.11123
          -0.81757
           1.72961
           0.47150
          -0.83456
           0.22464
          -0.90233
          -1.06993
          -0.46937
           0.92638
          -0.02370
           1.51739
           1.23377
          -0.54254
          -1.20255
           0.41351
           0.06353
           1.71528
           3.08425
          -0.79961
          -1.14360
           0.53762
           1.30688
           1.52273
          -1.44477
          -1.03042
          -0.39800
           0.73781
           1.01223
               NaN
           0.71230
          -0.28443
          -0.00868
           0.84210
           0.35766
           0.34852
               NaN
          -3.12074
          -1.05234
           0.30483
          -0.41269
           1.29575
           1.24135
           1.05551
           2.91913
          -0.16198
           0.38917
           0.59445
          -6.24320
          -0.00270
           1.03490
          -2.89574
           2.35075
           0.27875
          -1.05901
           3.45450
           1.99238
          -0.00269
           4.02795
          -0.04478
          -3.56379
           0.68533
          -2.12053
          -2.12708
          -0.75664
          -0.74518
          -3.53288
          -2.07152
           3.72641
           0.64626
          -0.86565
          -2.66199
          -0.64827
           5.52976
          -3.41124
           4.38165
          -2.82407
          -0.93822
           0.16153
          -0.80788
           2.09452
          -2.34422
           0.18571
           0.77116
          -3.80774
           0.82670
           1.01048
           0.79576
           0.04766
           0.51324
          -0.28698
          -3.88148
          -1.10414
           1.64960
           0.41415
           0.31709
           0.56926
          -0.48725
           0.43126
          -1.66057
           2.55749
           0.74590
           1.06838
           0.12920
          -3.15878
           0.40247
          -0.71630
          -1.57200
           0.80437
          -0.15750
           2.15721
          -1.80756
           0.92722
           0.95141
          -2.06248
          -5.10849
          -1.30238
           1.07235
          -1.84222
          -1.30823
           1.00344
           2.39385
           0.65318
          -0.29714
          -0.41202
           3.15821
          -2.90629
           0.89664
          -3.40290
           3.75959
           1.70744
          -1.75023
          -0.57867
           2.22505
          -2.65330
           0.46288
          -1.04265
           0.40077
           2.86120
          -3.06923
          -2.14453
           4.02459
           0.14154
          -1.17595
          -2.39329
          -0.10770
           0.29434
           0.27992
          -1.86819
          -2.91946
           1.37280
          -1.01202
          -0.80532
          -1.80200
          -0.75555
           3.66459
          -1.56802
          -4.73693
           0.82132
           1.23604
          -2.41695
          -0.65937
          -1.90801
           1.73971
           1.23734
           1.58990
           3.31958
          -1.54984
           3.91543
           1.98372
          -2.13047
           2.31256
           0.03386
          -1.63437
           2.20324
          -3.83175
          -2.63299
          -3.25211
           1.32421
          -0.49491
           0.18628
           2.49160
           0.57169
           0.69298
           2.23797
           2.37233
           0.71637
          -2.36973
           2.53208
           2.38926
          -0.84886
           4.46778
          -0.69102
          -0.35373
           0.03095
           0.41944
           2.00925
           0.64362
          -3.12470
          -0.12533
           0.67295
          -3.84746
           3.28230
          -1.14242
          -1.85647
          -1.47462
          -0.80122
           1.80810
           1.93954
          -0.55570
           0.79766
          -0.77064
          -2.34679
           0.58274
          -1.64267
          -0.38129
           3.60740
           0.26908
           0.89750
           1.61015
          -6.21858
           1.11771
          -1.35330
           0.91928
           0.26359
           2.13053
          -1.79578
           0.07008
          -1.55100
          -0.51399
           0.50471
           0.82743
          -2.95200
          -3.50522
          -4.48071
          -0.37770
           1.02156
          -3.86361
           0.98231
          -0.23266
           0.60652
           3.82138
          -0.78987
           0.51865
          -3.76595
          -1.00330
          -0.94954
           1.00909
          -0.56191
          -5.27539
          -1.45327
           1.44725
          -4.12828
           1.80777
          -0.55952
          -1.92524
          -2.26351
          -0.93658
          -2.70706
           0.33152
           2.38313
          -2.24988
           2.55817
          -4.26337
           0.72701
          -0.95480
          -0.17075
          -1.96293
           4.33725
          -0.50108
           2.52885
           0.63283
          -2.91570
           2.51107
           1.58977
           1.96018
          -1.96038
          -2.92143
          -2.88560
          -0.43409
          -0.14594
          -0.72572
          -3.72383
           3.53812
           0.25689
          -0.05858
           2.82511
          -5.28709
           1.88119
           1.02532
          -0.25097
           0.05876
           1.70360
           2.95706
          -3.26676
          -0.91554
           3.56970
           3.97357
          -0.64403
          -4.44659
          -1.23643
           2.08382
           1.08332
           1.05157
           2.82790
          -2.02180
          -0.66657
          -1.45800
           1.31521
           3.98457
           1.86677
           1.65110
          -3.45755
           1.53907
           1.76647
          -1.83271
          -1.19212
           0.75467
           1.46665
          -2.19414
           1.33329
          -0.77935
          -0.43515
           1.84521
           1.13786
          -2.37585
          -2.69357
           1.15145
          -0.01494
           3.36917
          -4.89386
          -0.34112
           2.08027
           2.28417
           3.40634
          -3.70698
          -1.72957
          -0.01240
          -0.71373
           3.90023
          -0.79941
          -0.84462
          -0.53793
           0.71027
           1.24834
          -3.11701
           0.39775
          -0.59684
          -2.00477
          -1.86397
          -1.79294
          -0.89682
           4.36880
           2.43291
          -1.91297
          -0.76016
          -0.64398
          -4.65733
          -0.49149
          -1.83361
          -1.59047
           0.00641
          -3.07774
           1.44408
           0.18372
           2.12586
           1.64023
          -2.28997
           1.41245
          -2.96040
           0.08116
          -2.24871
          -2.38376
           2.90406
          -3.07440
          -3.56886
           2.91731
           3.88971
          -3.63807
          -3.03313
          -1.53891
          -1.38942
          -0.67458
          -0.43962
           5.84503
          -0.40517
          -5.28434
          -4.91037
          -0.30392
           0.13835
           4.66292
           0.10575
           0.18316
          -1.87950
           0.21933
          -1.06933
           0.06291
          -0.40883
          -0.84913
          -3.54880
               NaN
          -1.35634
          -2.26856
           0.72035
          -4.05463
           1.17821
           0.64904
           0.47678
           0.45652
          -0.52505
          -1.49598
           0.77773
          -0.46084
          -2.09333
           1.35282
           2.92207
           4.94216
           3.37707
           0.42360
           0.93733
          -5.52883
          -5.16264
           1.42619
           2.02264
           0.84621
           1.77465
          -0.92874
           4.96566
           2.85411
           2.26734
          -0.63965
          -3.34270
          -1.10888
          -2.38510
           0.09430
           2.06465
          -2.30327
          -1.18905
          -2.86970
           1.57507
          -1.47110
           0.23490
          -1.09837
          -0.57140
           4.04038
           2.43105
          -3.63806
          -2.08978
           1.51455
          -1.01931
          -1.97493
          -0.28677
           2.02634
          -0.96600
          -0.58396
          -1.23122
          -2.82427
           3.52094
          -0.96833
           0.42386
           0.09122
           0.54363
           5.76571
           4.80882
          -0.28897
           3.11376
           2.85871
          -1.18058
           1.81423
           1.00644
           1.74475
          -3.29432
           1.70232
           3.22577
           3.59323
          -0.04863
           0.17987
          -2.10816
          -6.06756
           2.93418
          -2.30650
           3.07629
           0.50169
          -0.87725
          -1.37608
           0.25821
           0.19318
          -4.73740
           0.70205
          -1.44346
          -1.00925
          -2.27681
           2.85926
          -0.56263
          -1.17083
          -1.29778
           1.63333
           0.86123
           0.52433
           2.08679
          -0.46278
           2.35516
           0.54494
           4.40884
          -6.13490
          -1.67016
           1.99369
          -3.38567
           0.43011
           3.33155
           1.01357
           5.05349
           4.16483
           1.65794
          -0.93477
          -1.87168
           1.12129
           1.01297
          -1.12166
               NaN
           1.86092
          -1.60593
           3.06180
           0.49184
           3.39069
          -3.34235
          -1.63361
          -2.81045
           3.21421
          -1.23282
           0.19586
           1.76936
           0.97985
          -2.44935
           3.74040
           1.23685
           1.30590
           2.84286
           0.76882
          -3.83196
           3.86026
           0.86723
          -2.14311
           4.82301
          -1.53266
          -0.34219
           0.84398
          -0.43198
           0.96418
           3.82870
          -0.43793
          -0.92567
           3.02165
           0.03899
          -5.37394
           2.42129
           1.57177
          -1.15745
           0.80689
          -3.19119
           0.56170
           0.79468
           0.06402
           1.07316
          -0.42348
               NaN
          -1.16827
          -2.43777
           3.21367
          -1.34860
          -0.37263
           1.13307
          -0.73110
           5.38214
           3.51159
          -0.78625
           4.73589
           0.08385
          -1.62722
           3.44031
           1.02054
          -2.95575
           1.55040
           3.18476
           2.30216
           2.89628
           0.02479
          -4.46540
           0.09045
           3.02861
          -4.60481
           2.71854
           1.24441
           1.23052
           0.56860
          -0.72512
          -1.03737
          -2.10480
           4.17825
           0.41008
           0.66821
           2.24716
           3.60202
           1.10088
           2.75717
           2.36700
           0.53300
          -3.25465
          -1.61591
           0.36042
          -1.02321
          -5.91996
           4.85878
          -0.92872
           0.03944
          -0.21455
           0.39025
           1.07948
          -4.80421
          -2.93136
           2.49347
           0.44761
           4.25665
           0.81794
           4.95290
           3.91617
          -3.17287
          -2.52026
           0.65153
          -2.84649
           3.16799
          -2.22279
           4.04359
          -2.06302
           0.08556
          -0.92862
          -5.46205
          -2.57630
          -0.14456
          -2.91703
           4.10846
          -1.99974
           2.10596
          -0.30908
           1.78017
           0.33802
           3.00689
               NaN
           1.09319
           4.37824
           2.48437
          -3.34337
          -1.07507
          -1.70237
          -5.96503
           1.45951
           6.06580
           1.79038
          -2.63152
          -1.59496
           0.15954
           3.87376
           2.49801
           2.33897
          -1.37716
          -3.55776
          -2.18886
           2.84966
           2.33415
           1.67543
           2.08048
           1.82495
          -0.85922
          -3.49018
           5.99086
           3.79033
           1.74005
          -4.49177
           4.53250
           0.95786
          -1.68209
          -0.99427
           6.18629
           1.84861
           1.01461
           2.99593
           4.20283
           0.05334
           1.97912
          -3.35600
          -4.80241
          -3.12345
          -2.62482
          -1.55851
           1.24770
          -1.99399
          -0.07881
           0.26407
           1.03604
          -2.24025
           0.51375
           1.97405
          -2.60342
               NaN
          -4.39282
          -4.34378
          -3.36435
          -3.79083
           4.45731
           3.40575
          -1.05587
           2.44066
           1.35891
          -0.16646
          -0.22523
          -1.34631
           2.59721
           1.88374
          -0.71397
          -1.96575
          -2.97812
          -2.30226
           1.89061
           0.94763
           2.61582
          -2.27287
          -1.10434
           3.57178
           0.01063
          -1.87783
          -1.23827
           1.43854
           5.75523
           0.63451
          -4.59031
           2.74673
           1.72496
          -2.62592
           0.77599
           1.08989
          -0.92830
           6.37067
          -0.60434
           0.21696
           1.49267
           1.50366
           4.51608
           0.73645
          -1.26603
           4.10648
           0.05427
           5.47094
           3.39004
           1.71260
           0.97308
           2.59502
           1.12223
           0.86608
          -2.06424
           3.57112
          -0.57061
           1.67899
          -2.64246
           1.43715
          -2.68326
           1.02791
          -0.95951
           3.28561
          -1.18281
          -0.16559
          -4.28467
           1.88645
          -2.18872
           0.65542
           0.07184
          -1.46114
           3.58987
          -1.91108
          -1.36591
          -1.25841
          -1.35782
               NaN
           2.88866
          -0.89379
           1.55961
          -2.62929
          -0.13204
          -1.71783
           3.39360
          -1.84338
           2.93848
          -0.34273
          -4.24166
           0.36879
          -1.02286
          -1.42786
          -0.74479
               NaN
          -1.68725
           0.09645
          -1.24133
           3.38051
          -1.30709
           2.27830
          -0.09162
          -5.93616
           1.64318
           0.91125
          -0.73954
           4.08936
           3.07979
           1.44159
           0.63475
           3.36173
           0.54638
          -0.03669
          -4.71488
           1.55022
          -3.04862
          -3.48279
           4.33868
           1.44751
           2.24299
          -0.85648
          -0.60455
          -1.21916
           0.93885
          -0.08403
          -0.79029
           1.45874
          -2.20992
          -0.79217
          -1.48340
           0.66470
           2.30351
          -0.63342
          -0.54481
           2.03142
          -0.28533
           0.53795
          -0.59162
           0.53192
           0.49810
          -1.21104
          -3.03701
           0.66502
          -1.83173
          -0.77179
           2.55587
           0.39760
           2.23258
           0.85686
          -2.25135
          -2.93159
          -0.47651
          -2.61914
           3.95843
           3.34541
           3.77328
          -0.74578
          -3.02170
           1.46904
           0.29642
           2.97797
           4.45644
           1.91675
          -0.09665
          -0.30405
           3.01674
           2.59459
          -2.77451
          -4.59592
          -0.52797
           3.21595
           1.33417
           2.71758
          -1.68434
          -2.58206
          -1.49576
           0.60197
          -2.89026
           1.82792
           3.61989
           0.95161
          -1.38362
          -0.80188
          -1.45004
           2.24634
           0.77060
          -0.35657
          -0.37753
          -0.33739
           2.68447
          -1.13149
           0.42366
          -1.35013
          -4.99858
          -4.28821
          -0.94167
          -5.93938
          -5.23026
          -2.75478
          -0.67309
           2.51842
           0.42649
          -3.10703
          -1.93850
           2.19218
          -3.36531
           2.94527
          -2.54680
           4.47668
           1.33306
           0.83941
          -5.97034
           1.26041
           1.40265
          -0.85692
          -5.48667
          -1.05610
           4.15787
          -0.69528
          -3.61359
          -1.05089
           2.88309
           2.55771
           2.47845
          -1.72924
           0.42793
          -1.43345
          -0.51089
          -3.35906
           2.60041
           2.37337
           1.59405
          -1.34462
          -0.33975
          -1.45030
          -3.27427
           0.89506
          -1.05306
           0.44699
          -2.29705
          -0.72788
          -5.44229
           0.83053
               NaN
           4.00763
           0.67760
           2.57023
           3.92178
           4.27732
          -0.07449
           3.90115
           1.67267
           1.91786
           0.51773
          -1.86316
          -0.95454
          -2.86750
          -3.56481
           0.57142
           1.13432
           3.81601
           5.77796
          -3.41185
          -2.31747
           3.79672
           3.56591
          -0.73445
           2.81765
          -0.80221
          -2.09101
           2.16212
          -0.15174
           4.01545
          -4.07044
           0.54240
           1.04888
           2.50924
               NaN
          -1.05860
           1.25604
          -0.28132
           0.32334
           1.33908
          -0.63269
          -2.99942
          -1.00501
          -1.37799
           3.97587
          -4.57783
           0.95347
          -4.53579
          -0.80688
           2.17624
          -4.14661
           0.08605
          -1.39205
          -2.87884
           1.54519
           1.06117
          -0.53144
          -0.74719
           2.08547
           0.10475
           3.40138
           0.50829
           0.10881
          -1.46082
           2.46197
           0.40208
          -0.48927
          -0.90358
           0.31558
          -0.16775
          -4.22959
          -2.69945
          -4.50986
           0.93391
           5.88041
           0.30817
          -4.34630
          -5.85156
           2.43690
          -0.78636
           0.87173
          -1.51954
           0.61488
           4.46758
           0.75522
           2.24353
          -0.14629
          -1.83061
           0.04473
          -2.34482
           6.26881
          -1.26435
           0.46292
           0.86297
           3.22439
          -2.58939
          -1.05261
          -0.15314
          11.35010
           2.57050
           8.82585
           8.45394
         -24.84183
           5.81085
          -3.24054
          -1.60177
           8.28724
           2.29221
           3.18450
          13.33252
          16.93202
         -10.16938
          23.18924
           6.67635
         -22.85691
           1.67095
          -7.18356
         -19.89388
          -2.95785
           6.08759
         -23.62416
          -2.60478
           8.25091
          13.62500
          -8.94726
          -5.03002
          -0.96628
          29.91540
         -28.06575
          13.91998
         -17.25425
          -9.63281
          -4.79890
           0.68002
          16.65374
         -14.16936
           7.56624
           7.74052
         -21.81789
          -0.34590
           6.58092
           6.35684
           1.99938
           6.31258
           7.45038
         -19.08831
         -11.77519
          25.03615
          12.76340
           0.13822
          -8.94399
          -9.29197
          -3.10340
         -12.45782
           5.06691
          10.98528
          -3.84163
           7.83020
         -18.39907
           8.07462
          -8.65877
         -12.10841
          -9.78507
          -6.90169
          -2.65070
          -6.27601
           3.56125
          -8.42767
         -11.07747
         -21.06059
         -14.34657
           1.66489
          -6.41746
          -6.66429
           8.07944
          11.42183
          22.08573
          -6.84102
          -3.59474
          27.45625
         -20.25077
         -15.78969
          -4.53327
          17.55452
           5.49734
          -6.21367
          -2.94284
          20.37945
          -7.91706
          -1.66989
          -4.72998
           9.23640
           8.46937
         -28.00746
          -4.16534
          27.73059
           4.25128
           6.27268
         -11.81150
           4.37022
          -6.67193
           9.79561
          -6.41910
         -17.95847
          15.42744
           0.28986
           2.48099
          -0.86045
           4.99684
          23.09810
         -27.88158
          -3.87973
          -4.86647
          -5.12733
          -6.66561
           4.94815
          -5.76480
           3.03755
          13.16054
           2.31126
           0.09234
         -20.74411
          20.32700
           0.02259
         -10.52380
          22.11172
          -5.03778
          -7.40742
           5.38821
         -24.13147
          -9.15333
          -0.28142
          -9.07061
          -5.93336
          -1.82956
           2.16866
          -2.52915
           0.88085
          30.28513
          -0.25990
           5.83555
         -10.75442
          -4.91118
          14.80829
         -13.39114
           4.22087
         -17.73915
         -21.08416
           2.33857
          -7.74081
           8.73385
           2.00223
           0.38896
           8.99802
          23.11207
          -7.80314
          27.73829
          -1.99020
          -7.38154
          10.38380
           6.13923
          10.10150
           1.31284
           2.41456
          -7.62774
         -14.78998
          -6.26287
           1.48032
          -0.75851
          -2.72258
           8.49484
           4.91737
           7.94610
          -6.29117
         -17.00238
          -6.09427
           1.14783
           9.46271
          12.00243
           0.46042
          -0.31586
          -9.48934
         -16.30485
           1.93215
          -0.96578
          -1.66874
          -1.24682
         -14.77003
          -9.06438
           4.86175
          10.46887
         -25.10935
           0.17833
          -6.35371
          -0.21370
         -10.25496
         -21.19505
          -7.32430
          -2.01927
           5.79973
          -3.85519
          15.30832
          -0.72061
         -23.51778
          -0.84664
           7.00422
         -27.10185
          -2.34454
           8.29897
          -8.63975
          -1.42725
         -13.96543
          -3.93937
           8.00070
           8.28753
          -5.68564
           6.15695
         -31.29638
           4.08739
         -22.22331
           3.85749
          -8.48174
           3.37900
          -3.58657
           2.85863
          -6.78423
           0.45891
          14.22607
           7.66189
          -5.12398
         -14.62166
         -10.44023
          -6.96472
           0.29271
          -2.34089
           3.87046
          -6.30090
          14.77296
          -6.44072
          -2.25533
          11.00875
         -24.02961
           5.37774
          16.20668
          -5.91303
         -10.64586
           2.73081
           1.46493
           3.25065
          -4.54557
          23.70873
          24.85042
          -8.38009
         -19.23440
           3.60383
          18.02580
           9.41986
          -2.93911
           3.45686
         -23.44976
          -7.31621
         -13.79780
           4.46028
          11.74573
           2.20906
           7.56195
          -9.79335
          12.08298
           6.98097
          -9.62082
          13.44025
          -4.78301
           0.04089
         -13.28313
          -5.46572
         -11.08500
          -7.83671
          10.77340
          -6.39516
          15.49747
         -20.14206
          13.16306
          15.45272
          19.82681
         -13.02268
          -6.03325
           9.63056
           9.13794
          -0.80930
         -11.30238
          -5.08157
          -6.65578
          -3.99619
          17.72891
          -7.65179
         -24.59331
           6.71096
           1.78099
           7.32937
          -3.43259
           1.89563
         -11.44195
          14.51977
         -17.27878
           3.04822
           0.01823
           5.56966
          10.58993
          -8.22403
           0.65583
          15.64906
          -2.25286
           2.49525
          -0.09899
         -12.26705
         -10.43060
         -22.97856
           3.71467
          -0.23945
           9.13171
          21.33609
          -0.90523
          -4.53457
           6.82840
           2.15061
          -0.38589
         -15.42622
          -5.04074
           1.95033
          -7.68103
          14.43196
          23.30222
          -9.15312
          -5.59748
          -6.43274
         -11.95605
           2.93127
          -2.13292
          16.21260
           8.67246
         -10.28002
         -12.99898
         -16.44661
           0.23356
          19.54477
           8.79162
           6.18458
          -2.95963
          12.59082
         -20.99418
           7.92753
           4.34632
          -6.46601
           4.46205
         -19.21287
           0.80807
          -6.49171
          -5.90920
         -15.93499
           2.49646
           4.43115
           5.56148
          14.06525
         -17.71017
          -3.90413
           7.31313
          -0.44303
          -5.15110
           3.26511
          17.77996
          19.87231
          22.39068
           3.79891
          -0.39141
          -5.84381
         -26.18261
           7.55186
          10.19632
           3.50078
           4.81046
          -7.17997
           6.23720
          16.38551
          20.84356
          -2.06509
         -13.30870
          -6.83517
          -7.18402
          -2.73387
          10.98902
          -5.93031
          -4.99442
          -1.34429
           8.07541
         -12.73896
          -1.26152
          -1.80833
          -7.71086
          13.10257
           9.45537
         -17.59796
         -13.62983
          13.98990
          -6.21398
          -3.69586
          12.84837
          -7.86039
         -14.34893
          -3.26485
          -3.89383
         -13.39321
          13.82672
           2.76516
          -4.14218
           2.62394
          -2.69962
          28.53791
          20.75678
          -5.13934
          14.69011
          11.72967
          -3.36957
          -3.27029
          13.89007
          -3.37020
         -23.82687
          10.51145
          12.28342
          19.81378
           1.41725
          -8.39394
          -2.79351
         -10.26602
           6.03208
          -2.79023
          22.61561
         -12.24228
         -21.81607
           3.74276
          12.02851
           9.65641
         -12.23125
           7.96514
         -19.51897
          12.94690
          -5.09549
           3.88993
         -12.34141
           9.58811
          -7.55849
          -8.54827
          -1.36661
          -0.32238
          19.81754
          -0.76794
          -0.63120
          14.31800
           8.28900
               NaN
         -20.81575
          11.10545
         -20.08463
          -4.45144
           9.18884
          -2.05410
           6.19301
           2.41695
           6.13544
         -11.68626
         -10.05401
          15.76294
         -16.08264
           3.75974
         -23.80881
           9.19456
          14.27823
           1.79489
           5.38458
          21.84806
         -15.92918
         -15.40738
          -9.19621
          14.32761
          -1.96177
           7.43510
           9.44646
          -1.02794
         -19.54500
          20.07568
          11.87650
           9.54656
           4.23579
           1.42500
         -14.65461
          16.51741
          10.87115
          -6.39525
          17.22844
          -1.40308
           8.07454
          -0.81026
          -8.89085
          -4.88404
          16.12872
           6.55046
          -4.08599
          17.55720
         -16.89406
         -15.23902
          15.55212
          -5.06652
          -1.76712
           9.56534
         -15.78842
           6.85864
           3.97597
          -0.95729
          14.99258
          -6.43023
               NaN
          -4.77305
          -6.58609
          23.31838
          -7.21645
         -12.02998
           5.66426
          -9.48221
          20.05758
          12.68427
          -1.42070
          10.80842
           0.47318
          -9.74979
          21.12158
           1.62937
         -14.99636
          19.87179
          24.70392
          11.08205
          21.66466
          -0.33368
         -18.35985
           9.12306
          -2.55856
         -20.18313
          11.54909
          -2.76913
           5.30398
           3.76611
          -1.65402
         -13.20439
         -12.41003
          12.82029
          -9.51391
           5.25008
           7.84534
          16.85731
          12.61799
           5.42088
          12.56096
           6.90148
          -5.67201
         -10.46154
           1.72684
           3.11350
         -26.19381
           4.29737
          -0.87964
          -5.09925
          14.82938
          -9.83042
          11.44338
          -8.18434
         -27.69446
           6.16159
         -10.46844
          16.85806
          13.39351
          29.60680
          17.40522
          -5.81750
          -9.77813
           8.44085
         -21.94576
          17.87934
         -16.45815
          23.24967
         -12.74789
           0.83190
           9.95334
         -15.45477
          -6.18597
          10.17724
          -4.35138
           6.33733
          -4.99388
          27.58271
           5.88453
           8.66066
          -5.14564
          24.01532
               NaN
          20.26574
          15.10693
          -1.94752
          -5.85305
         -10.13242
         -21.86523
               NaN
          12.32625
               NaN
           4.70519
         -15.24234
         -13.32471
          12.72641
          18.41945
          13.32561
          -3.15619
          -7.32718
         -11.49504
         -13.17317
          10.43324
          13.60922
           9.27136
          10.45559
           5.92490
         -12.47268
         -28.77819
          20.85561
          10.76820
           2.35344
         -15.36970
          17.46512
          -0.90711
          -0.79603
           7.09710
          28.61842
           1.79725
          -5.39093
          17.56673
          13.28363
           2.77397
          13.84370
           0.69588
         -19.92795
         -11.48858
         -25.12287
         -13.57837
          -4.05123
           0.62289
           5.47749
          -0.33207
          -1.57765
          -0.34589
          13.55291
          -1.95724
         -12.61478
               NaN
         -14.04771
          -8.93735
         -14.14719
          -1.95156
          16.90341
          16.53051
           0.65983
           4.37859
           5.98232
           2.29479
          -9.81259
          -8.61648
          -2.93459
           2.00741
          -4.34152
         -16.12692
          -9.40479
         -13.90051
           6.51347
          -6.77198
           0.92167
         -22.44391
           0.46670
          25.80682
          -4.37882
          -0.49804
           4.87633
           6.47943
          22.81384
           0.71899
         -14.20238
           3.78423
           3.62915
         -12.32717
         -11.90928
          12.85263
          -6.74480
          20.98971
          -7.20225
           6.29533
          -7.12882
           1.77929
           9.88455
           2.45945
         -16.60967
           5.27736
           0.46277
           8.76954
           1.68605
          13.42302
          -0.25560
          10.62058
          24.05838
          14.73645
           8.08036
          -0.84878
           8.89116
          12.87435
          -1.72321
           6.54191
          -0.98933
           5.39571
           6.27833
          27.54059
          -8.52570
          21.45476
         -18.63526
           7.80016
         -19.92998
           7.93408
           8.71215
           2.86733
           3.73443
         -19.03112
         -10.94089
          -2.07738
           7.50246
         -16.69896
           5.63363
         -14.79832
           1.52172
          -3.04419
          -2.59590
           0.83001
           7.73148
          11.04025
          -0.85444
           5.12553
         -10.48400
          -1.03512
         -10.80457
           8.06320
          -2.48521
          14.13610
          -1.86805
           5.42921
          -5.52624
          28.83120
           1.30268
          18.11551
           9.63041
         -24.67731
          -9.15774
          -2.86744
          -6.13417
           0.12083
           4.32738
           0.15571
           3.78758
           9.78300
          -0.08376
         -18.58253
         -16.70386
          17.45725
         -24.05535
         -12.90609
           1.77303
           4.70307
          16.57051
           6.35440
           7.85562
           4.15556
           5.43613
          -8.39386
           6.41639
           6.51967
         -20.77925
           3.14131
          -3.50712
           7.29225
           1.20875
           6.29560
           0.77559
          10.18452
          -3.65304
          -1.76116
          12.39277
           8.27141
          13.60392
         -24.52535
          -8.96796
           2.82441
          -2.76666
           0.05226
           0.61586
          12.79662
          -1.85130
          -2.39331
         -23.89351
         -16.11718
          -4.44885
         -10.66402
          17.40223
          13.61415
           2.38900
           3.14237
         -14.91671
           7.05576
          -8.29517
           5.16767
           0.62867
          -1.94118
           3.86181
          -4.96730
          13.88402
           9.07487
           4.66994
          -3.19948
          -6.55059
          22.24641
           1.20690
          -4.24704
          -8.95187
          -2.35721
           1.01705
          -3.41285
         -11.46838
          17.44564
          22.55157
          -7.61597
         -12.21830
           3.55702
           1.59383
          25.92069
          -8.07852
           4.25660
          -3.44304
           6.34996
          11.59139
           5.39212
           7.35957
         -12.05619
         -18.85183
         -11.64771
         -13.19434
         -27.33567
         -17.35247
          -9.22234
         -10.23215
          11.60847
           6.39408
         -24.98317
          -0.84939
           6.19839
         -22.30913
           7.06673
         -11.73062
          15.65237
          -1.32796
           6.34086
         -19.66056
          12.50332
           8.60013
         -14.58382
         -20.42544
           2.06509
          16.96035
          -4.25780
          -8.16213
          -3.89513
           0.25543
          19.36368
          10.53109
         -17.08840
           8.71856
           3.57616
          -7.14473
         -23.38864
           4.06727
           5.39130
           4.95421
         -15.46142
          12.45409
           7.93172
         -20.55758
         -11.96912
          11.12569
          -7.48495
          -1.83605
          -6.13757
         -11.03625
          -9.89531
          -3.91188
          17.87628
           6.34715
          -3.90776
          19.21687
          11.44927
           0.54765
           9.27090
          -3.46415
          13.66596
          -6.93598
          -9.58459
           0.48325
         -17.42389
          -8.31506
          -3.41548
           4.19124
          14.51704
          24.68125
          -6.11245
          -1.36409
           7.88518
          13.51619
          -6.31698
          15.90619
          -7.66275
         -27.38406
           5.07649
          -4.40604
           8.59965
         -12.67587
          -9.19352
           9.95985
           1.45658
               NaN
           7.35332
           3.41970
          -3.66158
          12.79848
          -1.05189
           1.42592
          -4.96958
         -13.81047
          -2.45626
           5.72318
         -29.34307
           2.18675
         -21.01452
          -9.64722
         -10.01205
         -16.65931
         -14.12463
          -0.10931
          -8.60279
           2.53498
           8.09836
         -15.82351
          -4.82312
           9.40925
          -1.46018
          11.50304
           9.56221
           4.16889
          -9.47611
           2.70756
         -13.02114
         -11.27674
           4.14840
          10.42387
          -3.68827
          -4.44741
         -17.39982
         -31.18261
           7.91658
          16.16612
          -4.40529
         -14.93529
         -18.29532
          14.89305
           8.02365
           4.40598
          -7.85818
          -8.29597
               NaN
          -5.48038
           4.79523
           0.21870
          -9.04634
          -3.07937
          -5.24906
               NaN
          24.05917
           9.47920
          -1.54252
           6.93846
         -13.41206
         -11.83810
           1.25000
           1.56245
          -0.60168
          -0.96844
          -0.67027
          -3.25036
          -0.93820
           1.72289
          -3.10396
           1.39547
          -0.04525
          -1.74187
           1.86496
          -0.41166
           1.63331
           0.94457
          -1.12632
          -0.45920
           0.52673
          -1.30580
           0.73190
          -0.40243
          -1.84469
          -0.29985
          -1.98571
           2.99835
          -1.44225
           0.43482
          -2.28093
          -0.59710
           1.60569
           0.55609
           2.84677
          -0.50201
           0.46088
           0.95975
          -1.04731
          -0.24831
          -0.44135
          -1.00194
          -0.35033
          -0.90960
           1.01539
           0.11410
          -0.09911
          -0.26640
          -0.41997
          -1.53205
          -1.43444
           0.61301
          -2.11370
          -1.57306
           0.34587
           2.10010
           0.92957
           1.00004
           0.07690
           2.15368
          -0.90179
           1.85848
          -1.11002
          -0.70635
          -0.83211
           0.56178
           0.12349
           2.50839
           0.92776
           2.93088
          -1.08851
           0.50336
           2.46066
          -0.61182
          -2.54152
           0.79665
           0.97700
          -1.10599
          -0.44635
          -0.13521
           0.94110
          -2.79568
           0.75589
           0.10013
          -0.75176
          -0.11526
           3.58176
          -3.22100
           1.53975
           1.09759
          -1.03199
          -0.19823
          -0.69630
          -1.80627
           0.80608
          -0.44929
          -1.02103
           1.95875
           0.94376
          -1.81935
           0.20989
          -0.51978
          -2.37457
          -0.87774
          -0.82828
           1.41533
          -1.25131
          -1.13587
          -0.49942
          -0.88883
          -1.22151
          -1.33414
          -1.95351
          -1.68121
           0.53741
           2.66628
          -4.87487
           1.73658
           2.26001
          -1.73327
          -1.56172
          -1.28739
           1.53087
          -0.68131
           1.47383
           3.83890
           1.53885
           1.27452
           2.29930
          -0.77984
          -0.87347
           0.84998
          -0.70538
           1.69073
          -0.56518
          -1.58376
          -3.73014
           2.99692
           0.38023
           0.51067
           2.54357
           1.07067
           0.66275
          -2.27530
           2.79590
          -0.10739
          -1.02049
           3.72983
           0.39083
           1.16941
           4.50751
           2.05231
           2.98215
          -0.34038
           1.73256
           0.92715
           0.42499
          -3.69011
          -1.59344
          -2.93789
          -3.21093
          -0.65308
          -1.00600
          -0.96740
          -3.38285
          -1.91805
           0.47355
           2.04039
          -1.03367
           2.15345
           1.48531
          -1.71663
           0.43830
          -1.78494
          -0.00454
           2.82093
          -0.47891
          -0.23674
           2.88161
          -4.48329
           2.27824
          -1.75577
          -0.45550
          -1.62539
           2.39927
          -2.03393
           1.60836
           0.82314
          -0.90762
           0.74134
           1.22911
          -3.22639
          -1.69252
          -3.74312
          -1.22081
          -0.49868
          -0.44481
           1.11168
           0.75232
           0.73851
               NaN
           2.49367
           1.78071
          -4.04702
          -2.09802
          -0.48197
          -1.29190
          -0.53637
          -2.33988
          -1.55088
           0.55303
          -0.43144
           2.47595
          -1.98500
          -0.84476
          -2.39808
           1.15999
          -2.50876
          -0.90258
           1.43301
          -1.69701
           1.97906
           0.08671
           0.18627
           2.46766
          -0.81897
          -0.91395
           4.49145
          -0.00457
           2.47578
           1.82636
          -3.45873
           0.62593
           0.61266
           3.10014
           0.07703
          -1.71152
          -2.22920
          -0.55104
           0.20727
          -1.46532
          -3.30913
           1.73024
           1.33465
           0.29491
           1.50823
          -2.27110
           1.31853
          -1.41762
           0.66015
           1.78131
           1.53830
           3.19717
          -4.31553
          -0.33141
           0.32899
           0.61413
           0.60083
          -2.06698
          -2.01531
          -0.48151
          -0.25817
           1.69374
           2.72669
           1.42633
           0.40347
           0.52768
           0.80911
           2.73566
           1.81169
           0.69994
          -2.43802
          -0.15763
           0.92736
          -0.57947
          -3.54672
           1.64577
           1.69608
          -0.40973
           2.42737
           0.87901
           0.75588
           0.40852
           2.35006
          -5.25197
           0.11419
          -0.78143
          -2.50395
           0.72086
          -3.58579
           0.57485
           0.86530
           1.18129
           4.08471
          -2.48475
          -1.19017
           1.05664
          -0.18552
           1.67496
           0.30326
           2.97694
          -1.70440
           0.53797
           0.26980
          -3.06623
           0.15672
           1.14832
          -4.66385
           0.61654
          -2.57197
          -1.04407
           4.17556
           1.12030
          -0.89741
          -0.98801
          -3.26581
          -5.04424
          -0.97211
          -2.11274
           0.12757
           1.68590
           0.12464
           1.07870
           0.25182
           0.99850
          -1.52917
          -2.51280
           2.36943
          -4.53559
          -0.25185
          -2.54846
          -0.28500
           4.18251
          -3.88297
          -2.90714
           1.06440
           0.76590
          -2.75060
          -2.62048
          -0.75141
           0.31093
          -1.25482
          -0.16714
           4.17671
          -1.86591
          -4.48045
          -3.60878
           2.29372
           0.12302
           2.26817
          -1.29196
          -0.78257
          -1.70569
          -1.77145
           2.13691
          -1.20265
          -1.17401
           0.05472
          -4.83789
          -4.82009
          -1.70463
          -1.58899
           1.78715
          -2.14287
           0.96609
           0.04044
          -0.34143
          -1.73335
           2.24032
          -1.10847
          -0.27392
          -0.46370
          -1.60128
           1.04510
           0.53118
           2.53964
           0.31746
          -0.11955
           1.15115
               NaN
          -1.78017
           0.44046
           0.70735
           0.41905
           1.28614
           0.07719
           4.76104
           0.67668
          -0.72189
          -0.41027
          -1.73900
          -0.18742
          -1.61287
           0.54941
           0.62857
          -1.71961
          -0.57669
          -3.11516
           0.52906
           0.34209
           0.47569
          -0.98412
           0.57746
           2.58212
           1.30072
          -1.39167
          -0.23279
          -0.49294
          -0.18340
          -1.69801
          -2.40044
           3.61728
           1.18754
          -0.15256
          -0.80276
          -1.12354
           1.86256
          -1.56912
           1.15862
          -0.31634
           1.06552
           2.10127
           2.24252
           0.49154
           1.25093
           1.43122
          -0.82833
           2.63241
          -1.06676
           2.56783
           0.00972
           0.28478
           1.76824
           0.98306
          -0.28452
           1.55954
          -1.99787
               NaN
           2.43568
          -2.22867
          -0.06792
           2.55241
           2.49216
          -2.19979
          -1.63583
          -1.32961
          -3.53151
          -0.46671
           1.46520
          -3.25503
          -1.82324
           2.69341
           1.33278
          -2.90213
          -0.29032
           3.27172
           1.21972
           0.66058
          -0.76639
          -0.41367
           2.83572
          -1.67138
           3.78446
          -1.87106
           1.41070
           0.52745
          -0.69852
           1.21563
           2.38902
           1.50721
           4.87012
           4.44610
           0.93744
           0.79533
          -0.55501
          -1.23481
           3.76395
          -1.90716
          -4.22132
           0.68081
          -4.16197
           3.26567
          -0.29549
           0.42058
          -1.31691
           0.58283
          -1.78287
           1.42588
          -1.11552
          -0.96906
           0.53398
           1.30294
           0.30163
           1.11178
          -0.47525
          -0.02016
           2.61871
           0.66323
          -2.09041
           1.82351
          -0.74257
          -1.45887
           2.82677
          -1.55352
          -1.69659
           1.11017
           0.92920
           1.90526
           1.84942
          -1.56248
          -0.41713
           0.68263
           2.76381
          -3.78648
           0.30832
           2.63998
          -1.05935
          -0.60250
          -1.16409
          -0.45158
           0.28276
           0.22837
          -1.16671
           0.54310
           2.61373
          -0.58820
          -1.77023
          -0.02153
          -0.40437
           1.50324
           0.40392
           0.67710
           3.02061
           2.03555
          -0.68415
           3.75872
           0.02120
          -0.32016
           0.59509
           0.92257
          -1.01821
          -1.39783
          -0.27804
           0.88932
          -0.12387
           0.08247
          -2.22955
          -1.36306
           3.92768
          -2.09799
           1.29756
           1.89025
           0.57504
           0.05407
          -0.57564
           0.92051
          -0.44651
           2.78760
           2.00702
          -0.06910
           1.34631
           1.46902
          -0.75242
           2.32853
           0.72662
          -0.49179
          -2.86566
          -0.19250
           0.14054
          -1.68888
          -2.65755
           4.94912
          -0.93662
           0.86634
          -2.63538
           2.03493
          -0.58824
          -4.26029
           1.05345
           1.90320
           2.20419
           2.22887
          -1.20568
           0.98566
           1.74555
          -2.74730
          -1.35234
          -0.60191
           0.22691
           0.80069
           0.06793
           0.95300
          -0.34364
          -0.03454
          -2.67971
          -3.85405
          -1.99544
          -1.80552
          -2.68622
           3.74979
          -1.51793
          -1.99368
          -1.30574
           0.67298
           1.22043
          -0.37373
          -1.69475
          -1.99200
           2.65181
           3.19753
          -2.93952
           0.38242
           1.54218
          -1.35965
          -0.28914
           1.17834
           1.32134
          -0.60222
           0.29256
          -1.86268
           1.53311
           0.75566
           3.22323
          -0.41970
          -2.28051
          -0.42130
           1.62933
           0.51980
           0.45311
           0.73278
           1.16520
           1.00958
           0.57910
           3.59886
           2.66748
           1.64135
          -2.74133
           2.45142
           1.25797
          -1.82467
          -2.29631
           2.57658
           1.85687
           2.04538
           0.65124
           2.74158
          -0.38446
           0.06991
          -4.00802
          -2.36846
          -1.77736
           0.99551
           0.37569
           2.10039
          -2.41509
          -0.97291
           0.35999
           1.45663
          -2.54509
          -1.58447
           2.60666
          -0.99242
           1.77793
          -2.83918
          -3.60460
          -1.62921
          -4.08680
           2.45452
           1.29375
          -1.33196
           2.12882
           0.61493
          -0.56251
           1.31754
          -0.17641
           3.48737
           1.86384
          -0.13024
           0.31302
          -1.94396
          -0.43591
           1.14672
           2.18985
           2.88844
           0.97299
          -1.35715
          -0.00622
           0.71697
          -2.09986
          -2.22222
           0.62737
           3.01020
           0.62091
          -3.04356
           2.57977
           1.41854
          -1.06482
           2.81727
          -0.80293
           0.00767
           4.01822
           0.45737
          -0.76115
           2.88001
           1.45931
           3.65220
           0.45919
           1.20303
           3.91807
          -0.01146
           4.94014
           3.66425
          -0.17181
           1.17079
           1.30356
          -2.56859
          -1.36590
          -3.69668
           4.28235
          -2.09317
          -0.12254
          -2.79038
           0.61571
          -2.95585
           0.32505
          -2.12420
          -0.61743
          -0.00122
          -3.64468
          -1.97542
           0.93484
           0.66615
          -0.51584
          -1.31853
          -2.15767
           3.56660
           0.84383
           0.17487
          -1.12663
          -2.78359
               NaN
           2.44695
           1.34369
           1.56571
          -2.56253
           0.26444
          -2.12781
           2.69557
          -3.91657
           3.54883
          -1.22266
          -3.23716
           0.59470
           0.55119
          -2.95513
          -0.46473
               NaN
          -1.65815
          -0.76168
          -0.55182
          -0.71494
          -1.72704
          -0.27018
          -1.65606
          -2.92039
           3.38123
           1.51930
           0.12855
           4.72796
           2.87903
           1.64851
           0.12741
           2.32844
           0.64778
           2.94766
          -2.78565
          -1.00949
           0.33172
          -1.96642
           4.75153
           0.92364
          -0.06255
          -2.01683
          -1.96594
          -2.08405
           0.21516
           1.25316
          -1.94997
           0.64435
           0.77821
          -1.42513
          -1.15775
          -0.40178
           2.47968
          -1.74841
          -0.75728
           0.71945
           0.25659
           0.90792
          -2.68103
          -0.71350
          -1.61085
           2.54064
          -2.08262
           0.31754
          -1.68129
          -0.90439
           2.86804
          -1.59761
           2.88975
           1.37987
           1.23125
          -0.80980
           0.16271
          -1.32458
           1.79509
           1.69300
           3.99603
          -1.37145
          -1.10759
           0.57004
           1.67895
           2.62561
           5.07239
           2.53756
          -0.73363
           0.44635
           1.26801
           1.55181
          -3.97244
          -4.82063
           0.44117
           0.15362
           1.35465
           3.83830
          -0.51487
          -2.61824
          -1.90012
           1.24802
          -1.50989
          -0.68524
           0.57346
           2.33028
           0.35986
          -1.50330
          -1.93986
          -1.56326
           2.19457
          -1.09891
           0.11576
          -1.41349
           1.25119
          -2.18125
          -0.69245
           0.37265
          -2.76935
          -3.10394
           1.03000
          -2.49635
          -3.27959
          -1.71404
           0.86513
           1.05568
          -0.53380
           0.41321
          -2.11376
           1.54751
          -0.31693
           2.28206
          -1.06897
           2.67832
           1.76126
          -0.04587
          -3.76735
          -0.54877
           0.24445
           1.35197
          -3.08277
          -1.55835
           2.09773
          -0.12201
          -2.88165
          -0.59320
           3.30592
          -0.14666
           1.18264
           0.74231
          -0.90618
          -2.23958
           0.55660
          -0.13596
           2.36437
           1.88773
           1.05334
           0.92702
          -2.39850
          -2.96003
          -0.49309
           2.96513
          -3.01283
           1.72338
          -2.37124
           0.14263
          -4.54213
           2.55650
               NaN
           1.77592
          -0.23473
           3.61265
           1.46054
           3.12323
          -0.17460
           3.03706
           2.49927
           0.02740
           1.71716
          -0.62065
          -1.18591
          -0.52513
          -2.80041
           1.21298
           0.64241
           2.09404
           2.73610
          -2.97727
          -2.47088
           3.13882
           1.96473
           0.16387
           0.71148
           0.30177
           1.97907
           1.69315
           0.53285
           3.27778
          -2.68568
           2.10908
          -0.38504
           2.67863
          -3.27510
          -2.41222
           0.90787
           0.26263
          -1.68413
           1.72383
          -0.96396
          -2.68238
           1.05560
          -1.20448
           3.69470
          -0.59268
           0.75501
          -1.88409
           0.61568
           4.13754
          -2.13310
           2.37279
          -1.59846
          -1.95776
           1.38592
          -0.07123
           1.92931
          -0.09131
           0.90695
           0.35657
           2.09769
          -0.94864
          -0.54453
          -0.17103
           2.42245
           2.56211
           1.24662
          -1.71653
          -1.31102
           0.39876
          -4.19454
          -0.33391
          -0.21776
          -0.18972
           4.22526
           1.06665
          -2.64236
          -3.84915
           0.43250
          -2.20404
           0.30301
          -0.49954
           2.04879
          -0.05551
           1.75863
           1.83292
          -0.20502
          -0.66948
           0.54745
          -1.87748
           1.44929
               NaN
          -0.98795
           1.25006
           2.62673
          -0.84784
           0.68296
