          -1.23652
          -1.02251
          -1.19158
          -0.84269
          -0.64397
          -1.36259
          -0.71472
          -1.32661
          -1.26330
          -0.49077
          -1.27128
          -1.03039
          -0.89855
          -0.61908
          -1.62698
          -1.27854
          -0.65299
          -1.10143
          -1.27087
          -1.31469
          -1.16900
          -1.39565
          -0.87749
          -0.79823
          -1.04284
          -0.75658
          -0.31845
          -0.87594
          -1.20708
          -1.32135
          -1.23484
          -1.45448
          -1.54492
          -1.02961
          -0.71506
          -1.61061
          -0.95269
          -1.74182
               NaN
          -0.90324
          -0.96680
          -0.83961
          -0.46196
          -1.29940
          -0.91641
          -0.57753
          -0.84188
          -1.17245
          -0.68643
          -1.32523
          -0.89542
          -1.50893
          -1.01922
          -1.64253
          -1.41505
          -1.60750
          -1.56705
          -1.15817
          -0.75755
          -1.12727
          -0.99741
          -0.73866
          -1.04772
          -1.14636
          -1.26998
          -1.12948
          -0.97954
          -0.47790
          -1.68176
          -1.47385
          -1.14397
          -1.07820
          -1.15878
          -0.53590
          -1.56918
          -0.75433
          -0.90829
          -1.47238
          -1.39463
          -1.37660
          -0.91079
          -0.95206
          -1.07834
          -1.68484
          -0.83745
          -0.92028
          -1.44143
          -1.10293
          -0.52936
          -1.70064
          -1.05222
          -1.14861
          -1.18534
          -0.27527
          -0.70209
          -0.76110
          -1.10743
          -0.90914
          -0.90704
          -1.38546
          -0.48646
          -0.89396
          -0.54241
          -0.85734
          -1.28933
          -0.56307
          -1.13348
          -1.22993
          -1.52040
          -0.84962
          -1.34797
          -1.15673
          -1.01531
          -1.74703
          -1.16064
               NaN
          -1.02081
          -1.05962
          -1.01006
          -0.88529
          -0.82590
          -1.51316
          -1.78680
          -1.24340
          -0.87400
          -1.02099
          -0.64724
          -1.38863
          -0.92692
          -1.15379
          -0.66583
          -1.12097
          -1.55257
          -0.88005
          -0.93092
          -0.65483
          -1.32488
          -0.57836
          -0.28959
          -1.26823
          -1.25692
          -1.90320
          -1.51796
          -0.62919
          -0.90714
          -0.96700
          -1.35424
          -1.26258
          -1.69308
          -0.95490
          -0.69680
          -0.78105
          -1.59126
          -0.63577
          -0.94466
          -1.25377
          -1.37508
          -0.94879
          -0.60928
          -1.56228
          -1.86825
          -1.20184
          -1.04570
          -1.42764
          -1.29943
          -0.87875
          -1.33139
          -0.98411
          -0.77343
          -0.66642
          -0.60612
          -1.34210
          -0.87026
          -1.62380
          -1.63339
          -1.16908
          -1.21359
          -0.55688
          -1.41418
          -0.78465
          -0.33133
          -0.98077
          -1.34485
          -0.80370
          -1.08498
          -1.38174
          -1.49607
          -0.87815
          -1.45330
          -0.76437
          -1.51157
          -1.56248
          -0.90716
          -0.93279
          -0.22067
          -1.00203
          -1.19402
          -0.77137
          -1.47720
          -1.14804
          -1.49758
          -0.82023
          -1.26237
          -0.79442
          -1.28037
          -0.64836
          -1.06841
          -1.07402
          -1.61452
          -1.17398
          -0.33468
          -0.34095
          -0.90381
          -0.75025
          -1.64110
          -0.53498
          -0.93477
          -0.89869
          -1.38044
          -0.99242
          -1.23896
          -1.13565
          -0.25457
          -1.41612
          -1.92770
          -0.67994
          -1.25798
          -0.79027
          -1.34705
          -0.32913
          -1.28240
          -0.91922
          -1.20776
          -1.19722
          -0.95497
          -0.91852
          -0.62942
          -0.90958
          -1.03081
          -1.11042
          -1.26117
          -1.44043
          -1.10892
          -1.38586
          -1.18468
          -0.28705
          -1.06311
          -1.30386
          -1.95698
          -1.25424
          -1.27688
          -1.25654
          -1.51706
          -1.19437
          -0.79644
          -1.28390
          -0.96449
          -0.88315
          -1.07147
          -1.67436
          -1.52807
          -0.92787
          -1.21412
          -1.51073
          -0.77405
          -1.18687
          -0.71076
          -1.44883
          -1.35569
          -0.30530
          -1.36981
          -0.98954
          -1.00997
          -1.17775
          -0.99595
          -0.79905
          -1.12200
          -1.15390
          -0.84186
          -0.71230
          -0.54333
          -1.40492
          -0.91071
          -0.77850
          -1.29796
          -1.05777
          -1.30059
          -0.62821
          -1.03293
          -1.03474
          -1.18894
          -1.22912
          -0.81603
          -0.99413
          -0.59282
          -0.92584
          -1.53907
          -0.63473
          -0.89620
          -1.49564
          -0.79393
          -1.52507
          -1.11473
          -1.18462
          -1.18174
          -1.49707
          -1.15794
          -0.90773
          -1.43068
          -1.03335
          -1.08941
          -1.51393
          -0.57220
          -1.09522
          -1.00395
          -0.91610
          -1.06580
          -0.56905
          -0.68020
          -1.02235
          -0.57568
          -1.83295
               NaN
          -0.88977
          -1.00512
          -1.00817
          -1.57912
          -1.62759
          -1.21923
          -0.77622
          -1.17033
          -1.19542
          -1.17610
          -0.72227
          -0.95189
          -0.24769
          -1.09276
          -1.10946
          -1.44886
          -1.09381
          -1.12478
          -0.41983
          -1.21104
          -1.00776
          -1.01972
          -0.76626
          -0.81868
               NaN
          -0.57595
          -0.25131
          -1.25772
          -1.07285
          -0.90443
          -1.06397
          -1.04299
          -0.93812
          -1.18699
          -1.38927
          -0.34007
          -1.12916
          -0.93454
          -1.18759
          -0.63742
          -1.43118
          -1.50202
          -1.06371
          -1.44615
          -1.02847
          -1.36350
          -1.11758
          -1.09780
          -1.25192
          -1.53185
          -1.08229
          -0.94506
          -1.33319
          -0.98372
          -1.25233
          -1.00056
          -1.19327
          -1.29949
          -1.11695
          -1.55841
          -1.33706
          -1.38416
          -1.02414
          -1.75410
          -1.43804
          -1.46898
          -0.83774
          -1.75460
          -1.00076
          -0.99953
          -1.67202
          -1.79476
          -0.70549
          -0.77311
          -1.16227
          -0.83004
          -0.78691
          -1.76208
          -0.82574
          -0.76677
          -1.39679
          -1.13521
          -1.83805
          -1.12260
          -0.87530
          -1.22351
          -0.93956
          -1.42361
          -1.28121
          -1.03551
          -1.09183
          -1.11153
          -1.00083
          -0.83362
          -1.81275
          -1.21413
          -1.04647
          -1.25397
          -1.20294
          -1.35133
          -1.23673
          -1.01764
          -1.36590
          -1.51720
          -0.98952
          -0.80643
          -1.50580
          -1.53838
          -0.83251
          -1.12738
          -0.89728
          -1.42857
          -0.89722
          -0.78715
          -0.84995
          -0.96567
          -1.04976
          -1.75793
          -1.10944
          -1.05683
          -1.12165
          -0.36882
          -1.36047
          -0.47210
          -1.49740
          -0.69399
          -0.25219
          -1.29885
          -0.89066
          -1.29306
          -1.32310
          -0.95164
          -1.20353
          -1.51053
          -1.00074
          -1.40436
          -1.36676
          -1.08597
          -1.02729
          -1.40858
          -0.87447
          -1.28156
          -0.94071
          -1.07782
          -0.71960
          -1.66270
          -1.28509
          -0.91196
          -1.22255
          -1.34706
          -0.86039
          -1.00518
          -1.26175
          -1.22194
          -1.24935
          -1.10072
          -1.43948
          -0.70877
          -1.03103
          -1.48668
          -1.72218
          -1.52911
          -0.85328
          -0.84909
          -0.83697
          -1.01399
          -0.72128
          -1.21731
          -1.14498
          -0.67113
          -1.41866
          -1.08179
          -1.09589
          -1.60772
          -1.62279
          -1.56939
          -2.01629
          -1.48211
          -1.09380
          -1.26373
          -1.12648
          -1.46483
          -0.65604
          -1.47327
          -0.34382
          -0.77098
          -0.93308
          -0.94126
          -0.37433
          -1.36394
          -1.10089
          -0.69502
          -0.73659
          -1.41892
          -1.54993
          -0.83970
          -1.52806
          -0.85546
          -0.91053
          -1.43797
          -1.65315
          -0.96892
          -1.53755
          -1.25351
          -1.56731
          -1.50178
          -0.98425
          -0.54665
          -1.15486
          -0.97641
          -0.76994
          -1.06386
          -0.86792
          -0.98425
          -0.78410
          -0.85848
          -0.98898
          -0.95337
          -1.05672
          -1.58553
          -1.25873
          -1.39733
          -1.40330
          -0.68807
          -1.28868
          -1.34033
          -1.01882
          -0.97132
          -0.98421
          -0.55123
          -0.75343
          -0.85311
          -0.75507
          -0.75201
          -0.84222
          -0.95763
          -1.10013
          -0.61119
          -1.65212
          -1.22023
          -0.59830
          -1.38489
          -1.02172
          -1.01500
          -1.27223
          -0.94835
          -1.15077
          -1.04675
          -0.95669
          -1.11781
          -1.38081
          -1.06277
          -1.53504
          -1.11028
          -0.98929
          -0.98952
          -0.85579
          -0.63655
          -1.35975
          -0.68727
          -0.59140
          -0.85888
          -1.25191
          -1.82926
          -1.05163
          -0.85457
          -1.70870
          -1.39016
          -1.32860
          -1.17354
          -0.87296
          -1.82817
          -0.42125
          -1.34507
          -1.07590
          -0.81001
          -1.01053
          -1.42998
          -0.80249
          -1.27395
          -1.69024
          -1.29887
          -1.65548
          -0.90005
          -0.57594
          -1.10007
          -0.84350
          -1.33839
          -0.89516
          -1.44613
          -1.05395
          -1.01900
          -1.61431
          -0.98435
          -0.97515
          -1.54497
          -1.32585
          -0.88261
          -1.38956
          -0.98324
          -1.88665
          -1.30435
          -1.42334
          -0.92901
          -1.00745
          -0.79503
          -1.94763
          -1.31280
          -1.61985
          -1.91413
          -1.40721
          -0.61288
          -1.17818
          -0.49087
          -1.03451
          -1.92180
          -1.27274
          -1.00805
          -1.74150
          -0.64858
          -0.26062
          -1.10418
          -0.90963
          -1.22979
          -1.36590
          -1.35004
          -1.01974
          -0.90707
          -1.51970
          -1.38617
          -1.27085
          -1.11045
          -1.46884
          -1.00572
          -0.96439
          -1.67793
          -1.21381
          -1.17856
          -1.16355
          -1.00237
          -1.25185
          -0.91189
          -0.88336
          -0.87405
          -1.24245
          -1.47660
          -1.20840
          -1.08674
          -1.65561
          -0.92294
          -1.11459
          -1.18879
          -0.96837
          -1.10898
          -1.63345
          -1.15034
          -0.92172
          -0.28015
          -2.02099
          -1.29904
          -1.23470
          -1.36460
          -1.49736
          -0.66002
          -0.80320
          -0.86538
          -1.01226
          -0.97116
          -1.78424
          -0.76809
          -0.52088
          -0.63679
          -0.30544
          -1.82322
          -0.86553
          -1.52072
          -1.43249
          -0.85921
          -0.89221
          -0.81018
          -1.52128
          -1.63576
          -1.39144
          -0.80706
          -1.61085
          -1.01436
          -0.69841
          -1.53819
          -0.82150
          -1.48841
          -1.60384
          -0.63924
          -0.52409
          -1.00903
          -1.14342
          -1.23386
          -1.58830
          -1.08975
          -1.41953
          -0.41277
          -0.74978
          -0.76759
          -1.75271
          -0.81724
          -1.18035
          -1.59682
          -1.08991
          -1.15962
          -1.37565
          -1.07530
          -1.55782
          -0.64348
          -0.73168
          -1.31215
          -1.36766
          -1.10437
          -1.01729
          -0.72551
          -0.95463
          -0.94132
          -1.07530
          -0.86273
               NaN
          -0.69923
          -0.65301
          -0.75564
          -1.68987
          -1.24420
          -0.97748
          -0.79651
          -0.68302
          -1.07010
               NaN
          -1.24564
          -0.65263
          -1.27085
          -1.35450
          -0.97370
          -0.75274
          -0.38367
          -1.11368
               NaN
          -1.20781
          -1.81471
          -0.94849
          -1.09760
          -0.61746
          -1.79183
          -1.07268
          -1.03293
          -1.21976
          -0.24758
          -1.22292
          -1.68058
          -1.46660
          -0.35204
          -1.01742
          -1.13232
          -1.01870
          -0.40273
          -1.37177
          -1.06348
          -0.93382
          -1.04259
          -1.09864
          -1.17682
          -1.30247
          -0.79825
          -1.26183
          -1.45547
          -1.18633
          -0.82632
          -1.68437
          -1.21662
          -0.99526
          -0.80182
          -1.00281
          -0.94895
          -1.82574
          -0.72902
          -1.24436
          -1.47862
          -0.92343
          -0.23807
          -1.05329
          -1.57737
          -1.69882
          -1.17820
          -1.04392
          -0.86756
          -0.93558
          -0.85902
          -1.62441
          -1.27267
          -1.72240
          -1.94991
          -0.91372
          -1.70784
          -0.65723
          -1.20477
          -0.71559
          -1.68790
          -0.54385
          -1.46511
          -1.44362
          -1.65332
          -1.16634
          -1.11004
          -0.33098
          -1.20314
          -0.79343
          -0.64489
          -1.34908
          -1.17601
          -1.28503
          -1.31364
          -0.77371
          -1.33827
          -1.27137
          -1.65916
          -1.71621
          -1.53591
          -1.04979
          -1.80317
          -0.75003
          -1.15807
          -1.17003
          -1.27345
          -1.07475
          -1.13038
          -1.59113
          -0.57024
          -0.84359
          -1.14281
          -1.49432
          -0.99603
          -1.59021
          -0.77090
          -1.16227
          -0.64209
          -0.84356
          -1.37498
          -0.94845
          -1.28242
          -0.74843
          -1.10093
          -1.13261
          -1.21325
          -1.30574
          -0.63272
          -0.95314
          -0.99265
          -1.40744
          -1.19226
          -1.51565
          -0.93010
          -1.41443
          -0.95075
          -0.94000
          -1.48337
          -1.12029
          -0.88417
          -1.30291
          -0.88132
          -0.69139
          -1.21158
          -1.05084
          -0.84171
          -0.80377
          -1.49490
          -0.97859
          -0.98173
          -1.38360
          -0.65281
          -1.28479
          -1.37930
          -1.57835
          -1.75279
          -1.01333
          -0.97703
          -0.88508
          -1.52706
          -0.85681
          -1.64558
          -1.66264
          -1.28242
          -1.08332
          -1.08470
          -0.82992
          -0.64245
          -1.39882
          -1.46715
          -0.94081
          -1.93234
          -0.35952
          -1.69962
          -1.34356
          -1.12081
          -1.15138
          -1.79586
          -1.03176
          -1.03161
          -0.72575
          -1.15667
          -1.53962
          -1.73966
          -1.31106
          -0.64843
          -1.42895
          -1.54501
          -1.51662
          -1.00614
          -1.46371
          -0.50322
          -1.16302
          -1.21680
          -1.18725
          -1.44601
          -1.17804
          -1.29781
          -1.56951
          -1.01862
          -1.01559
          -1.11828
          -0.97772
          -0.64907
          -0.77006
          -0.90721
          -1.00481
          -0.76656
          -1.10477
          -0.91866
          -1.39083
          -1.36549
          -1.37302
          -1.28792
          -1.72164
          -1.05475
          -1.09832
          -0.86798
          -0.88206
          -0.54652
          -1.10679
          -0.41619
          -1.22578
               NaN
          -1.15805
          -0.97633
          -1.00573
          -1.28176
          -1.61257
          -1.98328
          -0.88026
          -1.78241
          -1.05624
          -0.92327
          -0.41773
          -0.95593
          -1.27022
          -1.67951
          -0.98392
          -1.48386
          -1.11661
          -1.02627
          -1.27172
          -1.11673
          -0.62656
          -0.34943
          -1.32545
          -0.76188
          -0.60759
          -1.14433
          -1.10508
          -1.20927
          -1.33245
          -1.14429
          -1.02436
         -30.97961
         -30.26447
         -30.90633
         -31.02552
         -31.70063
         -30.37907
         -31.63340
         -30.74290
         -31.72541
         -31.06829
               NaN
         -30.10912
         -30.10124
         -31.53759
         -30.58634
         -30.24003
         -30.49262
         -30.23730
         -30.02769
         -31.72532
         -30.33721
         -29.98162
         -30.12962
         -30.94383
         -30.09050
         -30.38060
         -30.37387
         -31.27080
         -30.54687
         -29.55313
         -30.43386
         -31.87439
         -30.42530
         -30.57499
         -31.13473
         -30.36839
         -30.57357
         -30.67643
         -30.44801
         -31.02100
         -29.34473
         -30.44336
         -29.87903
         -31.06167
         -30.19480
         -30.35252
         -31.50783
         -30.09015
         -30.86822
         -29.82767
         -29.78630
         -29.92896
         -30.30500
         -30.91763
         -30.71135
         -29.86698
         -29.42514
         -30.81032
         -30.43104
         -31.78154
         -30.72822
         -30.43432
         -29.99173
         -29.85761
         -29.82747
         -30.52531
         -29.84430
         -30.62855
         -30.23802
         -31.96291
         -31.34731
         -31.62797
         -31.71530
         -31.05664
         -30.29820
         -30.33914
         -31.17751
         -31.03598
         -31.09030
         -31.00434
         -31.40942
         -31.28234
         -30.17038
         -29.03954
         -31.93573
         -30.13807
         -30.47127
         -31.54432
         -30.92758
         -29.35711
         -30.76811
         -28.90233
         -31.12756
         -31.11473
         -31.13801
         -30.78840
         -29.87003
         -30.87164
         -31.58163
         -30.29059
         -30.89540
         -30.43100
         -29.63796
         -30.72890
         -30.05124
         -30.43172
         -31.64397
         -30.74620
         -30.51640
         -31.64664
         -31.23975
         -31.38906
         -30.87763
         -29.63317
               NaN
         -30.11379
         -31.45282
         -30.28679
         -29.75152
         -30.49353
         -29.65029
         -29.74619
         -31.12210
         -29.94277
         -30.82242
         -31.26905
         -30.05792
         -30.26266
         -31.15748
         -31.50919
         -30.71691
         -31.95573
         -30.59019
         -31.51214
         -31.22680
         -30.83912
         -31.28971
         -31.04862
         -29.81260
         -30.55055
         -30.15616
         -30.58909
         -31.56724
         -29.29091
         -29.73927
         -31.45768
         -29.67912
         -30.67359
         -30.47835
         -31.15671
         -30.68174
         -30.47940
         -30.62074
         -31.04989
         -30.77643
         -31.15413
         -30.26805
         -32.05422
         -30.44200
         -31.64792
         -31.40793
         -31.59632
         -31.06873
         -29.29205
         -31.32242
         -29.73573
         -30.29646
         -29.18456
         -28.88750
         -29.69141
         -30.39297
         -29.54979
         -29.72005
         -31.01760
         -30.01179
         -29.89915
         -29.43440
         -30.18806
         -29.79965
         -29.75282
         -31.04304
         -29.67368
         -30.79138
         -30.44562
         -30.22449
         -30.96489
         -30.71785
         -30.43185
         -30.82678
         -31.25815
         -30.87476
         -31.34980
         -30.13775
         -30.00142
         -30.54806
         -30.60037
               NaN
         -29.85234
         -32.53157
         -30.40134
         -30.23341
         -29.81728
         -30.64684
         -30.19455
         -30.38518
         -31.22286
         -30.56319
         -29.00993
         -30.74071
         -30.25641
         -30.74655
         -29.59145
         -29.32157
         -30.63235
         -31.19549
         -31.17529
         -30.14423
         -30.70072
         -30.38230
         -30.05607
         -30.90095
         -30.96608
         -31.71991
         -29.80623
         -30.03438
         -29.96164
         -31.00941
         -30.18070
         -30.16862
         -29.99809
         -30.42395
         -31.61379
         -30.75426
         -29.85713
         -30.31566
         -31.26751
         -30.49049
         -30.87415
         -31.54372
         -31.45610
         -31.14191
         -31.73044
         -30.60121
         -31.66930
         -30.02287
         -30.83341
         -29.91250
         -29.81436
         -30.53795
         -30.12797
         -30.68582
         -32.25231
         -31.43923
         -29.43734
         -31.68845
         -31.47859
         -29.44268
         -31.37759
         -30.25868
         -31.63016
         -30.39001
         -31.68134
         -30.11605
         -30.52539
         -29.06406
         -31.96202
         -30.89400
         -30.32113
         -31.59103
         -30.20288
         -31.60657
         -30.02654
         -30.76460
         -29.78419
         -31.61470
         -30.08777
         -28.69826
         -29.39314
         -31.18029
         -30.88054
         -28.69026
         -30.00095
         -29.46918
         -30.99234
         -31.08434
         -31.27724
         -30.96403
         -31.97586
         -31.47369
         -31.29445
         -30.90372
         -30.34353
         -30.47239
         -31.22572
         -32.17986
         -31.28936
         -30.54330
         -30.91862
         -29.42534
         -29.83705
         -30.40548
         -31.28974
         -32.53259
         -30.95824
         -30.60564
         -30.37444
         -30.87514
         -30.02904
         -31.27061
         -30.90047
         -29.39673
               NaN
         -30.09879
         -30.23397
         -30.02371
         -29.96027
         -31.46147
         -30.56939
         -29.60964
         -30.46073
         -29.84495
         -30.26446
         -31.47861
         -30.65505
         -30.56005
         -31.55431
         -31.04842
         -31.85993
         -30.45392
         -30.67510
         -29.69520
         -31.14263
         -30.98922
         -29.08862
         -29.32841
         -31.64718
         -31.20130
         -29.96878
         -30.84296
         -30.47220
         -31.10595
         -30.52066
         -31.41258
         -29.97954
         -31.12633
         -31.16595
         -30.62876
         -28.74620
         -30.79710
         -31.57234
         -30.54164
         -30.49598
         -31.33366
         -30.31386
         -31.13224
         -30.69478
         -30.77709
         -30.37136
         -30.97527
         -29.98393
               NaN
         -30.28572
         -30.08265
         -31.01801
         -30.45956
         -30.76908
         -31.47538
         -30.07442
         -31.09418
         -29.69953
         -31.05379
         -31.12695
         -30.05050
         -31.07500
         -29.77179
         -28.63474
         -30.28904
         -30.82401
         -31.57768
         -31.19084
         -30.65625
         -31.33808
         -31.08280
         -30.49801
         -30.40192
         -30.59341
         -30.35908
         -30.75931
         -29.94265
         -30.93937
         -30.17334
         -31.24048
         -30.08906
         -30.94777
         -30.34182
         -31.03921
         -30.55488
         -31.40318
         -30.00304
         -31.26051
         -30.98169
         -31.18753
         -30.66790
         -30.18498
         -29.16672
         -30.28521
         -28.61272
         -29.96085
         -29.85686
         -29.88769
         -29.89019
         -30.34558
         -29.59192
         -30.32431
         -30.80107
         -30.32225
         -30.30710
         -30.10080
         -30.24061
         -30.49391
         -29.48523
         -30.18191
         -31.09747
         -30.91973
         -29.75715
         -31.17476
         -30.74613
         -30.87513
         -29.62877
         -31.03162
         -30.27986
         -30.01485
         -29.71508
         -31.48267
         -31.80759
         -29.96633
         -29.85365
         -30.34535
         -28.83327
         -30.57521
         -32.09564
         -30.71398
         -29.17571
         -31.25952
         -30.64852
         -29.80856
         -31.07358
         -29.95566
         -29.97353
         -29.93224
         -30.28904
         -31.09091
         -29.96176
         -30.20392
         -30.25665
         -31.19271
         -30.96693
         -30.77543
         -31.75332
         -29.83635
         -31.05095
         -30.21214
         -30.75104
         -31.08414
         -30.05445
         -29.61060
         -29.79010
         -31.29704
         -30.28663
         -30.25691
         -30.85706
         -30.85348
         -30.83100
         -30.86828
         -31.88424
         -30.09184
         -29.50673
         -30.25373
         -30.42447
         -31.66592
         -31.23196
         -28.70954
         -30.85903
         -31.17231
         -30.12509
         -30.73216
         -30.06891
         -30.81130
         -29.26858
         -30.26422
         -31.14126
         -30.32843
         -30.75134
         -31.42807
         -31.61809
         -30.24057
         -30.82239
         -29.97095
         -30.24282
         -30.76133
         -31.58727
         -30.24271
         -30.10666
         -30.59080
         -30.94657
         -31.67720
         -30.80487
         -30.38009
         -31.16830
         -31.73231
         -31.11610
         -30.70165
         -30.08539
         -30.26917
         -30.51856
         -31.66902
         -31.83781
         -30.22286
         -30.10604
         -30.04334
         -29.21019
         -29.84377
         -32.10707
         -30.97532
         -30.16360
         -31.80843
         -31.36924
         -29.92779
         -30.65817
         -30.49711
         -29.82387
         -30.30989
         -30.80537
         -30.38939
         -31.48818
         -30.06179
         -32.28215
         -31.76388
         -30.96013
         -31.52087
         -31.52678
               NaN
         -29.42746
         -31.02508
         -30.76561
         -30.47945
         -29.87124
         -30.80950
         -29.73113
         -31.24512
         -30.40394
         -30.45741
         -30.69096
         -31.14516
         -31.57387
         -30.08759
         -29.95115
         -29.18622
         -30.95324
         -30.06526
         -30.12409
         -29.57621
         -30.47778
         -30.17157
         -29.96881
         -32.01173
         -32.30738
         -30.17010
         -30.87125
         -30.70674
         -30.41118
         -30.23529
         -32.00649
         -30.64422
         -30.44561
         -30.24691
         -29.32939
         -30.27259
         -29.82485
         -30.74000
         -31.26438
         -30.40780
         -31.35954
         -29.77037
         -30.77550
         -30.58258
         -30.95877
         -31.33644
         -30.68693
         -30.09350
         -29.82593
         -30.83285
         -30.67092
         -30.90265
         -31.81838
         -29.98142
         -30.38887
         -30.01967
         -31.42695
         -31.07309
         -31.49869
         -30.22467
         -31.35482
         -30.32475
         -30.65518
         -30.63441
         -31.51072
         -30.57340
         -30.70855
         -30.56726
         -29.93225
         -30.03373
         -31.14102
         -29.99261
         -31.39241
         -31.85891
         -30.25211
               NaN
         -31.46496
         -30.83180
         -31.34417
         -30.45101
         -30.88683
         -31.28254
         -30.38924
         -29.95375
         -31.05051
         -30.79386
         -29.29948
         -30.37221
         -30.06553
         -31.21569
         -30.20533
         -30.69154
         -30.55145
         -30.60061
         -30.77960
         -30.29927
         -30.60067
         -30.57441
         -32.11643
         -30.63612
         -30.57141
         -30.55254
         -29.75323
         -30.17512
         -31.35533
         -31.01196
         -31.33672
         -29.71918
         -31.04137
         -30.25999
         -31.55827
         -31.12798
               NaN
         -31.66451
         -30.30842
         -31.05670
         -30.56087
         -30.21072
         -31.71382
         -30.64392
         -29.30414
         -30.54985
         -29.30664
         -29.84129
         -29.84498
         -31.44599
         -30.42780
         -30.32396
         -30.75295
         -30.74190
         -30.17451
         -31.04114
         -31.83232
         -30.09168
         -31.91270
         -29.51868
         -31.10895
         -30.14345
         -30.71453
         -31.20723
         -31.58173
         -31.05026
         -30.00605
         -29.67207
         -30.57356
         -29.81995
         -31.32779
         -29.99551
         -31.31589
         -29.96186
         -30.24333
         -31.71399
         -31.14537
         -31.49433
         -31.26539
         -30.93796
         -30.18971
         -29.10898
         -30.83274
         -31.50986
         -30.05640
         -30.57645
         -31.02685
         -31.04361
         -31.78752
         -31.55061
               NaN
         -29.78195
         -29.88294
         -31.48604
         -31.57278
         -30.03059
         -30.98767
         -29.83680
         -30.28963
         -29.70118
         -29.33803
         -31.21012
         -30.60056
         -29.18735
         -31.36144
         -31.23214
         -31.19504
         -31.85361
         -30.95403
         -30.81230
         -31.36763
         -30.74569
         -31.29012
         -31.51640
         -30.24330
         -30.65172
         -30.94406
         -30.87285
         -30.24927
         -29.90701
         -31.83659
         -29.85769
         -29.54115
         -31.37131
         -29.47997
         -31.12078
         -30.57025
         -31.64267
         -30.75397
         -30.35952
         -29.92684
         -30.68041
         -31.39780
         -31.11460
         -30.17312
         -30.59707
         -31.19935
         -31.85511
         -30.14685
         -30.13915
         -30.10815
         -28.87318
         -30.48392
         -31.02746
         -32.29020
         -30.76095
         -31.68943
         -30.20500
         -29.72982
         -30.35429
         -30.65903
         -29.94486
         -31.01512
         -28.84214
         -31.22565
         -29.16011
         -30.12780
         -30.91156
         -30.25958
         -29.85721
         -29.67908
         -29.84087
         -30.52585
         -29.95245
         -30.71176
         -30.42099
         -30.44340
         -30.13221
         -30.43197
         -29.99801
         -29.78972
         -29.76345
               NaN
         -29.80300
         -31.33038
         -30.06422
         -31.39237
         -31.05537
         -31.08602
         -30.66107
         -30.91577
         -30.49341
         -29.10205
         -31.41415
         -31.72522
         -30.73397
         -29.14725
         -30.89550
         -31.25752
         -30.97728
         -30.32695
         -30.15120
         -30.19992
         -30.56864
         -29.68698
         -30.96672
         -31.18033
         -30.98650
         -29.30707
         -30.15068
         -30.80963
         -31.75345
         -29.01431
         -30.43146
         -30.16790
         -29.71451
         -31.45588
         -30.83982
         -29.60662
         -29.42176
         -31.06711
         -30.34689
         -31.51615
         -30.30017
         -30.66143
         -30.90445
         -30.74289
         -29.08548
         -30.20102
         -31.68131
         -31.18099
         -30.88093
         -30.50186
         -30.37028
         -31.53206
         -31.22682
         -30.21983
         -29.71591
         -30.88123
         -29.58393
         -29.93482
         -31.16731
         -29.57110
         -30.84333
         -30.61516
         -29.45720
         -29.84732
         -30.52880
         -30.05458
         -31.05278
         -31.01585
         -30.11746
         -31.38008
         -30.35060
         -31.47230
         -30.96248
         -30.84615
         -30.88448
         -30.89875
         -31.93106
         -30.47139
         -29.17494
         -30.30082
         -31.15006
         -30.82632
         -29.90707
         -29.82155
         -30.99759
         -29.05592
         -31.42058
               NaN
         -31.05095
         -30.46011
         -30.62971
         -29.60724
         -31.33794
         -29.63616
         -30.89872
         -30.27246
         -30.88833
         -30.07343
         -30.96851
         -31.07994
         -31.33380
         -30.08678
         -31.74508
         -31.10966
         -30.81487
         -30.26562
         -29.73006
         -30.05796
         -30.48121
         -30.55659
         -31.05589
         -28.91321
         -30.34652
         -30.22838
         -30.78351
         -30.88334
         -30.45001
         -30.63637
         -31.15182
         -30.46929
         -31.04949
         -30.93156
         -32.45447
         -30.82651
         -29.96467
         -29.95682
         -30.07844
         -29.93206
         -29.41792
         -31.50433
         -32.46403
         -30.95368
         -29.40307
         -31.19383
         -31.31808
         -30.36278
         -30.61446
         -30.94995
         -30.76905
         -29.67547
         -29.65192
         -30.87884
         -30.06810
         -31.50179
         -30.71893
         -29.48675
         -30.76516
         -30.84448
         -29.90132
         -31.05947
         -32.11069
         -31.92286
         -30.92672
         -30.65635
         -30.00693
         -29.59227
         -31.21757
         -30.77962
         -30.78264
         -30.48496
         -31.40673
         -30.34489
         -30.50436
         -31.38968
         -30.08261
         -30.35246
         -30.75693
         -30.31114
         -30.64710
         -29.88751
         -29.90344
         -30.74009
         -31.62887
         -30.40770
         -29.34942
         -30.58462
         -29.63695
         -30.68416
         -31.69640
         -31.07527
         -31.17639
         -32.39062
         -31.32709
         -30.39071
         -31.25439
         -30.34463
         -30.33134
         -30.99085
         -30.13021
         -31.25010
         -30.25621
         -30.08181
         -30.78073
         -30.09621
         -30.55001
         -30.62127
         -30.30869
         -29.92075
         -30.47495
         -31.35497
         -30.65840
         -30.86910
         -30.23066
         -29.47872
         -31.03397
         -31.59276
         -30.86969
         -31.00014
         -29.22870
         -22.60530
         -23.25163
         -22.87173
         -25.30781
         -27.33603
         -21.12939
         -26.80880
         -21.78670
         -23.27553
         -27.67375
         -19.72382
         -23.05245
         -23.94446
         -27.28971
         -19.59902
         -21.48880
         -26.02608
         -22.73844
         -21.30425
         -22.95165
         -22.34458
         -20.41403
         -24.10567
         -25.51120
         -22.96448
         -25.12573
         -28.19112
         -25.33293
         -22.32637
         -20.48300
         -22.06731
         -22.23873
         -19.98828
         -23.52862
         -26.26883
         -19.44198
         -24.07176
         -18.98686
         -29.35831
         -24.87038
         -22.62539
         -24.70986
         -26.67769
         -22.32731
         -23.93068
         -26.36907
         -25.84409
         -22.05411
         -26.18600
         -20.76952
         -23.61055
         -19.66109
         -23.29358
         -19.91972
         -21.11474
         -18.92538
         -18.64197
         -22.96583
         -25.23925
         -24.26073
         -23.95190
         -25.36170
         -22.77119
         -21.99357
         -21.10767
         -22.82512
         -23.07305
         -27.30185
         -18.81870
         -22.23217
         -23.63741
         -24.41574
         -23.94027
         -27.40412
         -19.67052
         -25.15263
         -25.00700
         -21.12503
         -21.70890
         -21.75928
         -25.26187
         -24.83330
         -22.76378
         -17.39344
         -26.31279
         -23.79819
         -20.68355
         -24.15372
         -27.31214
         -17.69117
         -23.59232
         -20.90764
         -23.11070
         -29.24477
         -26.37084
         -25.60499
         -22.25157
         -24.64020
         -25.50577
         -20.86393
         -27.56654
         -24.30614
         -25.81624
         -24.87667
         -21.24295
         -26.56215
         -24.05157
         -22.40695
         -20.22990
         -25.94949
         -22.17967
         -23.58509
         -23.92262
         -17.68909
         -24.92433
               NaN
         -24.57470
         -23.04918
         -22.79088
         -24.43717
         -23.89099
         -19.41300
         -19.16008
         -21.35397
         -24.86214
         -24.37536
         -25.61401
         -20.78790
         -24.83716
         -23.71356
         -26.11794
         -24.46188
         -20.11424
         -25.59677
         -24.95671
         -26.34334
         -22.39715
         -27.09471
         -27.77611
         -21.95773
         -21.56118
         -17.79849
         -21.46672
         -24.90126
         -23.48965
         -24.89206
         -20.35873
         -22.13353
         -19.06283
         -24.68573
         -25.91610
         -25.13446
         -19.90827
         -26.71012
         -24.34657
         -22.70376
         -20.88556
         -25.71794
         -26.26850
         -21.26766
         -18.99830
         -23.56441
         -24.01911
         -19.45362
         -22.61859
         -23.64375
         -21.17822
         -22.33665
         -23.47303
         -25.05964
         -26.19889
         -20.30600
         -23.68178
         -20.15052
         -18.90194
         -21.86800
         -21.06298
         -26.33312
         -20.07112
         -24.30402
         -28.79449
         -22.91085
         -21.71159
         -24.89637
         -22.77092
         -21.65804
         -20.65226
         -24.38496
         -21.02907
         -26.10171
         -20.72802
         -20.93638
         -23.83536
         -23.57150
         -29.02177
         -23.74156
         -20.22703
         -24.52788
         -22.84045
         -22.60036
         -20.03060
         -24.14324
         -22.06451
         -24.74802
         -21.68269
         -26.80278
         -23.29883
         -21.55634
         -19.83692
         -22.21830
         -28.39988
         -27.21043
         -23.00427
         -25.51984
         -20.24572
         -27.52803
         -23.67103
         -24.55677
         -20.98815
         -23.22471
         -22.42314
         -23.28825
               NaN
         -20.08586
         -17.02263
         -25.26906
         -22.52378
         -24.70084
         -20.96322
         -27.72767
         -21.71770
         -25.38140
         -22.57146
         -21.61810
         -23.77637
         -25.02990
         -26.13853
         -24.67979
         -24.56106
         -23.95960
         -22.64614
         -22.12209
         -23.06660
         -22.45643
         -21.90182
         -28.86874
         -22.62578
         -20.86318
         -17.42082
         -21.56353
         -22.07023
         -23.92265
         -21.33332
         -21.16491
         -26.30945
         -22.90110
         -22.79120
         -25.43472
         -22.93252
         -20.52008
         -20.04114
         -25.45690
         -21.78843
         -20.30900
         -23.57259
         -23.99689
         -26.01273
         -20.51301
         -22.50032
         -28.08805
         -22.44924
         -23.18712
         -23.90813
         -21.67709
         -24.87918
         -24.58590
         -20.87734
         -21.38308
         -25.43349
         -26.03252
         -24.84726
         -20.38920
         -23.12288
         -25.68609
         -22.32831
         -24.13246
         -22.16827
         -27.77246
         -24.54817
         -24.30555
         -22.86597
         -21.96062
         -24.89193
         -24.51757
         -28.16729
         -25.03479
         -20.13994
         -26.57001
         -23.19598
         -19.64856
         -24.95479
         -21.10787
         -25.18340
         -22.95826
         -22.57190
         -20.25810
         -22.99747
         -23.78635
         -21.69112
         -23.87116
         -21.81948
         -18.07599
         -26.14597
         -22.74607
         -23.14249
         -23.64483
         -24.28979
         -26.64185
         -24.88079
         -23.44473
         -25.77736
         -17.91873
         -17.86584
         -24.57091
         -23.72705
         -24.75654
         -20.49177
         -21.09396
         -22.11855
         -25.36018
         -21.65327
         -23.10505
         -23.04957
         -23.99173
         -22.72473
               NaN
         -23.77817
         -22.35576
         -21.08853
         -23.01406
         -23.47937
         -27.64252
         -23.29128
         -22.96383
         -24.25254
         -25.98990
         -25.02842
         -28.34160
         -26.86605
         -29.87743
         -22.00946
         -23.19853
         -25.21845
         -23.05355
         -24.07968
         -24.26003
         -22.72478
         -20.93613
         -28.64148
         -22.24715
         -21.82360
         -22.17819
         -25.68001
         -21.39552
         -20.30629
         -23.54526
         -21.82703
         -23.00105
         -21.96388
         -22.01932
         -23.63182
         -22.69416
         -19.63691
         -23.74630
         -23.23035
         -19.35897
         -23.56410
         -22.34862
         -24.80619
         -23.15430
         -21.82606
         -23.77128
         -20.63657
         -21.42758
         -21.01234
         -23.59460
         -18.52765
         -21.03549
         -19.87739
         -25.19209
         -18.28598
         -24.45705
         -23.21290
         -19.75033
         -18.22758
         -26.21177
         -25.23942
         -23.61535
         -24.26203
         -25.93293
         -19.19166
         -25.61006
         -25.42560
         -20.62815
         -21.31621
         -17.90492
         -20.77205
         -23.95027
         -21.43874
         -23.32698
         -20.15421
         -21.60480
         -22.46132
         -22.85916
         -23.25806
         -23.46888
         -24.59426
         -17.84920
         -21.93720
         -23.37207
         -20.84679
         -21.94714
         -21.99823
         -22.56310
         -22.72412
         -21.99428
         -20.48382
         -24.12841
         -24.03056
         -20.93936
         -19.84933
         -24.27901
         -21.94037
         -25.43621
         -22.28984
         -23.78143
         -24.38771
         -24.51833
         -22.10323
         -23.43776
         -20.52271
         -23.17418
         -21.85845
         -23.70501
         -28.13236
         -20.47599
         -27.84879
         -19.69159
         -25.15816
         -28.12114
         -21.43074
         -25.01407
         -21.12697
         -21.18319
         -23.70286
         -23.05410
         -20.80609
         -23.98058
         -22.40952
         -20.49096
         -23.70279
         -23.13054
         -21.21339
         -25.15030
         -21.26709
         -23.08430
         -22.35455
         -26.38579
         -19.05321
         -21.47805
         -24.61869
         -22.59207
         -21.73655
         -25.02654
         -25.16156
         -21.43817
         -21.09977
         -21.73147
         -22.92064
         -22.05135
         -26.35241
         -21.47187
         -20.88789
         -19.64540
         -19.71374
         -24.92643
         -24.17366
         -25.12310
         -22.22596
         -25.24787
         -22.91919
         -22.52381
         -26.13499
         -21.95615
         -24.37546
         -22.72760
         -20.03834
         -18.92201
         -19.62407
         -17.28095
         -21.70263
         -22.78245
         -21.48540
         -22.94022
         -21.04831
         -27.25406
         -20.88872
         -28.01159
         -25.94265
         -25.44732
         -24.75745
         -28.09421
         -20.76176
         -22.74663
         -25.75118
         -26.71039
         -22.36882
         -19.71090
         -24.31597
         -19.67462
         -23.19509
         -23.53887
         -22.59168
         -19.88778
         -23.49365
         -21.61497
         -22.96650
         -19.18404
         -20.52107
         -23.77603
         -26.02595
         -22.44535
         -24.14328
         -25.08393
         -24.32070
         -24.01432
         -25.74681
         -26.50152
         -25.10224
         -24.80913
         -25.12480
         -21.11040
         -18.57871
         -22.48894
         -21.28088
         -20.95872
         -25.09032
         -22.08047
         -20.51624
         -24.35021
         -23.77763
         -23.74877
         -26.92663
         -25.98831
         -25.78879
         -24.86603
         -24.77153
         -23.29274
         -24.43973
         -22.51728
         -25.85767
         -18.31459
         -22.16492
         -26.06014
         -20.47997
         -25.18040
         -25.54337
         -21.49878
         -24.45235
         -22.88175
         -23.23636
         -23.63891
         -24.55426
         -21.31647
         -23.17638
         -19.82316
         -21.63697
         -23.48714
         -23.01499
         -24.91929
         -26.92826
         -21.16861
         -26.67007
         -25.67224
         -24.93897
         -22.08331
         -18.77101
         -24.24444
         -24.82878
         -18.49745
         -20.32485
         -21.88221
         -22.69845
         -24.92831
         -19.76832
         -27.06948
         -21.26019
         -22.63758
         -25.97946
         -24.25848
         -21.90777
         -24.66605
         -22.80880
         -18.90679
         -21.83796
         -19.47639
         -25.47517
         -26.60741
         -23.24541
         -24.80302
         -20.79876
         -23.81653
         -21.45276
         -22.75069
         -24.48974
         -21.17703
         -23.54037
         -21.68258
         -21.14564
         -21.88989
         -25.37387
         -21.02709
         -24.24287
         -18.76923
         -21.48642
         -20.27055
         -24.74789
         -23.97967
         -23.75054
         -17.27692
         -21.08273
         -20.42260
         -17.30971
         -21.19317
         -26.35586
         -22.53738
         -27.38625
         -23.18632
         -17.70863
         -21.90975
         -25.35360
         -18.92584
         -26.13247
         -28.77853
         -22.16277
         -23.95165
         -23.07425
         -21.81481
         -22.30328
         -22.64657
         -24.90215
         -19.95297
         -22.32440
         -22.57687
         -20.79208
         -21.86765
         -23.34997
         -24.51678
         -19.24461
         -21.91652
         -23.81672
         -22.75215
         -22.33584
         -22.04972
         -22.96602
         -23.75199
         -23.83501
         -23.10983
         -20.44269
         -22.07757
         -23.34757
         -19.58621
         -23.81837
         -23.50565
         -23.93349
         -23.40560
         -24.54186
         -18.33189
         -23.31653
         -23.81155
         -28.77063
         -17.83094
         -22.87038
         -22.73239
         -20.69573
         -19.44909
         -26.06783
         -24.27620
         -25.47180
         -22.96951
         -24.74138
         -17.86339
         -24.94609
         -28.17905
         -26.79512
         -29.36354
         -19.14682
         -25.03917
         -19.82580
         -19.19648
         -24.99314
         -25.49042
         -24.48977
         -20.30188
         -20.08482
         -21.65950
         -26.38818
         -20.85586
         -21.38914
         -24.93669
         -19.38844
         -25.96300
         -21.68375
         -19.15507
         -26.64507
         -26.20491
         -23.39705
         -21.82414
         -20.79972
         -20.60721
         -23.19622
         -19.38678
         -28.51740
         -26.15957
         -25.97901
         -20.31119
         -25.39458
         -22.80801
         -20.69057
         -23.36290
         -23.49655
         -22.32609
         -22.89386
         -20.07151
         -26.53426
         -25.90045
         -21.32631
         -20.48265
         -24.46172
         -22.84405
         -24.45825
         -24.92793
         -22.95256
         -23.81977
         -24.61208
               NaN
         -25.96120
         -25.87761
         -24.67691
         -19.29036
         -23.06137
         -24.47854
         -24.65520
         -25.94217
         -23.92963
         -18.13880
         -21.65502
         -25.64129
         -21.45362
         -19.50381
         -23.82280
         -25.91968
         -29.71516
         -23.22083
               NaN
         -21.94877
         -17.41222
         -23.88121
         -23.20335
         -25.66298
         -19.03986
         -21.33921
         -24.25339
         -20.69829
         -28.37249
         -22.66819
         -18.87290
         -19.85269
         -27.20188
         -22.84095
         -22.84859
         -22.94526
         -27.95696
         -21.09339
         -23.18630
         -23.72830
         -23.28445
         -22.46057
         -21.66204
         -20.77945
         -22.58525
         -21.15308
         -21.58681
         -21.93008
         -25.80851
         -19.76942
         -22.87730
         -23.89559
         -25.46988
         -23.64539
         -22.48737
         -19.27373
         -26.79479
         -22.28400
         -18.96398
         -24.57909
         -29.61689
         -23.86541
         -19.65254
         -18.59327
         -22.17911
         -23.44998
         -23.66513
         -24.60285
         -25.36912
         -20.09337
         -20.51735
         -18.50304
         -17.78595
         -25.61584
         -17.22850
         -25.91078
         -21.96009
         -24.69523
         -20.22852
         -27.11677
         -19.57914
         -19.49864
         -19.98044
         -22.35690
         -24.03445
         -28.02318
         -22.45477
         -25.50287
         -26.35024
         -19.75893
         -22.17225
         -23.11235
         -22.35728
         -25.63510
         -21.43366
         -21.73789
         -20.48484
         -19.75577
         -19.79935
         -22.46737
         -18.83944
         -24.40697
         -21.98866
         -23.27888
         -20.77873
         -23.56555
         -22.89629
         -18.57408
         -25.85542
         -24.76919
         -22.24222
         -21.04741
         -24.25760
         -19.27281
         -26.14005
         -22.40227
         -27.12871
         -25.20452
         -21.55091
         -24.44166
         -22.24605
         -26.93036
         -22.96971
         -21.30815
         -22.02735
         -22.33975
         -26.51100
         -23.27856
         -23.00888
         -21.51458
         -20.79817
         -21.29823
         -26.58260
         -21.53426
         -23.95392
         -24.20263
         -19.42865
         -23.83729
         -23.45594
         -22.10900
         -24.23438
         -26.18577
         -21.76685
         -23.85997
         -25.35716
         -25.89271
         -19.88728
         -25.18087
         -24.42769
         -21.48505
         -25.77419
         -20.93302
         -20.66617
         -19.80423
         -18.78685
         -24.20375
         -22.08972
         -24.30724
         -19.83909
         -24.93632
         -19.83158
         -19.23397
         -21.95408
         -23.84525
         -23.08454
         -25.39117
         -26.56288
         -23.25928
         -20.94856
         -23.48360
         -16.91466
         -27.60187
         -18.40098
         -20.09437
         -23.97756
         -24.85099
         -18.87644
         -22.26757
         -24.21174
         -26.37562
         -22.47116
         -20.24887
         -19.31864
         -21.90663
         -25.19309
         -19.86585
         -20.49505
         -19.77169
         -24.73417
         -20.86508
         -25.96684
         -22.88976
         -22.61545
         -21.77720
         -21.30095
         -24.30924
         -23.28663
         -20.40076
         -23.72750
         -23.01604
         -21.90695
         -24.59107
         -26.34776
         -25.48200
         -24.20198
         -24.66571
         -25.00059
         -22.96922
         -25.21200
         -20.61529
         -21.06803
         -21.47633
         -21.52233
         -19.04439
         -22.64736
         -22.32403
         -24.83286
         -25.68737
         -26.65720
         -21.70071
         -27.71506
         -21.18548
         -16.42795
         -23.95106
         -24.46077
         -24.34768
         -23.82737
         -20.54694
         -17.10256
         -25.27898
         -18.29379
         -23.11229
         -24.73627
         -27.19471
         -24.78540
         -21.57943
         -18.69603
         -24.09238
         -19.91553
         -22.94784
         -23.63861
         -21.63294
         -22.26424
         -26.18909
         -28.93736
         -21.70120
         -25.65499
         -25.99941
         -21.56360
         -23.59742
         -23.52837
         -21.88181
         -23.28939
         -22.11239
         -32.17907
         -31.26892
         -32.05712
         -31.84447
         -32.32577
         -31.70390
         -32.32443
         -32.02570
         -32.93569
         -31.55449
         -29.84067
         -31.11985
         -30.98308
         -32.14601
         -32.16006
         -31.49347
         -31.13236
         -31.31136
         -31.27715
         -32.98197
         -31.48200
         -31.35199
         -30.99244
         -31.72194
         -31.11116
         -31.13326
         -30.68650
         -32.12128
         -31.72429
         -30.85225
         -31.63221
         -33.25451
         -31.92020
         -31.58424
         -31.83167
         -31.93338
         -31.50482
         -32.35073
         -30.60408
         -31.90196
         -30.30715
         -31.26457
         -30.33755
         -32.31269
         -31.09200
         -30.92306
         -32.31904
         -31.24116
         -31.53886
         -31.12507
         -30.67085
         -31.39962
         -31.30924
         -32.49286
         -32.08587
         -31.43414
         -30.96961
         -31.93388
         -31.17466
         -32.85874
         -31.69880
         -31.16088
         -31.02593
         -30.98398
         -31.07640
         -31.62821
         -30.81415
         -31.10504
         -31.87361
         -33.35665
         -32.45160
         -32.66098
         -32.82892
         -31.57979
         -31.82041
         -31.08200
         -32.06131
         -32.45553
         -32.43400
         -32.32851
         -32.28993
         -32.20603
         -31.23123
         -30.70761
         -32.74111
         -31.04613
         -31.87317
         -32.60287
         -31.44542
         -31.02803
         -31.79590
         -30.04741
         -32.27581
         -31.38256
         -31.82081
         -31.53082
         -30.96122
         -31.76417
         -32.45188
         -31.64077
         -31.37219
         -31.30827
         -30.18534
         -31.56712
         -31.31286
         -30.98595
         -32.73143
         -31.94063
         -31.98973
         -32.46264
         -32.53743
         -32.50683
         -31.87380
         -31.34392
         -33.74200
         -30.13760
         -32.43798
         -31.32344
         -30.74849
         -31.36098
         -30.47520
         -31.22622
         -32.83542
         -31.17294
         -31.67611
         -32.25644
         -30.69442
         -31.61973
         -32.06274
         -32.62576
         -31.37562
         -33.02907
         -32.09066
         -32.35940
         -32.12486
         -31.48305
         -32.56339
         -31.61494
         -30.10428
         -31.78131
         -31.38722
         -32.42109
         -33.01394
         -29.91964
         -30.63441
         -32.39808
         -31.01408
         -31.89678
         -32.11340
         -32.08355
         -31.36433
         -31.24496
         -32.15508
         -31.67148
         -31.69738
         -32.36448
         -31.61191
         -32.96177
         -31.03977
         -33.13469
         -33.18536
         -32.74673
         -32.07845
         -30.70121
         -32.56907
         -30.60828
         -31.60246
         -30.16538
         -29.66302
         -30.35482
         -30.99368
         -30.87378
         -30.58492
         -32.57409
         -31.60305
         -31.04946
         -30.63344
         -30.74021
         -31.19307
         -30.53326
         -31.36510
         -30.64232
         -32.09188
         -31.24044
         -31.29206
         -32.29791
         -32.15954
         -31.29794
         -32.23011
         -31.99671
         -32.32808
         -32.84132
         -31.04044
         -30.92238
         -30.76667
         -31.58276
         -29.76488
         -30.61496
               NaN
         -31.51867
         -31.69475
         -30.62998
         -31.87609
         -30.97466
         -31.63164
         -31.85595
         -31.60367
         -30.07751
         -32.30246
         -31.40771
         -31.08266
         -29.93249
         -30.22640
         -31.36462
         -32.76383
         -31.69769
         -31.07139
         -31.58072
         -31.72783
         -31.03453
         -32.11523
         -32.06578
         -31.96779
         -31.19848
         -31.89805
         -30.63376
         -32.22480
         -30.96558
         -31.48711
         -30.32328
         -31.67095
         -32.50645
         -31.92628
         -31.03721
         -31.25229
         -32.16092
         -31.11382
         -31.76137
         -32.54384
         -32.52982
         -32.35876
         -33.10664
         -31.68039
         -32.98886
         -31.18604
         -31.11481
         -30.95618
         -31.09644
         -32.41672
         -31.35466
         -31.91983
         -33.44537
         -32.88670
         -30.62220
         -32.45889
         -32.70714
         -30.39537
         -32.22879
         -31.30801
         -33.22145
         -31.87228
         -32.57287
         -31.30881
         -31.98869
         -29.85060
         -33.10287
         -31.59314
         -31.72595
         -32.89309
         -30.50579
         -32.91818
         -31.00615
         -31.74665
         -30.94537
         -32.57943
         -30.87580
         -29.81845
         -30.54042
         -32.00340
         -31.57492
               NaN
         -31.37764
         -30.37817
         -31.75236
         -32.33846
         -32.30059
         -32.22385
         -32.57792
         -32.46563
         -32.29547
         -32.05496
         -31.54422
         -31.27168
         -32.18652
         -32.75458
         -32.18520
         -32.03337
         -31.54147
         -30.31757
         -31.29635
         -31.18619
         -32.74809
         -33.58522
         -32.10407
         -31.75631
         -31.82340
         -32.00346
         -30.92318
         -32.64268
         -31.90728
         -30.48202
         -30.07783
         -30.66495
         -31.30646
         -31.00931
         -30.86483
         -32.48867
         -31.13193
         -30.28695
         -31.46563
         -30.42755
         -32.03274
         -33.42837
         -31.52648
         -31.53874
         -32.52796
         -32.56045
         -33.40194
         -31.64780
         -31.43636
         -30.84704
         -32.29385
         -32.12642
         -29.81865
         -30.27425
         -31.88792
         -32.26452
         -31.05920
         -32.24009
         -31.54043
         -32.19830
         -30.93290
         -32.57579
         -30.98441
         -32.11086
         -31.90731
         -31.43090
               NaN
         -31.36014
         -31.81510
         -31.76371
         -31.54119
         -32.20955
         -31.35375
         -32.14238
         -31.61643
         -31.93043
         -31.72277
         -31.30954
         -31.09207
               NaN
         -31.44697
         -30.71324
         -32.39624
         -31.91381
         -31.80375
         -32.85731
         -31.08754
         -32.40191
         -30.79956
         -32.11684
         -32.33478
         -31.54204
         -32.12469
         -30.70873
         -29.96331
         -31.25226
         -32.03794
         -32.54757
         -32.34191
         -31.92099
         -32.42187
         -32.57902
         -31.79717
         -31.74679
         -31.59586
         -32.05370
         -32.15205
         -31.38430
         -31.76255
         -31.87596
         -32.21207
         -31.07393
         -32.55158
         -32.07694
         -31.73065
         -31.31621
         -32.51864
         -30.82533
         -32.02358
         -32.67038
         -31.98639
         -31.41876
         -31.55381
         -30.29115
         -32.05845
         -29.73574
         -30.82175
         -31.06259
         -30.82738
         -31.28467
         -31.59753
         -30.61324
         -31.39355
         -31.88146
         -31.30386
         -31.12535
         -31.85559
         -31.42991
         -31.51397
         -30.72252
         -31.36137
         -32.40075
         -32.11665
         -30.76450
         -32.48968
         -32.21601
         -31.84147
         -30.43060
         -32.47714
         -31.77382
         -30.83639
         -30.82866
         -32.34871
         -33.17082
         -30.85220
         -30.63654
         -31.17996
         -29.79722
         -31.59751
         -33.75324
         -31.79390
         -30.22376
         -32.34156
         -31.00891
         -31.14527
         -31.53546
         -31.42579
         -30.66323
         -30.19165
         -31.55781
         -31.96130
         -31.22717
         -31.49597
         -31.19535
         -32.35840
         -32.42227
         -31.74866
         -33.09164
         -31.17489
         -32.10343
         -31.22643
         -32.11711
         -31.93405
         -31.31307
         -30.54536
         -30.85510
         -32.00048
         -31.89559
         -31.51431
         -31.75058
         -32.03676
         -32.13360
         -31.70499
         -32.84713
         -31.33131
         -30.71086
         -31.47437
         -31.49924
         -33.04301
         -31.93086
         -29.74619
         -32.28719
         -32.82331
         -31.61630
         -31.56372
         -30.91329
         -31.62602
         -30.27730
         -30.98271
         -32.31891
         -31.44629
         -31.41254
         -32.78473
         -32.65546
         -31.31665
         -32.36700
         -31.55349
         -31.76374
         -32.69212
         -33.00304
         -31.31124
         -31.34149
         -31.68659
         -32.36430
         -32.31073
         -32.22516
         -30.71934
         -31.91677
         -32.63251
         -32.02685
         -31.07511
         -31.42081
         -31.34663
         -31.20139
         -32.37924
         -33.19405
         -31.72848
         -30.93535
         -31.52845
         -30.07174
         -30.74683
         -33.46996
         -32.56339
         -31.11893
         -33.26844
         -32.57277
         -31.46662
         -32.11011
         -31.45977
         -30.36785
         -31.43633
         -31.75958
         -31.14929
         -32.51478
         -30.92797
         -33.21821
         -32.51761
         -31.79916
         -32.48220
         -32.44374
         -29.58664
         -30.98133
         -32.24771
         -32.12411
         -31.84310
         -30.55601
         -32.05975
         -31.05098
         -32.23268
         -31.35302
         -31.41829
         -31.23013
         -31.88377
         -32.40247
         -30.83547
         -30.69303
         -30.03035
         -31.88617
         -31.14636
         -30.73516
         -31.18921
         -31.66844
         -30.76046
         -31.32790
         -32.99018
         -33.27619
         -31.41210
         -31.79063
         -31.82752
         -31.43883
         -31.18010
         -33.07388
         -31.98023
         -31.48678
         -31.73991
         -30.43117
         -31.24446
         -30.80023
         -31.57370
         -31.88544
         -31.73113
         -32.03121
         -30.35734
         -31.61147
         -31.79993
         -32.70443
         -32.35223
         -31.52599
         -31.75440
         -31.18677
         -32.11485
         -31.81281
         -31.75836
         -33.54431
         -30.39850
         -31.69637
         -31.07701
         -32.20719
         -32.04914
         -32.87240
         -31.02083
         -32.57887
         -31.96014
         -31.91807
         -32.23257
         -32.37519
         -31.14145
         -31.77749
         -31.39287
         -31.24044
         -30.92422
         -32.52867
         -31.02987
         -32.38108
         -33.38887
         -31.21343
         -29.48404
         -32.94299
         -32.11255
         -32.19930
         -31.80080
         -31.83844
         -33.07482
         -31.66440
         -31.34068
         -31.95324
         -31.76986
         -30.09426
         -32.24785
         -31.35214
         -32.76159
         -32.05238
         -32.05199
         -31.15239
         -31.75551
         -31.26563
         -31.31806
         -32.44720
         -31.81545
         -33.08507
         -32.31338
         -31.20720
         -30.80663
         -30.84042
         -31.06651
         -32.54143
         -32.32927
         -32.63058
         -30.73219
         -31.92070
         -31.73627
         -32.88083
         -32.35275
         -29.66012
         -33.06771
         -31.30508
         -31.99341
         -32.18170
         -31.39870
         -32.84492
         -31.77426
         -30.30222
         -31.76732
         -30.21481
         -30.71346
         -30.70579
         -32.63998
         -31.85797
         -31.50509
         -31.81362
         -32.33973
         -31.08490
         -32.12045
         -32.96368
         -31.04933
         -32.96842
         -31.12097
         -32.22506
         -31.05037
         -30.99295
         -33.12312
         -32.82945
         -32.24163
         -31.33956
         -31.13631
         -31.21892
         -30.61398
         -32.16654
         -31.00185
         -32.25755
         -31.69473
         -31.00205
         -32.22030
         -31.76846
         -31.79952
         -33.00113
         -31.78285
         -31.67413
         -30.52874
         -31.66915
         -32.37203
         -30.85370
         -32.04808
         -32.59408
         -32.38770
         -32.56087
         -33.08242
         -29.53828
         -30.47594
         -31.38606
         -32.27711
         -32.98919
         -31.58829
         -31.60967
         -30.35699
         -31.27686
         -30.82940
         -30.56098
         -32.72878
         -31.66108
         -30.59109
         -31.76879
         -31.95869
         -31.94213
         -33.50683
         -31.75031
         -31.95876
         -32.89691
         -31.80312
         -32.40639
         -32.83273
         -31.29596
         -32.16713
         -31.57568
         -31.58504
         -31.52731
         -31.25687
         -32.89290
         -30.86225
         -30.26918
         -32.29420
         -30.41489
         -32.16651
         -31.42363
         -31.72240
         -31.44044
         -31.00146
         -30.67878
         -32.31180
         -32.59183
         -32.06508
         -30.96345
         -31.26379
         -32.24060
         -33.81969
         -31.36314
         -30.78337
         -31.34774
         -30.21515
         -31.43799
         -31.75904
         -32.65903
         -31.84092
               NaN
         -31.38754
         -31.49407
         -31.28143
         -31.72691
         -30.55815
         -32.73034
         -29.91679
         -32.22429
         -30.37210
         -30.37922
         -32.09225
         -31.89049
         -31.29016
         -30.03390
         -30.84347
         -31.62547
         -30.95610
         -31.10633
         -31.75699
         -31.48283
         -31.04944
         -31.45570
         -31.07760
         -30.95385
         -31.05023
               NaN
         -31.04193
         -32.72596
         -31.22927
         -32.19215
         -32.67185
         -32.26176
         -31.63009
         -31.69578
         -31.47425
         -30.04947
         -33.15303
         -32.43141
         -31.94426
         -30.60580
         -31.80020
         -31.49251
         -31.99592
         -31.85585
         -31.80665
         -31.34874
         -31.58825
         -30.54949
         -31.87822
         -32.01267
         -32.54672
         -30.56603
         -31.81897
         -32.67501
         -32.63254
         -30.70239
         -31.07896
         -31.34350
         -30.43342
         -33.06398
         -31.37307
         -31.04286
         -30.84305
         -32.65505
         -31.49129
         -32.58775
         -30.62630
         -31.83687
         -31.67812
         -31.37205
         -30.42132
         -31.35098
         -32.90864
         -32.44482
         -31.63229
         -31.80070
         -31.60670
         -33.11435
         -32.86982
         -31.71236
         -30.75411
         -32.60598
         -30.32543
         -31.07295
         -32.29717
         -30.83044
         -31.88573
         -31.72074
         -31.01600
         -30.41908
         -31.35375
         -31.17355
         -32.48585
         -31.98384
         -31.67074
         -32.13061
         -31.48904
         -32.09443
         -31.78719
         -32.17750
         -31.80728
         -32.13808
         -32.64731
         -31.54586
         -30.30170
         -31.48583
         -32.41196
         -31.44441
         -30.85648
         -30.79733
         -32.35584
         -30.23868
         -32.87041
         -33.63427
         -32.41403
         -31.39199
         -31.55026
         -31.06512
         -32.41226
         -30.52135
         -32.15767
         -31.13729
         -31.56188
         -31.26319
         -31.98667
         -31.89962
         -32.11313
         -31.54766
         -32.68527
         -32.06672
         -32.15118
         -30.90892
         -30.99006
         -31.40315
         -32.01048
         -32.24237
         -32.03732
         -29.89054
         -31.21152
         -31.71644
         -31.62100
         -32.46628
         -32.05648
         -31.87993
         -32.19834
         -31.52701
         -31.85993
         -31.55729
         -33.77150
         -32.24133
         -30.89295
         -31.82486
         -30.43316
         -31.58366
         -30.75334
         -32.58239
         -33.55444
         -32.68350
         -30.42509
         -32.19388
         -32.02599
         -31.49310
         -32.09913
         -32.61590
         -32.03842
         -30.31748
         -31.05358
         -32.36611
         -31.54286
         -32.47111
         -32.13030
         -29.99091
         -31.89315
         -32.02312
         -31.06493
         -32.45718
         -33.22809
         -33.15983
         -32.43435
         -31.64877
         -31.00824
         -30.69304
         -32.16668
         -31.41440
         -31.54185
         -31.38487
         -32.37224
         -31.11035
         -31.58362
         -32.27451
         -31.43862
         -31.68227
         -32.08619
         -31.56997
         -32.30896
         -30.92452
         -30.98903
         -31.58618
         -32.47988
         -30.94489
         -30.44495
         -30.99562
         -30.84746
         -32.72608
         -32.80577
         -32.02267
         -32.15446
         -33.61714
         -32.87113
         -32.29397
         -32.11025
         -32.07068
         -31.36532
         -31.88669
         -30.55066
         -32.17604
         -31.49898
         -31.71259
         -31.73871
         -31.55439
         -31.63887
         -31.62140
         -31.55132
         -31.01740
         -31.08882
         -31.70125
         -31.94135
         -31.61591
         -30.83670
         -30.61240
         -32.09911
         -32.74782
         -32.15703
         -32.10456
         -30.24797
