           0.00786
          -0.70068
           0.05396
           0.09120
          -0.31566
          -0.69839
           0.21096
          -0.20850
           0.84252
          -0.28167
           0.26698
           0.16548
          -0.53065
          -0.74449
          -0.55249
           0.31281
           0.69962
          -0.35655
          -0.06160
          -0.49691
          -0.42149
           0.73224
               NaN
           0.21769
          -0.10994
          -0.00218
           0.22188
           0.07030
          -0.24794
           0.14055
           0.22621
           0.40354
          -0.43844
          -0.11359
           0.25208
          -0.50384
          -0.02144
          -0.20166
           0.61255
           0.15718
               NaN
           0.02871
           0.00318
          -0.76485
           0.31862
          -0.27476
           0.02958
           0.01512
           0.12453
          -0.59609
          -0.16760
           0.35662
          -0.18303
           0.34877
           0.57504
          -0.76900
           0.25031
           0.18069
           0.38949
           0.14119
          -0.00636
           0.10457
          -0.37226
          -0.15466
           0.34672
          -0.13897
          -0.55206
           0.31263
          -0.31983
           0.30792
          -0.32321
           0.00995
           0.14935
           0.78494
          -0.19715
          -0.05561
          -0.05668
           0.70422
           0.27436
           0.26637
          -0.65987
          -0.56944
          -0.84587
          -0.16111
          -0.06922
           0.53856
          -0.09677
           0.13557
           0.01681
          -0.23270
          -0.15799
          -0.50853
           0.12817
           0.25916
           0.36587
          -0.05725
          -0.26393
           0.08300
           0.18177
           0.45195
          -0.23300
           0.33749
          -0.36780
           0.41431
           0.80502
          -0.31484
           0.25996
          -0.14884
          -0.47633
           0.04515
          -0.07303
           0.52234
          -0.46507
           0.56949
          -0.33954
           0.34434
           0.25225
          -0.41133
           0.47225
          -0.39632
           0.04514
           0.02255
           0.03496
          -0.00256
           0.33530
           0.31320
           0.17852
          -0.46735
          -0.34135
           0.58648
           0.32915
           0.25687
           0.12603
           0.49782
           0.33407
           0.25281
          -0.11515
          -0.10162
          -0.49229
          -0.17275
           0.67781
           0.00891
           0.55869
          -0.11420
           0.13462
          -0.54838
           0.08186
           0.13618
          -0.08934
           0.17575
           0.34544
          -0.50096
           0.41395
           0.17461
          -0.10014
           0.51961
          -0.83779
           0.10579
           0.44633
          -0.32003
          -0.63402
           0.01689
           0.25970
          -0.08052
           0.54504
           0.37929
          -0.37587
          -0.01402
           0.00002
           0.49287
          -0.09677
           0.64076
           0.29443
          -0.21411
          -0.06373
          -0.64482
          -0.70229
          -0.01059
          -0.00290
           0.21374
           0.39910
          -0.05725
           0.21601
           0.01501
          -0.04092
          -0.20987
           0.21580
           0.12527
          -0.18024
          -0.03801
           0.11936
          -0.17244
          -0.18506
          -0.38443
          -0.83893
           0.71877
           0.36577
          -0.40237
           0.42040
          -0.34019
          -0.29532
          -0.25047
          -0.03270
          -0.58225
          -0.54134
          -0.14508
          -0.17715
           0.04339
           0.22481
           0.45326
          -0.05140
          -0.83298
           0.45115
           0.06263
          -0.11343
           0.26938
           0.47298
          -0.38242
           0.13631
           0.55657
           0.56432
           0.75484
          -0.38203
          -0.68756
           0.10263
          -0.56058
          -0.18402
          -0.69193
           0.44151
           0.09451
           0.11937
          -0.32920
           0.09842
           0.07359
           0.10595
          -0.60823
           0.24274
           0.17193
          -0.48534
          -0.07686
          -0.11412
           0.35071
               NaN
           0.40375
           0.33586
           0.16888
           0.11579
           0.07239
          -0.08738
          -0.28754
          -0.26796
           0.05959
          -0.26662
          -0.00457
          -0.13208
           0.50391
           0.15513
           0.14291
           0.31605
          -0.24643
          -0.12675
          -0.18768
          -0.00061
          -0.59299
           0.39145
           0.30541
          -0.28999
           0.40371
          -0.25548
           0.04657
           0.06111
          -0.00830
          -0.15418
           0.46564
          -0.85129
          -0.34247
           0.12515
          -0.67306
          -0.24620
          -0.25164
          -0.25536
          -0.13665
           0.15254
           0.27931
          -0.05354
           0.17864
           0.38101
          -0.15500
           0.20853
          -0.12756
           0.70977
          -0.09916
           0.77927
          -0.20990
           0.04082
          -0.64783
           0.00011
           0.73034
          -0.42004
          -0.57876
           0.20234
          -0.73381
           0.71083
          -0.12027
           0.31896
           0.17606
           0.03349
          -0.20784
           0.20700
          -0.53150
           0.39287
           0.27988
           0.21248
           0.37375
           0.20133
           0.31492
          -0.68862
          -0.37159
           0.18905
           0.36726
           0.34845
          -0.01819
           0.05814
           0.22282
          -0.04277
          -0.26937
          -0.72161
               NaN
           0.14816
           0.58426
          -0.29557
          -0.16161
           0.22338
           0.36607
           0.67016
          -0.03579
           0.29058
           0.53899
          -0.31856
          -0.89145
          -0.41659
          -0.41694
           0.14821
          -0.29165
          -0.59589
          -0.00990
          -0.13056
           0.05770
          -0.32869
          -0.12129
          -0.39139
          -0.78698
           0.66082
          -0.39245
          -0.14619
           0.33097
           0.25073
           0.34537
          -0.46396
          -0.90081
           0.20994
           0.30101
           0.54219
          -0.07629
           0.11982
          -0.48701
          -0.11993
          -0.24168
          -0.68247
          -0.62704
          -0.67285
          -0.22387
           0.41593
           0.30022
          -0.12613
          -0.23754
          -0.11781
           0.88737
          -0.26909
           0.69674
          -0.00883
           0.27709
          -0.22656
           0.42318
          -0.13196
          -0.52368
          -0.22583
           0.44181
           0.22645
           0.29803
          -0.40392
          -0.53904
           0.21518
           0.21548
           0.37604
          -0.05641
           0.33284
          -0.23757
           0.28244
           0.51708
          -0.34877
           0.45630
          -0.29080
           0.32771
           0.34882
          -0.72222
          -0.41113
           0.03200
           0.65391
          -0.09902
          -0.03265
           0.08644
          -0.50501
           0.28861
          -0.43142
           0.13627
           0.12268
          -0.31996
           0.32679
           0.10490
           0.21942
          -0.08780
           0.07312
          -0.31577
          -0.19939
           0.05950
          -0.34346
           0.25154
           0.25342
          -0.00416
          -0.14653
           0.33878
           0.27404
           0.05995
           0.06239
           0.38848
          -0.34120
          -0.03886
          -0.12149
           0.27266
           0.21010
          -0.51790
           0.06881
          -0.36154
           0.26037
           0.16911
           0.04697
          -0.11275
          -0.02597
           0.00200
           0.03199
          -0.14905
           0.52477
           0.14622
           0.00212
           0.15710
           0.03499
          -0.95479
          -0.38929
          -0.01320
           0.66323
          -0.19009
          -0.25352
          -0.04796
          -0.27235
          -0.73595
          -0.17186
           0.03533
          -0.01570
           0.13030
          -0.65424
          -0.16730
           0.44616
           0.65118
          -0.34330
          -0.15243
          -0.05205
          -0.16678
           0.53918
          -0.22689
          -0.52385
           0.12413
          -0.12889
           0.21902
          -0.05329
           0.06779
          -0.51855
           0.33928
           0.58168
          -0.16242
          -0.55891
           0.64268
          -0.05907
           0.16758
          -0.14803
          -0.84126
           0.44693
           0.04655
           0.14508
           0.39495
          -0.14696
           0.13227
           0.21611
          -0.50759
          -0.66686
          -0.07279
           0.18636
           0.63639
          -0.09054
           0.59283
           0.75583
          -0.52733
          -0.36027
          -0.60796
           0.24834
          -0.12015
          -0.11255
          -0.21638
          -0.20477
           0.15071
           0.17803
           0.06177
           0.14388
           0.33208
           0.12933
          -0.08736
           0.38962
          -0.13531
           0.70533
           0.09131
           0.09258
           0.44582
           0.02811
           0.02624
           0.55518
          -0.22960
          -0.02729
           0.09479
          -0.25949
          -0.53073
          -0.35193
          -0.68643
          -0.83552
          -0.05097
           0.03067
           0.11933
           0.04792
          -0.41674
          -0.46461
           0.33917
          -0.43976
          -0.56493
           0.34754
          -0.20117
          -0.16047
           0.75209
          -0.65202
           0.92990
           0.05843
           0.23252
          -0.10063
           0.20648
           0.47608
           0.79765
           0.55360
           0.15404
          -0.17056
          -0.01102
          -0.18909
          -0.37401
          -0.61936
          -0.36730
           0.36714
           0.11450
           0.24228
           0.00626
           0.04274
          -0.74296
          -0.56064
           0.46992
           0.15163
          -0.65301
          -0.48967
          -0.58556
          -0.51650
          -0.51799
           0.43188
           0.14435
          -0.04323
          -0.65820
           0.63940
          -0.07728
          -0.08349
           0.26438
           0.42049
           0.08994
           0.56655
           0.03141
          -0.22744
           0.05083
          -0.49254
           0.02242
           0.63247
           0.34568
          -0.13569
           0.05510
           0.08529
           0.19150
          -0.03422
          -0.27792
           0.34679
           0.15109
          -0.01371
           0.51892
          -0.29814
          -0.26702
           0.24726
           0.08489
          -0.08455
          -0.09939
          -0.12750
          -0.15383
           0.36977
          -0.06978
           0.46166
          -0.18083
           0.46483
          -0.77109
          -0.37981
           0.21931
           0.06687
           0.00897
           0.05929
          -0.22125
           0.19068
          -0.34876
           0.26271
           0.04564
          -0.04213
          -0.39612
          -0.20573
           0.43373
          -0.06333
           0.14449
           0.17958
          -0.18284
           0.30721
          -0.30413
          -0.29645
           0.00182
          -0.19354
           0.18527
           0.57482
           0.48679
          -0.61931
          -0.40734
           0.54328
          -0.41321
          -0.41539
           0.04742
          -0.00749
          -0.06447
           0.14194
           0.05617
           0.09307
          -0.63775
           0.41381
          -0.48481
          -0.02254
          -0.27874
          -0.76803
           0.26092
          -0.09777
           0.36796
           0.40654
           0.28974
          -0.26648
           0.40026
          -0.00881
          -0.22423
          -0.27109
          -0.17812
          -0.22263
          -0.27138
          -0.22360
          -0.49148
          -0.01216
           0.07305
          -0.40523
          -0.14772
          -0.00402
          -0.12981
           0.00699
           0.21453
          -0.42588
          -0.43346
          -0.19376
          -0.33292
          -0.18078
           0.04471
           0.24403
          -0.51486
           0.02443
          -0.54286
           0.13560
           0.56593
           0.30390
          -0.12279
           0.33575
           0.43754
          -0.20121
          -0.66136
           0.31907
          -0.30856
          -0.04372
           0.39143
          -0.18525
          -0.44125
          -0.00634
           0.12976
           0.01778
          -0.26590
           0.17443
          -0.31594
          -0.22404
          -0.02563
           0.37876
           0.34323
           0.10415
           0.24427
          -0.07345
          -0.58332
          -0.34796
           0.10612
           0.61569
          -0.29369
          -0.38049
          -0.39955
           0.54239
           0.03794
          -0.02467
          -0.08569
           0.68092
           0.44404
               NaN
           0.07485
           0.13008
          -0.28598
           0.47061
           0.35452
          -0.04667
           0.01110
           0.25376
          -0.49487
           0.04314
          -0.43594
          -0.42343
          -0.45050
           0.42352
           0.02011
          -0.01103
          -0.81152
           0.30445
           0.26629
           0.31307
          -0.07887
           0.53697
          -0.12489
          -0.01558
          -0.17007
           0.04652
           0.36148
          -0.24722
          -0.30212
          -0.18189
          -0.01466
           0.26000
          -0.26802
          -0.13048
          -0.20042
           0.20651
           0.39446
           0.16962
           0.49863
           0.27398
          -0.39194
           0.31701
           0.16347
          -0.28205
           0.07396
          -0.92931
          -0.15768
          -0.03517
           0.20596
          -0.31731
          -0.30884
           0.13080
           0.17458
          -0.26901
          -0.20365
          -0.01635
           0.21076
           0.01234
           0.14998
          -0.38505
          -0.05487
          -0.27227
          -0.06067
          -0.05464
          -0.27857
           0.10674
           0.00856
           0.32824
           0.02947
           0.28406
           0.23609
          -0.34098
          -0.36858
           0.46474
          -0.29769
          -0.26276
           0.41820
          -0.22714
          -0.16920
           0.12222
           0.14851
          -0.54630
           0.26423
           0.10401
           0.37587
          -0.04122
          -0.13250
           0.19856
          -0.77133
          -0.19219
          -0.32469
          -0.02269
          -0.27667
          -0.15981
          -0.09610
          -0.21043
           0.49241
           0.48995
          -0.08748
          -0.86998
           0.10470
          -0.33854
          -0.61574
           0.37899
          -0.04280
           0.18213
          -0.07133
          -0.61333
          -0.04701
           0.08536
           0.07564
          -0.01441
           0.43335
          -0.06393
           0.01415
          -0.23794
           0.14835
           0.36705
           0.31222
          -0.05435
          -0.40923
           0.36552
          -0.08787
           0.00571
           0.02423
          -0.22176
           0.36011
          -0.31129
          -0.23277
          -0.14227
          -0.87335
          -0.45296
           0.17015
           0.38887
           0.05606
          -0.47848
          -0.24473
           0.15525
          -0.25564
           0.34407
          -0.15510
          -0.55605
           0.29871
          -0.26386
           0.15488
          -0.17824
          -0.29199
          -0.53310
          -0.71146
           0.68238
           0.28887
          -0.16133
           0.09806
          -0.62412
          -0.70640
          -0.09333
           0.40550
           0.16558
           0.50407
           0.45928
          -0.39794
          -0.35995
           0.41403
           0.57569
           0.36163
           0.10218
          -0.34840
          -0.20463
           0.20178
          -0.05914
           0.43797
          -0.01580
           0.21675
           0.23244
           0.30430
           0.31762
           0.67210
           0.11600
          -0.11107
           0.28546
           0.37212
           0.38974
           0.09520
           0.08843
           0.57475
          -0.08046
          -0.79491
          -0.25317
          -0.18015
           0.39359
           0.16685
           0.23689
           0.14483
           0.06918
           0.01857
           0.49623
           0.81280
           0.18243
           0.25152
           0.30416
           0.09714
          -0.25676
          -0.34429
          -0.70777
          -0.53873
           0.51949
           0.74352
           0.19273
          -0.28845
           0.06428
           0.02084
           0.08934
          -0.26068
           0.18708
           0.34881
          -0.13130
           0.25368
          -0.27066
           0.21067
           0.15832
           0.17718
           0.30574
          -0.31180
          -0.38407
           0.61032
          -0.42047
          -0.72235
          -0.04831
           0.36255
           0.31712
          -0.23426
          -0.21836
           0.05098
          -0.10433
           0.00263
           0.03006
           0.30125
           0.09651
          -0.11230
          -0.34375
           0.21326
           0.34591
          -0.49188
          -0.15426
          -0.18165
           0.09975
           0.19412
           0.07879
           0.36645
          -0.07951
          -0.29711
          -0.46468
          -0.10399
          -0.14915
           0.43592
          -0.11184
           0.33206
          -0.02021
          -1.78537
           1.42705
           0.85735
          -0.71134
           1.06054
          -1.78795
          -0.39334
          -0.99777
          -0.82919
           0.26972
           1.84347
           0.36751
           1.24438
          -0.52816
           0.95142
           1.17556
          -1.27439
           0.63038
           0.05342
           1.34196
               NaN
          -0.89137
          -1.83008
           0.33792
          -0.39749
           1.45135
           1.46998
           2.01596
           0.51849
          -1.56290
           1.55698
          -2.33454
           0.89744
           0.35594
           0.42147
          -1.23562
           0.69332
          -1.27416
          -2.12817
          -0.96980
          -0.23398
          -1.22287
           1.18371
          -0.03647
          -0.85422
          -0.92391
          -2.13269
          -0.24578
          -1.13797
          -0.10792
          -0.60522
          -0.20871
          -0.68550
          -1.33562
           0.30326
          -2.56207
           0.10430
          -0.15243
           0.70892
           1.18173
           0.12384
          -0.21385
           0.71483
           2.06135
           0.51739
           0.35554
          -0.37610
           0.10696
          -2.56161
          -1.71957
          -1.51983
          -0.40687
          -1.22565
          -0.81649
          -0.99335
           0.17301
           1.34947
          -0.01618
           0.58667
          -1.24672
          -1.09508
          -1.35909
           1.03170
           1.83161
           0.37587
           0.24631
           0.15150
           0.83654
           0.70200
          -0.84451
           0.06543
          -0.08327
           1.33923
           1.29430
          -0.12699
           1.93221
           0.63930
           2.68416
           2.27588
          -0.40172
          -0.08537
           0.41821
           0.79032
          -0.02042
           2.00659
           0.39284
           1.49640
           0.02715
          -0.10177
           1.13138
               NaN
           0.42840
          -0.16413
               NaN
          -0.71073
           1.17858
           0.13134
           0.13411
           1.92667
               NaN
           1.19475
          -1.73209
          -0.58882
          -0.83383
          -0.49419
          -1.08527
           1.24774
           0.55147
          -0.73838
          -0.34523
           0.25897
          -1.06703
          -1.55870
           1.84705
           0.49392
          -0.71531
           0.20041
           0.55437
          -0.28568
           0.32189
           0.52874
           1.49000
           0.35863
           1.49294
           0.46117
           2.19304
          -1.34502
          -2.98201
          -0.34183
          -0.01571
          -1.49772
          -0.39516
          -0.44816
          -0.65326
           0.31502
          -0.84677
           0.91867
           0.14818
          -0.87996
          -0.37775
           1.11901
          -1.10674
           0.77623
          -0.03123
           0.14818
           0.25436
           0.79531
           1.23443
          -0.71973
           1.39098
          -1.02991
          -0.35635
           0.34347
          -1.46229
           0.19541
          -1.55481
          -1.17857
          -1.24257
          -1.65588
          -0.58291
          -2.36697
           0.68634
           1.53989
           0.92073
           0.58819
           0.69215
          -1.01450
           0.85490
           0.86018
           1.30758
           0.52053
          -1.79338
          -0.53637
           0.14075
           1.35940
          -0.80216
          -0.42200
          -0.05391
           0.00742
          -1.43200
           0.20005
          -0.58708
          -0.47784
          -0.51138
          -1.43164
          -0.23011
           0.69267
           1.55302
           0.04919
          -1.81319
          -1.29533
           0.59012
          -0.12290
          -1.03746
          -0.02404
          -2.24153
          -1.48639
          -0.45859
          -1.01617
               NaN
           1.09006
           1.28342
          -0.66642
          -1.70988
           0.74515
           1.07127
          -0.94762
           0.20358
           0.36549
          -0.75861
          -0.44946
          -1.85378
          -2.84435
          -0.54323
           0.96725
          -0.86889
           0.36866
          -1.92324
          -0.57799
          -1.61181
          -1.47594
          -0.84430
          -1.35265
          -1.43042
          -0.74593
          -0.22822
           0.00616
          -0.13166
           0.19982
          -1.90971
          -0.30660
          -0.37827
          -1.21171
           0.14857
          -0.24544
           1.63602
          -0.54587
          -1.35948
          -0.01360
           1.00535
           0.34434
           1.00699
           1.86281
          -1.07347
          -0.62453
           1.00912
          -0.73645
           1.75523
          -0.99525
          -0.46813
          -0.31033
           0.65606
          -0.46955
          -0.90469
           0.55557
          -1.19419
           1.00819
           0.32569
           0.38833
          -0.30843
          -1.27867
           1.48939
           0.84135
          -0.69558
           0.09422
          -0.44012
          -1.62025
           1.64286
          -0.29794
           0.46619
          -2.12403
           0.30372
          -1.50383
          -1.57450
          -0.73052
           0.12042
          -0.78238
          -1.32807
          -0.70613
           0.88509
          -1.80051
          -0.58499
          -0.44190
           0.62045
           0.77694
           0.36207
           0.38705
          -0.61146
               NaN
          -0.69803
           0.05389
          -1.94683
          -1.86681
          -0.97133
          -1.81709
          -0.20769
           0.84832
          -0.35476
           1.64353
          -1.71463
           1.21375
          -0.86643
          -0.94802
          -1.27878
           1.16550
          -0.36806
          -0.94217
           0.12920
          -0.75096
          -0.87446
           1.78585
          -0.11538
           0.35694
          -1.46532
          -0.46080
           1.98832
          -0.25014
          -0.31484
          -0.40428
           1.07945
           0.14554
          -0.40815
          -0.78988
           1.60088
           0.55244
          -0.22111
          -1.70667
           0.51889
          -0.34011
           1.17468
           0.08656
           1.34965
          -0.78109
          -1.73779
          -1.18987
          -1.04945
           0.87914
           0.62603
          -1.26955
           0.41726
          -1.19023
          -0.56186
          -1.01664
          -0.00152
          -0.94175
           0.81937
           1.72249
          -0.58160
          -1.81736
           0.11104
          -0.49444
          -1.54370
          -1.00679
          -0.09425
          -1.02351
          -2.24908
          -0.51594
           1.10732
           0.23627
           0.57954
           0.45121
           0.66547
           0.11726
           0.95032
           0.64355
           0.53738
           0.57927
           1.46199
           0.52442
           0.75090
           1.92972
          -0.70469
          -2.44671
          -0.95165
          -0.26527
           0.12704
          -0.94294
          -0.28079
           1.06608
           0.42205
          -1.08624
          -0.87678
          -1.02813
           1.90026
          -0.71502
          -0.86195
           0.46193
          -1.95608
           1.25972
           0.49650
          -1.00853
          -1.40253
           0.44443
           1.48943
          -1.53112
           0.07294
          -1.20521
          -0.46135
          -1.34768
          -1.52519
          -0.20001
           0.57985
           0.79241
           0.16796
          -0.01409
          -1.68703
           1.75228
          -0.13198
           0.07426
          -1.20556
          -0.15393
          -1.34580
          -0.63324
           0.36604
           0.13296
          -0.05991
           0.10049
          -1.31976
          -0.29160
          -1.16782
          -0.49163
          -0.61869
          -0.47211
          -0.53940
          -0.36250
          -0.20979
           1.44274
           0.47099
          -0.91689
           1.23370
          -0.48871
           0.25881
          -0.72493
          -1.47967
          -1.37138
           0.67461
          -1.01253
          -0.24300
           0.14123
           0.35364
           0.75597
          -0.53832
           0.15174
          -0.68227
          -0.30541
          -0.40278
          -1.43391
           0.65994
          -0.21170
          -1.26687
          -1.17565
          -1.18700
           0.55038
           0.26371
          -0.76564
           0.86561
           0.41007
          -0.01569
           0.50812
           0.25033
           1.57249
           2.66059
          -0.55574
          -2.65264
          -0.76143
          -1.21658
          -0.86314
          -1.66011
          -1.34366
           0.08406
          -0.45099
          -1.04532
           1.82877
           0.63341
          -0.23413
           0.25821
           0.13141
          -1.64446
          -2.34502
          -0.82553
          -0.60042
           0.78773
          -0.83345
          -0.99053
          -1.96017
          -0.38102
          -0.43103
          -0.13901
           1.28952
           0.38171
           0.17906
           0.47993
           0.20771
           0.43077
          -0.61077
           1.52686
           1.82744
          -1.13366
           0.12595
          -0.94038
           2.13011
          -0.57000
           1.27746
           0.47120
           0.84544
          -1.55966
           0.12322
          -0.14754
          -1.49151
          -0.11734
          -0.47417
          -0.48236
           1.45051
          -1.70296
           0.33986
          -2.13800
           2.18941
          -0.30863
           0.83106
          -0.22135
           0.38544
          -0.60332
          -1.23159
          -0.43464
          -2.34393
          -0.88634
          -0.30524
          -2.60872
          -0.79649
          -0.59745
          -1.36601
          -0.65023
           0.43075
           0.15998
          -1.03882
           0.35821
           0.20253
          -0.53964
          -0.21262
          -0.49067
          -2.39473
          -0.74730
          -0.26363
          -0.04146
          -0.98822
           1.19963
          -0.47211
          -2.45925
          -0.12056
          -0.81327
           0.82635
           0.73158
           0.20275
          -0.10236
          -1.40081
           0.05636
          -0.46077
           1.85115
           0.71312
           1.10850
           0.30907
           0.45827
          -0.16128
          -0.44935
          -0.34077
          -0.33628
           1.40689
          -0.73077
          -1.76429
           0.78629
          -0.19708
           0.21086
           0.39929
          -0.65742
           0.34278
          -0.18838
          -1.52378
           2.20163
          -1.42830
           0.40839
          -0.01783
          -0.03683
          -2.79733
               NaN
               NaN
          -0.10842
           0.36304
           1.46488
          -0.92996
           0.15955
           0.47933
           0.32663
          -0.68515
          -0.24355
          -1.20652
           0.51142
          -0.67058
           0.04799
           1.81308
          -0.50902
          -0.74895
          -0.65510
           1.48582
          -0.76993
          -0.16230
          -0.36753
          -1.68041
           1.45292
           1.19678
           0.88924
          -0.08672
           0.18991
           2.18581
          -1.75471
          -0.00884
          -1.33679
           1.41400
           0.01820
           1.02019
          -0.15300
           0.90766
           2.17517
          -1.66316
          -1.26937
           1.00921
           0.02351
           0.71185
          -0.19023
           1.16270
           0.62989
          -0.25751
          -0.83514
          -0.31140
          -1.69322
           0.01295
          -1.20558
           1.34038
           0.71184
          -0.38822
          -1.05427
          -0.18407
           0.90373
          -0.09085
          -1.80334
          -1.46316
           1.04157
          -0.21008
           0.00648
          -0.83707
           1.56347
          -0.66029
          -0.09949
          -1.14083
          -0.42654
          -1.44795
          -1.47323
           0.06623
          -0.82466
          -0.78071
           0.05108
          -0.41581
           0.13421
          -0.04102
           0.62011
          -0.01776
          -0.67853
          -0.49695
           2.03635
           1.20568
          -0.93646
          -1.21457
           0.27361
           0.56247
           1.05224
           1.09481
           2.32037
           0.18025
          -0.47376
           0.80010
          -0.04190
           1.10606
          -0.14124
          -0.86577
          -0.74043
           0.42404
           0.18233
           0.38074
           1.26543
          -0.85411
           0.45763
           2.69322
          -1.37798
          -1.36005
           2.45330
          -1.72505
          -0.14071
           1.71174
          -0.52090
          -0.72592
           0.13444
          -0.95453
          -0.98778
          -1.22606
           0.05163
          -0.31157
           0.42713
           0.85433
           1.14411
          -0.83221
           1.61715
           0.78512
          -0.69337
          -0.16968
           1.25521
          -1.01628
           1.14905
           1.50810
          -1.21914
           1.52535
          -2.03837
           1.07561
           2.32471
          -1.46418
          -1.70847
          -0.00743
          -1.10397
          -2.54102
           0.09379
           0.97726
          -0.63306
          -0.16209
          -0.12795
          -1.30304
          -1.05832
           0.70008
           1.27973
          -0.13910
           1.61966
           0.54202
           0.09819
           1.32749
          -1.14835
           0.06708
          -1.80774
           0.90677
          -1.19458
           0.81960
           1.57845
          -0.03812
           1.31353
          -1.31131
          -1.05189
           1.33820
           1.45121
           0.17146
          -0.21273
          -0.48611
          -0.00900
          -0.99494
          -0.73882
          -1.29231
           0.93972
          -0.30417
          -0.25016
          -0.15620
          -2.49950
          -0.61355
          -0.43961
          -0.64842
          -0.45786
          -0.27208
           1.25213
           1.36435
          -2.21134
           0.18714
           1.18730
          -1.18313
          -0.33332
          -1.25958
          -0.41791
          -0.67029
          -0.21541
          -0.66271
          -0.65728
          -0.75184
          -0.01260
           1.26362
           2.07895
           1.83127
           0.90081
          -0.56866
           1.75940
           0.95483
          -1.23179
          -0.78331
           0.41407
          -2.01751
          -0.29560
           0.13691
           0.28020
          -1.22664
          -0.26543
           0.51753
           1.71890
          -0.42178
           0.00856
          -0.35461
           0.59821
          -1.82828
          -0.94533
          -0.61431
          -0.28484
           1.75395
           0.90347
          -1.04914
           1.68703
          -0.55131
          -0.66108
           0.56255
           0.12903
           0.83000
          -0.53460
          -1.16301
          -1.06594
           0.41101
          -0.81299
          -0.31813
          -1.34383
           0.22377
           0.91916
           0.65335
           0.64892
          -0.57667
          -0.25863
          -2.32719
           1.17305
           0.19953
          -0.22578
          -1.47663
          -0.60418
           0.21686
          -0.17527
          -2.04594
           0.80552
          -0.85245
           2.00730
           0.31175
           1.31523
          -1.13947
           0.28017
           0.82617
          -0.10722
          -2.22871
           0.92159
           0.34118
           0.03911
          -1.09053
          -1.21524
           0.93265
          -0.32065
           1.02452
           1.44700
          -1.28975
           1.97237
           0.24818
           0.32673
          -0.48436
           2.48793
          -1.56264
          -0.33626
           1.11617
           1.39514
          -1.25108
          -1.76377
           0.97793
           2.26850
          -0.34361
          -2.14349
           0.37890
           0.66493
           0.31941
          -0.85279
           0.07352
           0.88081
           0.15607
          -0.27247
           0.67958
          -1.45981
          -0.29357
          -0.21963
           0.01119
          -0.65718
          -1.21078
          -1.51202
           1.55694
           0.28332
           1.07509
           2.00637
           0.61727
           0.27842
           0.92762
           1.31092
          -1.88954
           1.11648
           0.31072
          -0.15728
           1.29604
           0.69105
           0.37642
           0.16752
          -0.50971
          -0.69055
           1.36915
          -0.85288
          -0.08106
          -1.91732
           0.39967
          -0.03125
           0.02369
           0.68523
           0.55475
           0.37013
           1.13492
          -1.42165
           0.60693
           0.58776
           0.37257
          -1.15518
           0.47141
          -0.62779
           0.82787
          -1.10695
          -0.43066
           0.33855
          -0.20223
          -1.03064
           0.48463
          -1.90775
           1.14161
          -0.75938
           0.26559
           0.41666
          -2.49616
          -0.80417
           1.41961
          -0.10044
          -1.15910
           0.54057
           1.00490
           0.36210
          -0.92043
           1.80431
           0.83615
           0.96670
          -2.22601
          -1.28605
           0.38110
           1.66128
           0.40963
          -0.20785
           0.19836
          -1.86176
          -1.06595
          -2.16389
           0.96848
          -0.25368
           1.12434
           1.31653
           0.53547
           0.01747
          -0.00195
           0.17485
          -0.13983
           0.12510
          -0.18844
           0.53649
           0.36471
          -0.19520
           6.29197
          -0.48063
          -2.56636
           4.13848
           6.83587
          -2.52503
           2.88622
          -8.95929
           2.00272
          -3.30956
          -2.19328
           4.79308
           8.25229
           5.09143
          -1.45146
          -6.51343
           4.02440
           1.73308
           2.88792
           4.22080
          -6.30968
               NaN
           0.85686
           0.06740
          -1.79845
          -1.59112
          -1.04190
           3.60924
           0.23394
           0.06863
          -2.97889
           2.08985
           2.55252
          -4.42891
           5.24640
           0.56008
           2.16283
          -6.51796
          -0.67608
           7.67885
          -2.29858
          -1.00817
           6.26781
          -3.92900
           3.53078
          -0.25404
          -0.88532
          -1.91797
           2.79142
           1.17216
          -4.12578
           1.50096
          -3.60247
          -5.14518
           5.77646
          -3.44722
          -1.26462
          -5.80659
          -1.03637
          -0.10558
          -0.15783
           4.37602
           1.44272
          -3.21352
           1.87106
           6.82126
          -2.15766
           3.08463
          -3.04153
           2.88579
          -2.61338
          -2.89776
          -8.27309
           1.24804
          -0.66978
          -0.28936
          -7.05241
          -2.21415
          -0.98235
           5.55967
           5.45399
           5.80498
           0.29036
          -0.70697
          -3.71196
           2.75138
          -0.81526
           0.27525
           2.17098
           2.25221
           5.04661
          -1.82480
          -2.15485
          -3.27493
           1.86893
           3.58864
          -0.83918
           0.34773
          -3.29126
           4.70796
          -0.70586
           2.68596
          -3.67789
          -6.60721
           3.49279
          -2.27619
           3.33414
           4.46868
           1.10114
           0.64312
          -4.62086
           5.18594
          -7.78879
           3.39117
          -3.16172
           0.94533
           2.77676
          -2.98014
           3.52436
          -0.27464
           1.72258
           2.68535
           1.23445
          -4.55470
          -3.27718
          -2.37950
           3.43605
           1.78844
          -3.92078
          -2.32191
          -2.97001
          -1.42667
          -4.04283
          -3.93426
          -3.73112
           2.84264
           1.37234
           3.46283
           1.69168
          -5.39119
          -0.36390
          -4.58552
           1.48071
           0.32008
           5.09675
           0.85354
          -0.72078
           2.99670
          -2.76246
          -5.86994
           3.95614
          -3.52288
          -2.99385
           0.44905
          -4.93285
           6.39991
          -0.64174
          -4.70265
           3.68009
           5.53740
          -0.99784
          -2.63269
           1.85879
          -5.73777
          -2.52517
           3.16873
           0.22672
           0.25125
          -3.47640
           2.11467
          -6.18998
          -1.17206
           0.82434
           0.16234
           5.81665
           4.38218
           0.27327
          -1.49232
          -3.03564
          -4.66024
          -1.11674
          -2.42678
          -2.51560
           1.04156
           3.35472
          -0.96123
          -0.43926
           2.24442
          -0.65670
          -0.16436
           2.34989
           2.96571
           3.84844
           5.19630
          -6.78435
          -3.06783
           4.86907
          -4.40094
           2.48960
           2.43423
           2.18797
          -1.13161
           5.18106
           3.98946
           0.78035
           1.00674
          -1.81903
          -2.19710
          -3.26994
           1.97104
           7.09025
          -5.66444
          -1.82045
           1.56418
          -2.42945
          -5.11719
           3.23386
          -3.36397
          -6.18446
          -5.28994
          -7.51125
          -0.07062
           6.99791
           0.44615
           4.06309
          -0.17345
           6.62933
          -2.75355
          -1.75057
          -0.80790
           3.17075
          -1.58709
          -1.06773
          -2.71766
           2.22407
          -2.61143
          -0.47674
           3.20697
           1.00578
          -0.98492
          -3.58245
               NaN
          -4.86421
          -3.73949
          -2.75808
          -2.35845
          -1.30731
           0.50458
           2.44741
           2.13475
          -0.30950
           0.35471
          -0.26731
           0.77637
          -5.50850
          -1.16837
          -1.51220
          -1.11658
           1.58299
          -0.27583
           1.55813
           1.02935
           5.41950
          -2.42488
          -0.83180
           1.48002
          -4.08232
           3.16708
          -1.05634
           1.23843
          -0.85804
           0.86586
          -4.34631
           7.95442
           2.46951
          -1.96618
           6.32911
           0.88579
           3.18203
           2.47789
           1.55643
          -1.64180
          -3.58519
           1.96779
          -0.70525
          -3.96227
           1.42226
          -2.24274
          -0.55143
          -4.67195
           0.54411
          -6.34843
          -0.36883
          -0.05173
           3.92204
          -1.56579
          -7.03146
           3.73801
           4.14839
          -2.98540
           5.51166
          -5.34107
          -0.77070
          -3.27757
          -1.98739
           0.36154
           2.55842
          -1.44532
           4.91770
          -3.99352
          -5.61997
          -2.50459
          -3.18672
          -3.60701
          -4.53844
           4.81812
           1.34228
          -1.84191
          -2.31739
          -3.26883
           1.76283
          -2.19904
          -0.73128
          -0.43234
           1.32814
           4.77869
               NaN
          -1.64245
          -6.01273
           2.62077
           0.60698
          -2.77520
          -1.42159
          -5.94425
           0.67094
          -3.92734
          -5.10374
           4.76296
           7.30436
           3.21208
           3.15330
          -0.22418
           2.68439
           4.62295
          -0.71501
           2.77007
           0.06106
           2.58928
          -0.70642
           3.85805
           6.30077
          -4.65570
           3.45741
           2.76127
          -3.63013
          -3.85081
          -4.11487
           2.92447
           8.57973
          -1.15482
          -3.85155
          -4.29597
          -0.53872
          -1.62273
           3.10029
           0.98054
           1.09728
           6.68387
           7.14515
           5.06558
           0.06812
          -3.49695
          -3.05392
          -0.44900
           1.04402
           0.91493
          -8.71429
          -0.04635
          -6.57424
           1.19417
          -2.14238
           2.50126
          -3.20267
           1.82647
           4.61455
           2.87642
          -3.21231
          -1.43509
          -2.00358
           5.01198
           5.27680
          -1.15245
           0.02896
          -3.95721
          -1.96041
          -3.80807
           1.78796
          -2.25663
          -5.38481
           2.75593
          -2.94805
           2.89740
          -3.91181
          -3.75358
           5.07315
           5.52506
          -0.98992
          -6.43974
           1.34057
          -1.64102
           0.49175
           4.81525
          -3.45941
           2.22961
          -0.73066
           0.39174
           1.21860
          -2.72859
          -2.12087
          -2.37344
          -0.63223
          -2.11935
           2.47834
           2.33255
           0.31372
           3.13151
          -2.16283
          -3.85628
           1.77156
           1.18080
          -2.90419
          -3.55448
          -0.68118
          -1.84708
          -3.98741
           3.30093
           0.42600
           0.95015
          -2.21574
          -3.08191
           4.12496
          -1.71746
           2.54239
          -2.81378
          -1.92232
          -0.92853
           0.56065
           0.01868
           1.40468
           0.20223
           0.37493
          -3.36584
          -1.68607
           0.21984
          -2.06285
          -1.71634
           6.60075
           4.04168
          -0.88616
          -5.99883
           1.73810
           2.51287
           1.20221
           1.75692
           6.40517
           0.79590
          -0.62279
          -0.29303
          -2.49061
           6.23058
           1.25590
          -5.06078
          -6.76544
           1.73848
           1.85612
           0.74658
           0.68665
          -3.81998
           2.38343
           4.42583
          -0.54843
           1.34312
          -0.37861
           3.10173
          -1.08960
           1.67696
          -3.67063
          -6.22483
           0.49776
           3.05449
          -6.83467
           0.62016
          -1.89867
           0.24281
           9.05782
          -3.24343
          -0.60581
          -1.00121
          -3.23830
          -0.34121
          -3.37492
          -2.69188
           3.67040
           6.48500
          -0.16002
          -2.57980
          -7.39466
           0.39125
          -5.50102
          -6.72179
           5.83784
           3.56640
           5.44789
          -1.69335
           1.20923
           1.40158
           1.19938
           3.33177
           0.51379
          -2.63879
          -0.42649
          -2.19444
          -0.76000
          -1.66427
           2.04320
          -2.94403
           1.99372
          -7.58656
          -0.60207
          -0.83134
          -5.29444
          -0.35368
          -0.65002
          -5.21299
           3.41032
          -1.45367
          -0.43103
           0.02563
           6.81275
           2.66442
           6.76433
           6.84388
           0.87012
          -0.86460
          -2.26457
          -0.88276
           1.11385
           3.02761
          -3.19988
           1.06857
           3.94032
          -3.53553
           0.31752
           0.78449
          -6.13144
           5.73942
          -9.04243
          -0.14190
          -1.76181
           0.42680
          -1.97636
          -4.52414
          -9.17558
          -5.45737
          -1.60390
           1.44793
          -0.90296
           2.85837
           2.76015
           2.63504
           3.00279
          -3.97480
          -0.16333
          -1.33784
           0.14318
          -0.43641
           4.80515
           4.82392
          -4.52421
           0.54036
           6.31442
           5.32572
           5.28539
           4.90376
           4.32319
          -4.12193
          -1.54739
           0.01080
           7.02814
          -6.23358
          -1.10501
           1.49662
          -2.47799
          -3.46197
          -0.35942
          -5.57275
           0.10312
           1.75309
          -1.97479
           6.50465
          -1.55580
          -5.12390
          -3.03261
           1.14120
          -3.27801
           2.20431
          -4.67009
           0.23347
           2.74898
          -1.57252
          -2.17807
           0.26855
          -4.02591
           2.93657
           1.56008
          -2.36270
          -1.96701
           1.26534
           0.20500
           1.15414
           3.16054
          -3.63134
          -0.07019
          -4.65352
           3.10289
          -4.72793
           6.39280
           2.83805
          -3.54628
           0.84700
           1.11439
           0.34789
           1.80988
          -1.34657
           5.26400
          -3.97763
          -0.40775
          -0.99080
           4.83751
           1.79202
          -2.79352
           0.39139
          -0.37808
           0.60277
          -0.13269
          -3.89257
           3.62612
           2.51301
           0.67791
           1.48653
          -0.46011
          -4.41809
          -4.44631
           4.38997
           3.14976
          -6.32584
           3.54952
           2.30361
           0.97131
           0.78272
           0.15908
          -2.28956
          -0.66216
           0.07890
           5.32396
          -5.23285
           2.62392
           1.27843
           2.16169
           6.54065
          -3.05917
           2.41546
          -3.79665
          -3.60018
          -3.56885
           1.85754
          -4.88538
          -1.37873
           1.99651
           1.52805
           0.77221
           1.96340
           1.93557
           2.12277
           4.17699
           0.71961
          -0.69040
           2.77354
           0.73259
           2.09414
           2.32294
          -1.00187
          -3.08892
           3.91212
           4.26357
           2.78031
           4.04222
           3.91864
          -0.19863
          -2.60308
           5.23251
          -0.25974
           5.86416
          -1.32427
          -5.75834
          -3.32366
           1.55095
          -2.72892
          -3.40748
           3.04650
           4.83073
          -2.32346
           5.40088
          -0.93749
          -4.64199
           4.06366
           1.95634
          -0.06157
           0.61464
          -0.67147
           1.53317
          -1.38162
           1.72348
           0.91023
          -0.99956
          -3.21861
          -3.18217
          -0.49072
          -1.20035
           1.82514
           4.05341
           4.63620
          -0.15912
          -5.97942
           2.32809
           4.54480
           2.34428
          -3.64438
           1.18195
          -1.01797
           2.27346
          -7.83928
          -2.83275
          -7.87444
          -2.10690
          -2.78523
           2.41554
          -5.15632
          -5.56588
           0.50314
           0.91737
          -2.79507
           4.04790
          -0.52514
           2.41417
           2.55828
           4.55464
          -2.41209
          -0.34015
           1.71656
           7.41676
          -2.56829
          -0.97079
          -3.74734
           0.74223
          -6.42264
           2.01048
          -1.05147
           2.31571
           1.22459
          -3.13774
           3.43061
           1.24062
           0.53535
           1.44808
          -0.83192
           2.45755
           0.86385
           1.20193
          -1.79832
          -4.38805
          -2.21236
          -5.55333
          -1.47250
           3.01142
          -3.01308
          -1.58413
          -0.10560
          -1.21848
           7.41183
           0.70893
          -0.12200
          -2.00981
           3.96873
           4.09609
          -3.34469
          -1.36879
           3.52853
           0.54097
          -0.16537
          -3.04091
          -0.51177
          -1.94315
           3.02819
          -0.22491
           1.65125
          -0.17598
           0.46893
           3.70012
           1.15216
           1.79288
          -1.94028
          -0.81394
          -0.72501
          -1.10402
           1.66799
           2.38508
          -3.64214
           0.45763
           1.95448
          -3.46006
           2.25024
           0.28975
          -1.26760
          -0.79510
           6.48363
          -2.67963
          -0.86798
          -3.59284
           1.00260
          -0.68628
          -2.64853
           5.90882
           1.33414
           4.57923
           1.15684
           1.26074
           3.04630
           0.23469
           1.15178
          -3.76899
          -4.16200
           1.59961
           6.73981
          -2.04894
           1.82250
           5.71329
          -4.07081
           0.07507
          -2.93235
           0.80631
           6.20609
           1.15696
          -0.11129
          -1.21337
          -0.13891
          -5.96523
           1.69949
           0.08353
           1.78784
          -2.73186
          -3.77705
          -2.49214
           0.38274
           1.37838
          -2.38422
          -0.11067
           1.94824
           0.12686
           3.21165
          -4.24710
           2.97221
           2.86901
           1.12926
           4.95877
           4.83324
          -1.14192
          -3.32042
          -1.58490
           2.83198
           3.03061
          -1.64474
           3.19801
          -1.51967
           0.02683
           6.82227
          -2.35703
           2.65192
          -1.79643
           4.08335
           0.88728
           4.18109
           7.23876
          -4.59891
          -3.71619
          -0.40638
           0.11229
           7.69819
           5.63069
          -1.33126
          -3.11223
          -0.78884
          -4.04404
          -4.81097
           3.47601
           3.98476
          -3.38254
          -5.18535
          -2.47045
          -2.27665
           2.68216
           1.55353
          -1.76042
          -0.19467
          -4.99248
          -1.38111
          -0.28764
          -1.73480
          -1.59397
          -0.77646
          -5.29904
          -0.74600
           1.86143
          -1.16326
          -5.04442
          -2.22634
          -0.51883
          -0.93208
          -3.78383
           1.36054
           7.12174
           2.38333
           0.99761
          -4.08763
          -0.05958
          -2.87187
          -1.34198
          -2.52610
           0.25147
          -4.35101
          -7.02207
          -0.88001
          -1.62264
          -2.26900
           0.27163
           0.73450
           3.60452
           6.64984
           5.01335
          -5.61281
          -6.01823
          -2.30267
           3.32814
          -1.67512
          -0.63602
          -0.42744
           2.01040
          -2.64072
          -2.53074
          -0.80006
          -1.10888
           1.57796
          -1.55047
          -0.91395
          -3.93867
          -3.40731
           4.16557
           3.17921
          -6.35030
           4.20108
           7.23845
           0.77527
          -3.92412
          -0.99629
           2.86806
           2.85049
          -2.62096
          -0.41402
           0.38088
           1.44021
          -2.19091
          -1.06479
           1.14231
           1.04435
          -2.80800
          -5.07759
           5.15629
           1.05875
           2.75443
           0.48927
          -1.09225
          -0.69168
          -3.13533
           0.85872
           2.39566
           4.11071
           0.73531
           1.78066
          -3.45304
          -0.09842
          -0.62699
           0.05387
          -1.65969
           0.99073
          -0.10470
          -0.41949
           0.76676
          -0.63395
          -0.77890
          -0.62576
          -0.60969
          -0.45816
           0.81218
          -0.39265
           1.67819
           0.43498
           0.45693
           1.08584
          -1.94418
           0.05262
           1.07736
          -0.42699
               NaN
          -1.04565
          -1.83516
           0.64833
          -0.29379
           1.10410
           1.66888
           2.32932
           1.08128
          -2.15069
           1.39678
          -1.99752
           0.19762
           0.32309
           0.14126
          -0.38560
           0.91368
          -2.71485
          -2.10075
          -0.96362
          -1.28023
          -0.78741
           0.80603
          -0.00146
          -0.84921
          -0.76395
          -2.92507
          -0.47395
          -0.65718
          -0.36682
          -0.12292
           0.58565
          -1.72534
          -0.99582
           0.55556
          -2.03997
           0.28785
          -0.15996
           0.84839
           0.66771
          -0.08840
           0.26884
           0.52877
           1.29540
           0.94785
          -0.08362
           0.05281
          -0.34020
          -2.55328
          -1.52998
          -0.43312
          -0.67317
          -1.31510
          -0.90132
          -0.01834
           0.55714
           1.72470
          -0.91343
          -0.19657
          -2.38146
          -1.31802
          -1.46402
           1.79504
           1.68360
           0.56754
           0.24166
          -0.17347
           0.60874
           0.00287
          -0.68677
           0.42272
           0.43033
           1.25400
           0.92511
          -0.01239
           2.18719
           1.27179
           2.35850
           2.75569
          -0.89858
           0.49272
           1.54872
           0.35545
           0.34258
           1.79296
          -0.26304
           1.56000
          -0.07197
           0.62543
           0.47893
          -2.27331
          -0.04836
           0.31824
               NaN
          -1.27193
           1.84779
          -0.41465
           0.19989
           1.95951
               NaN
           1.18836
          -1.27788
          -0.15622
          -0.58511
          -1.12663
          -1.54770
           2.07944
           1.01385
          -0.37927
          -0.17121
           0.95121
          -0.60564
          -1.20912
           1.68684
           0.35257
          -1.38764
          -0.03956
           1.51111
          -0.27309
           1.11158
           0.37555
           1.67826
          -0.40382
           1.59582
           0.65136
           2.06371
          -1.11693
          -2.51729
          -1.03345
           0.54865
          -1.25696
          -0.53101
           0.27350
          -1.78823
           0.46897
          -0.22629
           0.47431
          -0.71904
          -0.86099
          -0.01490
           0.99997
          -0.36153
           1.30749
          -0.54616
           0.13554
           0.25486
           1.48270
           1.09279
           0.16053
           1.80341
          -1.32829
          -0.43981
          -0.53726
          -2.40277
           0.18289
          -1.56487
          -0.87974
          -0.69260
          -1.74264
          -0.28620
          -2.34306
           0.62918
           1.24785
           1.22356
           0.75352
           0.44237
          -1.07208
           1.01892
           0.62045
           1.04076
          -0.01498
          -2.91814
           0.46904
           0.65707
           0.79464
          -0.22305
          -0.89052
          -0.45430
          -0.34347
          -1.48034
          -0.60148
          -1.32353
          -0.68031
          -0.75567
          -1.36931
           0.08641
           1.33032
           1.48575
          -1.08384
          -1.19345
          -1.21083
           0.43338
           0.24827
          -0.38096
          -0.54829
          -2.06091
          -0.73040
           0.31885
           0.02900
               NaN
           0.13939
           1.41815
          -1.42748
          -1.95712
          -0.20172
           1.68674
          -0.81841
           0.36634
          -0.08593
          -0.62530
          -0.34997
          -1.71477
               NaN
          -0.21042
           1.19961
          -1.52476
           0.26614
          -2.07423
          -0.09452
          -0.07590
          -0.93071
          -0.37841
          -1.12649
          -1.28109
          -0.65560
          -0.34614
          -0.38668
          -0.49636
           0.28177
          -2.27409
          -0.31292
          -0.56407
          -0.52029
           0.36048
          -0.04159
           2.07896
          -0.88844
          -1.53386
          -0.26652
           1.00149
          -0.47234
           1.55923
           2.29642
          -1.48437
          -0.06812
           0.66187
          -0.68497
           1.83840
          -1.01733
          -0.68280
           0.33913
          -0.51837
          -0.94249
          -0.73388
          -0.37349
          -1.52889
           0.65839
          -0.02064
           0.20037
          -0.09387
          -0.90751
           1.41241
           1.09022
          -0.16992
          -0.11949
          -0.15004
          -1.79224
           2.65902
          -0.43344
           1.56278
          -2.40648
           0.36092
          -2.37695
          -1.57591
           0.28340
          -0.46171
          -1.57582
          -1.06137
          -1.70668
           1.88698
          -1.96623
          -0.15171
          -0.19321
           0.66212
           0.49027
           0.65292
          -0.34201
          -0.06723
          -2.92474
          -0.40733
           0.57536
          -1.67967
          -1.43690
          -1.90295
          -2.32549
           0.05528
           1.35774
           0.11416
           1.62433
          -1.63668
           1.52674
          -0.93628
          -1.31429
          -2.25353
          -0.52311
          -0.16299
          -0.12622
          -0.27174
          -0.96948
          -0.56860
           2.30198
           0.82259
           0.30641
          -1.06914
           0.28633
           1.54183
          -1.46579
          -0.88239
          -0.97675
           1.28922
          -0.26300
          -1.21774
          -0.80193
           1.41273
           0.63151
          -0.67334
          -1.86763
          -0.01844
          -1.40875
           2.11288
          -0.45587
           1.12250
          -0.32263
          -1.39777
          -0.71918
          -1.68892
          -0.36001
           0.91260
          -0.85406
           1.17570
          -1.29507
          -0.39114
          -1.67913
          -0.15955
          -1.26986
          -0.12433
           0.84989
          -1.49032
          -2.12077
           0.69163
          -0.08258
          -1.71986
          -1.33680
          -0.25664
           0.21407
          -2.60354
           0.45895
           1.09334
           0.61903
           0.27030
           1.03918
           0.47865
          -0.60643
           0.64038
           1.26402
           0.85478
           0.99489
           0.89074
          -0.24032
           1.05719
           2.23559
          -0.18130
          -2.52496
          -0.49200
          -0.59567
           0.51061
          -0.22817
          -0.76945
           1.71202
           0.02372
          -0.63156
          -0.41386
          -2.00993
           1.31697
          -0.67078
           0.03561
           0.32054
          -2.00678
           1.38330
          -0.19846
          -0.61414
          -1.98700
           0.63352
           1.66607
          -1.97359
           0.52375
          -1.05787
          -0.15366
          -1.46280
          -1.42958
          -0.63100
           0.29781
           0.86944
          -0.30893
           0.33168
          -1.33796
           1.74917
          -0.34323
           0.55354
          -0.82758
          -0.06909
          -1.26514
          -0.09350
          -0.10623
           0.08581
          -0.22244
           0.47321
          -1.03620
          -1.00230
          -1.07937
          -0.97985
          -0.26546
          -0.23875
          -0.47678
          -0.51105
          -0.24656
           1.44886
           0.51423
          -1.12477
           1.97385
          -0.29603
           0.26508
          -0.50964
          -1.44159
          -2.65423
           0.13279
          -1.03287
           0.68322
          -0.11573
           0.00618
           0.68416
          -0.90766
          -0.85455
          -0.92013
          -0.25434
          -0.42044
          -1.26387
          -0.23647
          -0.44786
          -0.65636
          -0.27616
          -1.65776
           0.34026
           0.18601
          -0.99934
           1.61960
           0.09252
          -0.73041
           0.67814
           0.07449
           1.88646
           2.58960
          -0.46983
               NaN
          -0.29329
          -0.41067
          -1.08213
          -2.41877
          -0.46007
          -0.00221
          -0.21803
          -1.25260
           0.66550
           1.25726
          -0.17432
           0.46088
           0.67365
          -1.85418
          -2.17929
          -0.52520
          -1.28767
          -0.12906
          -0.94182
          -0.73479
          -1.08566
          -0.50530
           0.38482
           0.92027
           0.55762
          -0.13076
          -0.66878
           0.82965
           0.04655
           0.27454
          -0.90206
           1.23642
           2.03882
          -0.89146
           0.21485
          -0.73858
           2.59518
          -0.39391
           1.15424
           1.02077
           0.66066
          -0.58983
           0.23993
          -0.03750
          -0.87955
          -0.07931
          -0.44588
           0.27888
           1.13514
          -1.74307
           0.46391
          -2.48616
           1.44543
          -0.78705
          -0.12370
          -1.35827
           0.30745
          -0.56128
          -1.06537
          -0.36253
          -2.90035
          -1.51616
           0.16055
               NaN
          -1.55872
          -0.12466
          -1.63692
          -0.88110
           1.48672
          -0.73785
           0.24910
           0.43869
           0.51863
          -0.69516
           0.07119
           0.15839
          -1.30357
           0.01063
          -0.04795
          -0.28113
          -1.00194
           0.93271
          -0.99223
               NaN
          -0.62316
          -0.30452
           0.98561
           1.06458
           0.21234
          -0.04860
          -2.39945
          -0.71082
           0.19310
           2.06207
          -0.18822
           0.42987
          -0.49171
          -0.25708
          -0.88291
           0.14163
          -0.14661
          -0.39213
           0.50233
           0.15472
          -1.87038
           0.67198
           0.16996
           0.80188
           0.52138
           0.13354
           0.38135
          -0.50079
          -1.45120
           1.50920
          -1.40778
           1.29863
           0.46730
          -0.22639
          -2.71998
               NaN
          -2.78999
          -0.16343
          -0.02090
           1.95365
          -0.72912
           0.14201
           1.20430
          -0.09335
          -1.04644
           0.09746
          -1.08415
           0.39010
          -0.81147
          -0.13001
           1.59625
          -0.00659
          -0.85817
          -0.01168
           1.22561
          -0.13302
          -1.21713
          -0.88336
          -1.38016
           1.55042
           1.21003
           0.97635
          -0.39191
           0.43716
           1.69048
          -1.39700
           0.05535
          -1.39246
           0.86310
          -0.26724
           1.63388
          -0.24060
           1.11456
           2.42819
          -1.90944
          -0.84725
           0.58810
          -0.37710
           0.71731
          -0.46005
           1.42383
           1.44220
           0.41654
          -1.67595
          -0.86836
          -0.94775
          -0.55615
          -1.77026
           1.39977
           0.70043
          -0.47629
          -0.85549
          -0.10714
           1.03646
          -0.96218
          -1.25148
          -2.12084
           1.00345
          -0.59174
          -1.04498
          -0.47950
           1.42637
          -0.15559
           0.46383
          -0.75012
          -0.79408
          -0.89481
          -1.48844
          -0.24438
          -1.20326
          -1.03060
          -0.25664
          -0.79419
          -0.18579
          -0.71976
           0.60410
           0.09048
          -1.23402
          -0.69481
           2.02705
           1.02589
          -0.92594
          -0.91295
          -0.31188
          -0.03311
           0.77416
           0.62052
           2.06319
           0.24122
          -0.13112
           0.08685
          -0.00685
           0.34040
           0.04913
          -0.07847
          -0.32475
           0.24271
           0.65080
           0.99033
           0.97883
          -1.76890
           0.90515
           2.25751
          -1.44887
          -0.83193
           2.19417
          -2.31745
          -0.15345
           1.88828
          -0.49667
          -1.08944
           0.37840
          -1.38546
          -1.29320
          -1.26251
           0.57787
           0.15036
           0.57482
           1.18497
           1.03452
          -1.61838
           1.13134
           0.93706
           0.15725
          -0.57162
           0.72586
          -1.55705
           1.92040
           1.56059
          -1.25151
           1.40497
          -1.10491
           1.70453
               NaN
          -1.36075
          -1.53520
          -0.39733
          -0.45188
          -2.05427
           0.02791
           0.98689
          -0.28515
          -0.83955
          -0.06403
          -1.90120
          -1.64029
           0.07981
           1.87380
          -0.10674
           1.60406
          -0.56424
           0.52727
           1.69732
          -0.73012
          -0.04157
          -1.06512
           0.72916
          -1.21761
           0.57885
           1.63539
           0.46066
           0.97285
          -1.72195
          -1.30731
           1.32052
           1.81861
          -0.19641
          -0.38597
          -0.75775
           0.27893
          -0.44893
          -0.50170
          -0.60664
           1.32788
          -0.83770
           0.19444
           0.07358
          -2.88472
          -0.51621
          -1.70304
          -0.86684
          -0.51191
           0.00755
           0.81498
           0.92476
          -2.02896
           0.43751
           0.81056
          -1.46056
          -0.36034
          -0.97293
          -0.40281
          -0.46546
          -0.73736
          -0.73316
          -1.02876
          -0.84451
          -0.09009
           0.87154
           2.22808
           1.83744
           1.35799
          -0.52919
           2.15918
           1.28614
          -1.69841
          -1.29316
           1.06679
          -2.41580
          -0.65768
           0.71572
          -0.03682
          -1.47065
          -0.10416
           0.72876
           0.95217
          -0.05845
           0.14961
           0.16648
           0.53314
          -2.01205
          -0.67126
          -1.66399
          -0.54536
           1.29931
           0.86270
          -1.42084
           1.46830
          -0.67779
          -0.95280
           1.25957
           0.81953
           0.70615
          -1.70518
          -1.02045
          -1.53074
          -0.44222
          -0.28875
          -0.38141
          -1.08820
           0.13003
           0.06841
           0.57231
           0.77125
          -0.47422
          -0.27790
          -1.74177
           1.08833
           0.21819
          -0.54980
          -1.27464
          -0.09361
           0.65279
          -0.26506
          -2.59697
           1.31881
          -0.97182
           2.01681
           0.34150
           1.01006
          -0.63940
          -0.15303
           0.49745
          -0.30619
               NaN
           0.29214
           0.57983
           0.57972
          -1.01098
          -1.86651
           0.59505
          -0.10759
           0.67477
           1.92438
          -1.50160
           1.19194
           0.66740
          -0.04744
          -0.27322
           2.23120
          -1.95688
          -1.06318
           0.13094
           2.35969
          -0.85440
          -1.98219
           1.11723
           1.39477
          -1.30498
          -2.27419
           0.94068
           0.89886
           1.02156
          -0.21585
          -0.47400
           0.38133
           0.72549
           0.51810
           1.18647
          -1.32836
          -0.77242
          -0.50496
           0.29627
          -0.73161
          -0.60224
          -1.53309
           1.85376
           0.60807
           1.50459
           2.45418
           1.56930
           0.44326
           0.77736
           1.70905
          -1.38186
           1.65440
           0.44421
          -0.03261
           2.11348
           0.58332
          -0.70902
          -0.18904
          -0.75227
          -0.14390
           1.59906
          -0.52799
           0.12185
          -1.81936
           0.42352
           0.66387
           1.15747
           0.93710
           0.90512
           0.79481
           1.27383
          -1.76861
           0.12457
          -0.38774
          -0.37421
          -0.43787
           1.51571
          -0.35828
           0.42554
          -1.01552
          -0.39761
           0.46181
          -0.55827
          -0.77155
           0.96985
          -2.08600
           1.50375
          -1.13550
           0.55782
           0.63077
          -2.26403
          -0.38528
           0.97774
          -0.62819
          -0.32375
          -0.04846
           0.00182
           0.29562
          -0.43709
           2.25498
           0.50918
           0.66356
          -2.16246
          -1.42638
           0.38114
           1.69686
           0.82811
          -0.06996
           0.04646
          -2.32940
          -0.78562
          -1.69502
           0.29459
          -0.46487
           0.86203
           1.44965
           0.79739
           0.13158
           0.50227
           0.06481
          -0.54784
          -0.51625
          -0.33709
           0.33628
           0.97905
