          12.04589
          10.74707
           6.39105
          -1.25547
          -3.79672
           3.99325
          -1.13513
          10.37932
           8.35191
           3.57063
           5.82133
           7.47523
           9.46042
           5.66712
           4.96636
           5.98184
           8.33808
           5.75614
           5.25684
          -1.82257
          16.38898
           5.95663
          -9.78572
          11.33302
          19.24332
           1.34345
          11.33846
          14.25373
           9.31736
           1.35689
          -4.99510
           9.88099
           8.88301
           7.53485
           7.11353
           2.13828
          -1.79453
          12.13189
          12.04693
          -0.25701
          14.39670
           4.22577
           4.31163
           8.33155
           2.02891
          11.91713
           1.87454
         -11.24410
          21.97006
          -0.41680
          20.76642
           8.95523
          11.85157
           2.06864
          24.49287
           1.89780
          24.83985
          13.39834
           6.20950
           6.78024
           5.53521
         -10.37009
           2.06271
          -1.89383
          11.86845
           1.99818
          27.60653
          14.58270
           7.69154
          10.78252
           0.25731
          20.47289
           9.47700
          17.23596
          -0.80780
           4.63171
          -2.00820
           8.02123
          10.51066
           7.51946
          -3.53419
          -1.64177
           4.95301
          -4.38720
          21.20932
           4.83989
          17.33157
          20.88980
          13.74499
           9.44992
           9.61066
          -0.68871
           7.71591
           9.26029
           1.88940
          13.84272
          -1.04742
           0.24681
          17.38314
          -3.80138
          17.02913
          12.77609
          -0.75962
           5.54210
          12.69171
          13.90624
           2.99469
           2.37802
           5.08326
           5.90426
          17.10058
           7.36040
          22.10935
           6.88098
           4.95831
          -1.80278
          16.67515
          12.93909
          12.82759
          12.98200
           7.14715
           6.88627
          17.78584
          -0.64458
          -2.33065
           7.12009
          20.22309
          13.78049
          -5.05842
           9.21391
          13.37647
          20.14471
           2.59020
           0.90912
           6.79114
          10.18284
          13.51856
           5.89382
          21.44405
          10.35338
          14.73338
          -4.35812
          11.35704
           3.59988
           8.70429
          12.67072
           6.09153
           9.26803
          -6.01328
           4.50006
          22.35651
           9.54400
           0.24937
           8.92681
          11.52274
          12.02547
          17.99213
           0.68050
           2.43180
           6.95933
          11.17637
          -2.80314
          11.58534
          10.45272
         -12.93582
          -2.70277
           1.89914
          10.30464
          -3.94200
          12.79364
          10.70884
           6.10170
           7.85226
         -10.09704
           3.43833
          -7.46083
           4.34741
           8.42740
           4.37526
          12.46846
          14.16304
          10.78018
          -0.87995
          13.44665
           4.68185
           8.21559
          12.25946
          13.08944
          16.42114
           8.50266
           6.66246
           7.46828
          22.08318
           6.92941
           9.92008
          -0.33169
           8.50697
          21.96223
           0.88444
           1.78814
          17.91899
          20.26970
          11.06616
          -7.99321
          15.49917
           4.89264
           6.32750
          14.00178
          13.09767
           7.03970
           8.54135
         -13.48122
          12.32376
           7.89094
          28.19943
          -8.97220
           6.09558
          -1.26182
          19.10140
          12.93844
          -6.19709
           6.40926
           5.18616
          16.16851
          19.33114
           7.78894
          11.84524
           3.90666
          13.61624
           8.35031
          15.81440
          22.02177
           0.14410
           7.59248
          -5.29822
           0.83418
          -3.76206
           7.08377
           5.06376
          16.55338
          11.61773
           7.48615
          -8.64836
          -5.15702
          -1.33169
          12.67221
          -1.78534
           4.69122
           8.89602
          -4.85991
          13.19521
          14.16837
          11.65165
           8.87865
           4.62610
           6.78779
         -11.26284
          21.69317
          12.39375
          12.83207
          -3.16066
          10.86179
           8.79945
           7.16900
           9.54316
           6.68825
          12.37702
          14.28593
           6.01387
          13.76782
          17.12806
          19.62761
          26.06467
          -9.35783
           9.41857
          21.01549
           5.58725
           1.67138
          13.09662
          10.03890
          17.26564
          -0.88269
          -0.82791
          16.47137
           8.18851
          22.66959
           2.75567
          11.14478
           5.31214
          10.03266
          10.92700
          -6.47049
          -2.78371
           6.99175
           7.79182
           7.95455
          11.14680
           8.74807
          12.26241
           8.46947
          11.15840
          15.36832
          -4.05767
          23.79903
           0.97200
           9.72527
          13.41165
           3.30664
          15.75486
           4.57000
           1.78658
           5.90223
          14.60413
           0.28237
           0.51583
           8.89485
           6.17447
           3.65393
         -12.55921
          17.92813
          17.54667
          13.54581
           5.11296
          20.06620
          10.55952
           4.73567
          17.64477
          -9.32379
          13.84183
         -11.94037
           3.07339
          -8.26166
          -5.54521
          18.08343
           0.97630
           6.95727
         -11.51924
          -4.39247
          15.87566
           2.40529
           4.63812
          16.27618
           8.24051
           6.98318
          -1.09855
           7.71460
           2.98909
           4.94855
           0.45729
           7.63307
          14.04820
          11.75576
           5.27931
          20.46580
          12.65236
          12.49217
           0.49902
          -4.93144
          19.77942
           8.34354
           4.08326
           9.79287
          15.05025
           8.91829
           6.57400
          22.33760
           5.49009
          11.61709
          20.58117
           1.51357
           0.62847
          -3.70580
           1.16103
           3.98735
          12.95141
          -3.69248
          14.61263
           5.18846
          13.20883
           4.79959
           4.04466
          12.37506
           7.38436
           2.08949
          11.88472
           3.09418
          18.58244
         -11.59638
          16.06157
           4.99058
          -0.10842
           2.16862
           5.11168
          -8.02640
          10.57983
           6.95272
          25.49901
           9.33193
          -1.22800
          11.50652
           0.69731
          16.35921
           7.36184
           7.36218
          -9.25017
          13.26375
           6.40327
           8.51346
          27.61678
          14.37380
          -7.00659
          21.08094
          -1.13624
           2.73998
          11.72472
          -8.55304
          -0.31949
           6.85646
           0.05856
          24.52736
          12.13073
          12.77513
          14.46333
          16.90086
          27.02175
           3.23667
          -1.86508
          17.64206
          16.00741
           0.35084
           1.52146
          16.91838
           5.99985
          12.83825
          14.68393
          23.15815
          11.06004
          13.63519
           9.67759
          11.86735
           4.42331
          16.72756
          21.94821
          -2.23138
          12.80790
          29.70074
         -12.29788
          -9.55376
          -0.23599
          23.50136
           1.37073
           4.87983
         -12.54615
           2.10183
          -5.74819
          27.53009
          15.93857
           2.99306
          12.27963
          14.15916
          10.04192
          12.02903
          13.97469
          22.65675
          11.92979
           6.98728
           3.46922
          16.17633
           6.77908
          10.54946
           8.12399
           6.60340
          14.93354
           5.51521
          12.32291
           3.73708
          29.72402
           6.13427
          -4.37559
           6.33273
           0.08002
          -6.60588
           4.40507
           8.54494
          11.96688
          -5.07039
           0.51270
          -0.81707
           9.35658
          21.52031
           6.07416
           4.26478
          22.43838
          -3.66063
          11.95807
          10.60197
          13.12067
           5.91913
          10.45759
           9.87090
           8.12442
           4.29499
          11.14753
          12.21486
          -7.90032
          -2.70798
           1.21634
          -3.63763
           2.21723
          10.46598
          15.26401
         -14.11188
           8.24797
           1.10773
          14.94990
          -7.40316
          13.57400
          -1.75758
          10.40752
          -0.31678
          15.28419
           6.90082
          -6.41094
          13.53294
          -1.54263
          19.64510
           1.20139
           0.76943
           8.80013
          -5.02934
          16.75536
           7.13604
           4.99903
           5.06957
          18.61031
           3.47767
           5.31961
         -10.59776
          15.76157
           1.16961
           3.52344
          15.39170
          17.08436
          -4.01246
          11.20789
           0.29913
           3.55861
           5.75379
          16.90705
           8.23826
          -7.67755
           7.17021
           6.10166
          -7.44283
           4.05456
           8.74892
           1.36971
           0.74934
           1.67527
         -11.20970
          -5.58359
          17.25680
           7.92565
          17.17015
          14.00001
          -5.05797
           2.87720
          24.68562
          16.84950
           9.74754
          14.39825
           9.43854
          18.77247
          12.42207
          -0.10114
           8.87499
           4.51069
           7.89286
          16.71835
          11.74645
           4.34510
          -0.94623
           6.18955
          -4.75480
           8.50021
         -10.77971
           0.80557
           5.76733
          20.84750
          12.73348
           6.58763
          13.13669
           9.51095
          -6.57927
           1.08049
          13.50309
           1.92660
          18.32427
           9.10772
           7.80270
          -4.99049
          13.83063
         -13.20817
          11.04223
          -7.74622
           5.91031
          -6.42725
               NaN
          -1.44002
           4.21473
          18.46799
          23.27817
          14.51257
           9.97110
          -0.67345
           0.41114
           1.72977
           3.32923
           2.76002
          15.50451
          14.37223
           4.35726
               NaN
          10.02068
          12.99088
          13.82459
           0.71852
           1.04306
           5.03931
          -1.07383
          -4.57331
           3.54930
          16.23983
          21.02932
           5.27959
           6.13161
          -1.00578
          15.46525
          -1.24857
          13.98432
           4.93680
           6.35964
           5.04052
          11.55265
           7.00133
          -4.46583
          12.18566
           9.23973
          11.55031
           1.01742
           8.95172
           1.40533
           0.64316
          17.73760
          12.49165
          -0.10882
           8.09399
          13.15333
          13.17018
          13.20297
          11.95645
          21.22798
           7.27918
          -3.35698
           2.37777
          -4.00307
          19.28583
          11.10345
          18.16475
          15.60761
          -2.60548
           7.51249
           5.09040
          17.43504
           1.83222
           9.59817
          -5.00196
           3.23001
          15.18266
           4.84456
          -2.77972
           0.96250
           6.69278
           4.04384
          -0.83492
          13.81364
           3.11241
          11.38554
          14.29896
          16.67912
          21.86506
           6.57266
          15.22102
          13.45632
           1.58952
           3.87058
          13.24615
           3.28081
          14.63488
          -1.50355
          -1.29261
          10.85847
           6.43885
          -8.37968
           3.08282
           9.20961
           0.91449
          -2.44103
          15.82533
           6.97076
           7.27006
           9.91451
          -0.77707
          -8.75430
               NaN
          27.38541
          13.37330
          -3.52851
           3.55707
          -3.60286
           8.36205
          18.61910
          15.04572
          16.15221
           2.06356
           9.80649
           8.68908
           9.76811
          14.06161
           6.41592
          10.26273
               NaN
           9.95848
           1.24156
          14.08852
           5.55988
          16.56584
          24.76373
           3.29476
           3.11500
          -5.60085
           9.83227
           6.70348
           8.19285
         -11.69510
           6.60383
          -9.44450
          25.86877
          16.18230
          -6.93406
          -1.70275
          10.15209
           0.52251
          -0.89264
          20.54324
          -2.59287
          -4.77713
          -3.40130
           3.33815
          16.47637
           3.48064
           5.45814
           7.93352
          11.53015
           6.75431
          19.10258
           4.08391
          19.39087
           9.52870
          13.23923
          15.76306
           4.23233
          15.18056
           1.51343
          21.10002
           4.40491
          -1.08848
          16.69620
          10.32596
           9.59402
           8.79987
           8.87292
          -3.11406
          22.84503
           3.05803
           2.95163
           4.22558
          -8.32223
           7.57915
          14.08845
          17.84825
           3.64345
           2.08363
           8.87753
          12.71048
           5.97394
          13.87801
          15.41821
           3.21175
          16.89819
          10.75422
          -5.90775
          11.07385
          23.97208
          11.80842
           1.98920
           4.30427
          -7.03281
           9.55402
           4.89368
           8.70053
          11.03628
           3.83566
           1.63705
          11.09168
          -6.99152
          -6.36967
          12.38614
           7.23264
           6.61233
           0.04429
           9.83608
           0.52296
          10.75210
          11.67483
           7.84923
           6.39186
          -1.99227
          16.70934
           8.29255
           7.96917
          -4.38060
           1.02349
           5.79468
         -10.15465
          20.15848
          21.35288
          -2.11550
          21.68297
          15.31883
          11.05742
          15.93883
           1.38873
           6.30877
           1.84154
          17.61520
          22.13325
           5.39630
           8.88787
           0.73713
          10.86481
          13.35286
           2.72182
           7.83946
           8.72482
          17.06369
           2.85552
          10.29824
           8.82536
          19.42031
          16.55244
               NaN
           8.30519
          17.69573
          26.70232
          -4.93967
           9.38018
          14.62256
          14.11003
          22.36266
          11.76555
          13.07620
           3.72391
          16.40174
          -8.48484
          16.15641
           3.83902
           9.49215
          -7.75482
          -0.27710
          -1.48382
          20.97983
           2.18618
          13.93804
           4.00049
          19.38416
           6.05438
           7.20230
          -3.02169
           6.29727
           8.46431
          22.32035
          18.42469
          -2.49575
          -3.81710
          16.13485
           1.48326
          13.27447
          21.40420
          14.49790
           6.30154
           7.55561
           8.66862
          20.24063
           4.05516
          18.33161
           0.64214
          -2.24175
           7.02594
          13.93309
          15.28289
          -7.28958
          15.60928
          -6.51981
          17.38862
           1.49599
          -0.52325
          18.18444
           0.48227
          11.62524
          12.63896
          -5.32360
          11.78074
           9.08301
          -0.10957
          14.06424
           6.70117
          15.32647
           8.02393
          20.35649
           7.42118
           8.42878
           7.94102
           9.39430
          15.20795
          -8.31849
          24.61863
          -2.89707
          -0.88910
          15.81308
          17.52387
          12.72538
           8.06026
          13.58526
          -0.03824
           8.00609
           4.61147
           7.21124
           9.75643
          18.65379
          20.59984
          -1.95156
          -0.22587
          -4.22794
          -1.65438
           6.80643
           8.70816
          -0.70426
           8.48735
           2.69727
           6.30456
           1.01943
           8.73918
           3.80700
          12.60525
          12.74641
          -2.50607
          10.51653
          22.40336
           9.50038
           8.50272
          13.96415
          12.15376
           0.64880
           9.54861
           1.17461
          16.95459
           4.61727
          11.06453
          -0.92036
          -0.84319
          -2.30435
          10.54480
          22.35662
          11.99080
           3.58118
         -15.25760
          12.60740
          24.75628
          14.06369
          -2.04314
          11.89956
           3.29918
           9.61584
          11.75510
          11.70269
          12.72239
           6.50940
          -3.76735
          14.79982
         -16.85577
         -15.93989
         -14.71235
         -15.10308
         -14.90833
         -17.08427
         -15.16134
         -16.43786
         -15.06164
         -15.19479
         -15.47494
         -14.74184
         -15.44483
         -15.83416
         -16.45030
         -14.88672
         -15.34231
         -15.53365
         -16.40991
         -16.86301
         -16.93493
         -15.46748
         -16.87305
         -15.51063
         -16.25762
         -16.09028
         -16.70867
         -17.41055
         -16.28269
         -15.37531
         -16.50711
         -16.19694
         -15.66258
         -17.22251
         -14.49783
         -14.87049
         -18.18762
         -16.81486
         -15.08756
         -16.90092
         -16.37794
         -16.48773
         -16.10199
         -14.71963
         -15.77263
         -15.41783
         -15.78520
         -17.17762
         -15.57780
         -15.32613
         -15.23505
         -16.91140
         -15.84161
         -16.85037
         -13.44562
         -14.43312
         -17.21079
         -15.87893
         -17.18534
         -15.62910
         -15.56747
         -15.84821
         -15.49342
         -14.78094
         -13.42275
         -15.52576
         -17.25733
         -15.00280
         -16.41384
         -16.33182
         -15.34631
         -16.11807
         -14.39658
         -17.03001
         -17.24699
         -17.52019
         -16.84333
         -14.80698
         -16.29139
         -14.40361
         -16.33632
         -16.36061
         -16.41153
         -17.10952
         -15.53954
         -15.01140
         -16.39750
         -13.37428
         -16.05568
         -15.88665
         -17.56638
               NaN
         -14.65291
         -15.96020
         -16.41321
         -17.94423
         -18.25260
         -15.86021
         -16.13035
         -15.76210
         -16.10029
         -15.81172
         -15.58014
         -15.90820
         -17.69180
         -15.74885
         -14.15781
         -15.73902
         -16.88863
         -16.39730
         -16.46230
         -16.86303
         -16.74541
         -16.68262
         -13.84921
         -16.53896
         -16.97129
         -14.66727
         -13.57078
         -15.73985
         -14.23644
         -16.58538
         -15.53476
         -16.42321
         -16.10301
         -14.37992
         -16.67552
         -16.73908
         -16.36143
         -16.22222
         -17.75918
         -14.88381
         -16.25085
         -16.47744
         -15.75568
         -16.15499
         -16.64068
         -15.67646
         -15.66604
         -16.30536
         -15.26124
         -15.10900
         -16.14326
               NaN
         -15.79089
         -15.74621
         -15.59672
         -14.44167
         -16.01774
         -16.23035
         -16.23954
               NaN
         -15.59155
         -16.85987
         -16.93220
         -16.14695
         -17.71253
         -15.75225
         -14.19965
         -16.04505
         -16.26009
         -17.76070
         -15.89735
         -14.55990
         -16.68964
         -15.29486
         -15.24639
         -16.67570
         -18.37039
         -16.52591
         -16.97271
         -18.27100
         -15.85778
         -14.88507
         -14.44143
         -15.63440
         -16.88526
         -15.25450
         -17.33998
         -17.10388
         -15.00065
         -14.79268
         -16.59488
         -16.19093
         -17.83821
         -15.77479
         -15.94517
         -15.44367
         -16.22889
         -17.07732
         -17.59268
         -14.19010
         -16.14954
         -15.79410
         -16.43541
         -17.09441
         -15.59841
         -16.38537
         -16.26557
         -17.45987
         -14.62892
         -15.49122
         -17.05702
         -15.20420
         -16.47610
         -15.95091
         -15.65888
         -17.49931
         -16.32510
         -16.72195
         -15.05213
         -15.26966
         -16.63918
         -15.53109
         -14.63555
         -17.74857
         -15.95285
         -15.39584
         -14.74286
         -16.11554
         -16.62118
         -16.14529
         -16.19029
         -16.21817
         -15.94930
         -15.89303
         -15.24713
         -15.96746
         -16.84547
         -16.89086
         -18.49747
         -16.76795
         -16.86645
         -15.90590
         -14.30167
         -13.41650
         -18.79172
         -15.94630
         -14.98699
         -16.33396
         -15.72016
         -16.32404
         -16.81751
         -16.45643
         -16.12574
         -14.87508
         -16.51187
         -16.41357
         -16.30265
         -15.66371
         -16.00897
         -15.74028
         -15.19089
         -16.78613
         -14.66042
         -16.01857
         -15.11383
         -16.99510
         -15.10164
         -15.93081
         -14.27930
         -15.65942
         -14.87719
         -16.97309
         -16.32633
         -15.99724
         -17.79353
         -16.98176
         -14.79686
         -15.36481
         -14.43014
         -16.76240
         -17.66127
         -17.09253
         -16.54518
         -14.98688
         -15.22702
         -15.63279
         -17.02879
         -17.86777
         -16.37466
         -13.83005
         -16.99459
         -16.10662
         -14.30716
         -14.68127
         -14.31483
         -14.91605
         -16.35684
         -15.73032
         -15.59699
         -15.57051
         -15.98538
         -16.48149
         -15.42732
         -16.30108
         -16.61473
         -15.67308
         -13.68151
         -17.07223
         -14.83658
         -15.61072
         -16.64239
         -14.46085
         -15.09913
         -16.63480
         -16.62806
         -17.09862
         -16.55048
         -14.53005
         -16.26976
         -18.17684
         -17.08765
         -17.43140
         -15.73830
         -14.53671
         -18.05631
         -16.92752
         -16.90306
         -15.80414
         -16.91186
         -17.25735
         -15.13641
         -15.70644
         -15.67544
         -16.82612
         -16.64508
         -16.54228
         -16.69409
         -16.52236
         -15.11542
         -17.93204
         -14.92366
         -15.26318
         -17.12636
         -17.49110
         -16.57329
         -15.51773
         -16.08575
         -14.81332
         -14.89167
         -13.88910
         -15.88992
         -15.94212
         -14.90471
         -16.14870
         -16.30223
         -14.82432
         -15.50784
         -13.36627
         -16.82778
         -16.65428
         -16.85273
         -15.59999
         -15.92177
         -15.99243
         -17.15925
         -16.20568
         -15.54591
         -16.59932
         -16.21869
         -15.81263
         -17.40485
         -15.90176
         -16.18587
         -16.17834
         -17.66186
         -15.65531
         -15.01770
         -18.01057
         -14.69827
         -16.11655
         -14.93694
         -17.28157
         -16.49519
         -16.64650
         -14.18903
         -14.33077
         -16.92713
         -13.99512
         -16.78250
         -15.88422
         -16.16322
         -16.40799
         -16.31750
         -15.78224
         -15.11447
         -16.18691
         -15.37061
         -16.15193
         -18.36133
         -15.70334
         -14.96627
         -15.13768
         -16.07695
         -15.52994
         -16.63729
         -15.57583
         -17.53745
         -16.12548
         -16.12139
         -13.94801
         -16.56450
         -15.81861
         -15.44746
         -16.01738
         -15.64483
         -15.30912
         -15.18993
         -15.79531
         -17.73700
         -16.85338
         -17.85434
         -16.24293
         -13.88852
         -16.64709
         -16.48336
         -18.19301
         -15.67193
         -16.32733
         -15.29682
         -16.14167
         -15.11132
         -15.48871
         -16.26473
         -18.62497
         -17.66167
         -15.65760
         -17.22849
         -16.29751
         -15.66296
         -16.06385
         -16.99097
         -14.60337
         -15.99017
         -14.49909
         -15.86726
         -14.90318
         -18.38049
         -16.64131
         -14.67644
         -16.48191
         -13.85850
         -15.83235
         -15.12478
         -18.15301
         -18.82129
         -16.46936
         -16.85413
         -14.66198
         -15.96255
         -17.08647
         -15.55050
         -15.83507
         -17.87776
         -15.64949
         -16.01114
         -15.77731
         -14.45817
         -15.17918
         -14.39776
         -15.36210
         -17.67670
         -14.67956
         -15.88716
         -16.73695
         -17.06698
         -15.03715
         -15.90130
         -16.96774
         -16.55266
         -17.14028
         -15.47563
         -15.35665
         -15.28186
         -15.33954
         -16.29148
         -17.44094
         -16.59000
         -16.07880
         -17.29045
         -14.63627
         -14.84818
         -16.20478
         -16.97480
         -16.54876
         -18.34370
         -16.62216
         -15.08521
         -16.23588
         -14.58777
         -15.57941
         -15.18663
         -15.35389
         -15.86369
         -14.75944
         -15.97026
         -17.08534
         -14.98491
         -14.94415
         -14.02155
         -15.06702
         -14.04634
         -16.16042
         -17.27407
         -16.97255
         -16.58250
         -15.56848
         -17.82488
         -16.89157
         -14.76621
         -15.59201
         -15.98014
         -16.81371
         -16.95444
         -17.14197
         -15.82117
         -15.70739
         -13.70867
         -17.07785
         -16.38276
         -16.07815
         -15.02520
         -17.63261
         -16.53594
         -17.30711
         -13.72317
         -17.49498
         -16.93602
         -17.31407
         -16.58508
         -15.25830
         -16.90755
         -15.50470
         -15.84888
         -15.19555
         -14.45778
         -15.59395
         -16.37629
         -17.28487
         -15.71628
         -15.99474
         -16.98132
         -16.95402
         -15.48997
         -16.25771
         -16.30026
         -18.71578
         -14.68423
         -16.43669
         -15.17098
         -17.15155
         -15.38132
         -17.24773
         -15.73648
         -17.60553
         -15.03324
         -16.83170
         -15.41555
         -16.50422
         -15.34684
         -15.93551
         -15.51351
         -16.28958
         -18.28993
         -14.64015
         -17.15340
         -16.71302
         -16.24870
         -15.59043
               NaN
         -15.12341
         -16.83243
         -15.54198
         -16.07582
         -15.56259
         -17.01312
         -14.82755
         -16.11065
         -16.61570
         -15.16951
         -16.60735
         -15.37017
         -16.05619
         -16.81885
         -16.49484
         -16.56711
         -15.63325
         -15.46628
         -15.36033
         -15.23889
         -16.56210
         -16.52125
         -16.38594
         -15.78918
         -17.81047
         -18.41141
         -16.70263
         -16.36150
         -15.23854
         -14.95739
         -16.78644
         -18.07525
         -13.94730
         -16.09896
         -15.18380
         -15.83271
         -14.07388
         -15.78991
         -14.92202
         -16.19180
         -14.65565
         -15.52300
         -16.70882
         -15.71916
         -15.55522
         -16.49544
         -14.50736
         -16.09529
         -15.08310
         -15.83784
         -13.50879
         -16.44818
         -15.50866
         -14.64726
         -16.01531
         -13.93597
         -16.09641
         -16.43979
         -15.45093
         -14.58343
         -14.99597
         -14.89645
         -16.51902
         -17.76985
         -15.54519
         -16.10563
         -15.87342
         -15.76249
         -15.08757
         -15.23322
         -16.10816
         -18.05264
         -15.49906
         -15.22838
         -15.16275
         -16.98769
         -15.72759
         -17.52044
         -16.22995
         -14.38705
         -15.45605
         -16.06597
         -18.12971
         -15.05725
         -15.00238
         -15.39881
         -15.88111
         -16.33898
         -16.67053
         -16.96628
         -15.35383
         -13.55682
         -16.22863
         -16.80422
         -17.53891
         -16.91464
         -14.98503
         -16.44510
         -17.37548
         -18.60023
         -16.93518
         -16.36333
         -15.23152
         -16.32112
         -15.40452
         -17.07071
         -16.42309
         -15.94829
         -15.23201
         -14.14748
         -17.06789
         -15.84508
         -15.96278
         -17.72077
         -15.58899
         -16.96833
         -16.41153
         -16.98592
         -18.60181
         -16.55057
         -17.22618
         -17.05499
         -16.18038
         -14.91892
         -16.43334
         -16.18196
         -17.21733
         -17.59684
         -15.71455
         -14.84087
         -15.99311
         -16.34382
         -16.01185
         -14.70331
         -16.04651
         -17.22539
         -16.86205
         -16.31906
         -15.19872
         -16.07903
         -15.89724
         -17.10766
         -16.55115
         -16.89913
         -15.93377
         -15.39598
         -15.92685
         -14.29141
         -15.03490
         -14.20736
         -15.00458
         -15.98318
         -17.24528
         -16.43686
         -13.82576
         -16.76474
         -17.18017
         -15.11041
         -16.53751
         -16.38514
         -15.94852
         -17.69365
         -16.12318
         -17.25470
         -16.67146
         -15.06816
         -15.69084
         -17.27078
         -16.23464
         -16.91929
         -15.71877
         -16.76641
         -15.95540
         -15.73115
         -17.11745
         -13.42139
         -15.66758
         -16.93505
         -15.38326
         -18.00087
         -13.99214
         -17.54052
         -18.33617
         -14.23285
         -15.50675
         -16.39469
         -15.94405
         -14.87979
         -15.14663
         -15.37535
         -16.36339
         -15.19555
         -14.99123
         -17.27149
         -14.08086
         -14.93656
         -16.18191
         -14.71860
         -14.88082
         -16.69081
         -15.66223
         -16.39270
         -15.58482
         -15.88705
         -18.29645
         -15.31549
         -14.61310
         -15.47963
         -16.45803
         -16.02848
         -13.51794
         -15.53453
         -15.40552
         -16.90023
         -16.65889
         -16.73856
         -18.04511
         -16.29869
         -17.51581
         -15.25304
         -17.08180
         -16.74604
         -16.70134
         -15.62068
         -16.93263
         -15.08076
         -15.17003
         -16.15596
         -16.47652
         -16.56037
         -17.01090
         -15.73210
         -15.73218
         -17.49318
         -14.55094
         -14.03988
         -15.46852
         -15.70047
         -15.42381
         -16.93105
         -15.32053
         -17.00161
         -16.44369
         -15.33089
         -16.94634
         -16.37958
         -15.60863
         -15.19829
         -16.02781
         -16.43005
         -14.33422
         -15.08667
         -18.34057
         -16.23945
         -15.93132
         -14.52231
         -14.55192
         -16.99110
         -15.72236
         -17.26860
         -16.54270
         -14.36398
         -16.16315
         -16.03511
         -15.54528
         -15.90199
         -15.47681
         -16.87787
         -15.41393
         -14.29458
         -15.47735
         -16.22155
         -15.90006
         -15.85296
         -16.27831
         -16.30446
         -15.41522
         -16.68242
         -15.81736
         -16.83249
         -17.62226
         -16.23976
         -17.64670
         -16.44904
         -15.84013
         -16.55887
         -15.19612
         -17.41333
         -16.54967
         -17.69411
         -15.36201
         -17.66659
         -14.83537
         -16.93658
         -14.19907
         -15.52257
         -14.62630
         -16.94548
         -16.10020
         -14.99443
         -16.95238
         -16.56494
         -15.47658
         -17.89193
         -16.92989
         -15.73695
         -15.98274
         -15.56410
         -17.54307
         -14.90999
         -14.48084
         -16.77234
         -15.31361
         -15.30983
         -16.44851
         -15.36392
         -14.90897
         -17.13296
         -17.46737
         -14.56085
         -16.76623
         -15.79282
         -14.92110
         -17.12320
         -15.86014
         -17.59367
         -16.92392
         -15.00420
         -15.40839
         -17.54521
         -16.85553
         -15.47079
         -17.92965
         -16.91162
         -18.69903
         -15.66826
         -15.42358
         -16.71876
         -15.66990
         -15.85702
         -15.36570
         -16.18857
         -15.13112
         -15.80074
         -16.80609
         -15.47885
         -17.44892
         -15.67704
         -13.64627
         -17.13740
         -16.59144
         -16.99416
         -15.92615
         -14.64040
         -18.07745
         -15.57601
         -16.73706
         -16.28130
         -15.08148
         -17.23451
         -16.43920
         -16.84829
         -16.73662
         -14.45501
         -15.22524
         -15.14545
         -17.84975
         -15.06431
         -16.32647
         -15.49673
         -15.54778
         -14.55573
         -16.36370
         -15.50925
         -15.80643
         -15.37164
         -15.09506
         -15.47365
         -14.65215
         -14.80718
         -15.97366
         -16.35037
         -16.32453
         -14.61292
         -17.01137
         -17.34670
         -17.28280
         -17.73399
         -16.71599
         -16.25610
         -15.45429
         -14.53580
         -17.18614
         -16.22411
         -16.49566
         -16.80255
         -15.39712
         -16.43572
         -16.12414
         -17.99668
         -17.78867
         -17.41565
         -16.70485
         -16.50110
         -15.81852
         -15.75385
         -16.16778
         -16.33015
         -16.16086
         -14.42416
         -14.28876
         -18.11093
         -16.91020
         -15.54265
         -16.22307
         -17.23502
               NaN
         -17.00720
         -16.81671
         -15.16792
         -15.03542
         -15.10169
         -15.54791
         -15.68672
         -17.94282
         -15.97145
         -15.13655
         -16.33460
         -16.24848
         -17.58018
         -16.69319
         -14.99165
         -14.62438
         -14.41576
         -17.78158
         -14.78415
         -17.51741
         -15.37039
         -15.11065
         -15.95472
         -15.50947
         -16.16851
         -16.24217
         -16.27909
         -14.91750
         -15.73811
         -16.41069
         -17.02884
         -16.24411
         -18.15744
         -15.21241
         -15.57591
         -16.73240
         -17.61197
         -16.16858
         -17.11103
         -18.17356
         -16.54850
         -15.33791
         -15.49802
         -16.82947
         -16.22995
         -17.54517
         -15.03363
         -14.70647
         -18.04848
         -17.87725
         -15.89175
         -16.40830
         -17.72701
         -16.68620
         -15.80883
         -15.37098
         -15.90140
         -15.62720
         -16.00598
         -16.31697
         -17.73339
         -15.40932
         -16.41918
         -17.74484
         -16.54120
         -16.70430
         -15.35158
         -14.45053
         -19.01853
         -16.80101
         -17.67259
         -15.61981
         -16.21156
         -14.78583
         -15.17073
         -14.49232
         -14.52827
         -15.33559
         -19.58410
         -15.38937
         -17.20004
         -16.78793
         -15.27986
         -17.81651
         -14.86183
         -17.76251
         -16.74497
         -17.93632
         -16.75899
         -15.48377
         -17.44677
         -14.95264
         -15.84955
         -16.42787
         -16.32862
         -17.00575
         -17.51327
         -15.47454
         -17.58181
         -14.58064
         -16.61026
         -16.54603
         -17.80412
               NaN
         -15.43280
         -16.48725
         -16.80594
         -19.34604
         -17.85070
         -15.73432
         -17.36245
         -15.59060
         -17.04695
         -16.66897
         -15.50517
         -16.23334
         -17.73494
         -16.20966
         -13.85055
         -15.77695
         -17.60209
         -16.08784
         -17.37075
         -17.13249
         -18.09548
         -16.79216
         -14.68935
         -16.23863
         -18.39478
         -15.10003
         -13.60150
         -16.77191
         -14.92048
         -16.91481
         -16.95770
         -16.06031
         -15.81260
         -14.49603
         -18.20867
         -17.49801
         -16.19922
         -16.67583
         -18.35206
         -16.74282
         -16.79516
         -16.33694
         -16.08565
         -16.59263
         -17.68508
         -15.90056
         -17.17212
         -16.69039
         -15.92530
         -14.47718
         -16.32850
         -19.22448
         -16.02132
         -17.04348
         -15.49357
         -14.81125
         -15.40664
         -16.72027
         -17.83281
         -14.08669
         -15.43608
         -17.56710
         -17.46237
         -16.75805
         -18.51570
         -15.52738
         -13.87729
         -16.41529
         -16.58674
         -16.73896
         -16.36346
         -15.60227
         -15.24983
         -14.60580
         -15.07972
         -16.98087
         -18.23730
         -16.72869
         -17.33704
         -18.54667
         -16.68162
         -13.83422
         -14.32754
         -15.48170
         -17.26029
         -16.42780
         -17.21531
         -17.86042
         -15.73810
         -15.14177
         -16.60968
         -17.08550
         -18.38623
         -16.37120
         -17.17545
         -16.11070
         -17.48411
         -17.13209
         -17.84703
         -14.77109
         -17.77915
         -16.39402
         -16.55162
         -16.61408
         -15.92381
         -18.04835
         -16.25776
         -17.27424
         -15.92349
         -17.20832
         -17.61937
         -14.76717
         -17.44263
         -15.65632
         -14.98996
         -18.32994
         -17.32360
         -17.47563
         -15.07403
         -13.94743
         -17.71038
         -16.23607
         -17.25169
         -16.81974
         -16.16109
         -15.19387
         -16.04334
         -16.86156
         -15.51634
         -15.72545
         -16.28927
         -17.58439
         -17.48547
         -16.51494
         -15.85670
         -16.10102
         -17.99702
         -17.38538
         -19.43830
         -18.64031
         -16.64579
         -15.56886
         -13.68065
         -13.16125
         -18.43255
         -16.63038
         -15.14273
         -18.28295
         -16.78399
         -16.80970
         -16.06312
         -15.61960
         -15.85431
         -15.41083
         -16.44966
         -16.53977
         -16.95742
         -15.01722
         -16.08890
         -16.76484
         -16.05337
         -17.67275
         -14.63750
         -16.64422
         -13.83093
         -18.26304
         -15.18287
         -16.70433
         -13.80586
         -16.05668
         -15.58487
         -17.40982
         -17.29693
         -15.86931
         -18.34079
         -16.95848
         -15.04853
         -15.84678
         -15.41421
         -17.63116
         -19.32423
         -16.11310
         -17.34915
         -16.34236
         -15.50745
         -15.24931
         -18.01904
         -18.81664
         -18.08798
         -14.05582
         -17.16601
         -17.38253
         -14.98699
         -16.22752
         -14.65829
         -15.78868
         -16.77758
         -16.53970
         -16.21354
         -14.87220
         -15.47828
         -17.17649
         -15.86540
         -16.87294
         -17.43656
         -15.78666
         -14.82290
         -17.69643
         -15.41390
         -16.91028
         -16.31058
         -16.40924
         -15.39328
         -17.73122
         -17.06746
         -17.02815
         -17.16300
         -14.76387
         -16.61745
         -18.41273
         -18.33840
         -16.51327
         -15.37036
         -15.30034
         -18.60811
         -17.02940
         -15.14492
         -17.08844
         -18.16101
         -17.79238
         -15.44754
         -17.49677
         -16.36866
         -17.29412
         -18.33037
         -15.67948
         -17.41581
         -14.93500
         -15.44248
         -17.17857
         -14.06373
         -16.95174
         -17.07339
         -17.27394
         -15.91455
         -14.95155
         -17.16785
         -13.91959
         -15.33998
         -14.83160
         -16.12769
         -15.90154
         -14.16546
         -16.70578
         -16.58417
         -14.70081
         -15.50800
         -13.90102
         -17.72039
         -17.80636
         -17.41288
         -16.75825
         -16.82824
         -16.68363
         -16.98376
         -15.85574
         -17.02470
         -16.53638
         -16.16094
         -16.67970
         -18.79354
         -16.32440
         -16.37190
         -17.77975
         -17.80169
         -16.49413
         -16.60539
         -17.55790
         -14.49214
         -16.09324
         -14.60304
         -17.18013
         -17.11364
         -16.35820
         -14.79848
         -14.48969
         -18.00568
         -14.12479
         -16.77040
         -16.29478
         -16.35576
         -16.15401
         -17.22286
         -16.06382
         -16.22630
         -15.05749
         -16.63897
         -16.55738
         -17.70041
         -14.94838
         -15.06265
         -14.07472
         -16.47704
         -16.36122
         -18.21139
         -15.92147
         -17.64564
         -16.75372
         -15.43532
         -14.79916
         -16.61790
         -15.49634
         -14.43816
         -16.84184
         -15.75865
         -16.07826
         -16.83381
         -16.91015
         -17.14597
         -18.57787
         -17.23311
         -16.22195
         -14.84223
         -15.86201
         -15.84213
         -18.86899
         -14.92848
         -18.37610
         -15.57535
         -17.16721
         -16.17663
         -16.68888
         -18.11940
         -18.44839
         -16.93551
         -16.96857
         -17.92060
         -16.42734
         -15.67682
         -17.41189
         -17.50688
         -15.47796
         -16.96592
         -16.50732
         -16.92375
         -15.91769
         -19.40222
         -17.11334
         -14.50846
         -17.73403
         -15.55632
         -15.84361
         -15.80810
               NaN
         -17.97510
         -15.27819
         -17.05124
         -16.60580
         -16.10510
         -17.27910
         -14.22585
         -15.91118
         -17.50794
         -17.74864
         -17.26320
         -15.90863
         -15.71185
         -15.98796
         -14.57737
         -15.80679
         -18.49329
         -16.00236
         -16.32482
         -17.73179
         -16.88330
         -15.64159
         -16.44127
         -17.48265
         -17.22651
         -17.17048
         -16.62811
         -15.53664
         -16.43593
         -15.79242
         -18.94481
         -18.15384
         -15.73489
         -16.87497
         -16.57519
               NaN
         -15.00067
         -16.95185
         -16.57746
         -16.00334
         -17.84622
         -16.51121
         -15.32427
         -17.83729
         -14.83558
         -16.05589
         -17.11177
         -14.74164
         -16.49361
         -15.45449
         -16.78588
         -17.13747
         -16.02065
         -15.53492
         -14.40901
         -15.54486
         -14.81183
         -16.20490
         -15.87710
         -16.68859
         -15.86484
         -14.81626
         -17.46929
         -17.57610
         -15.52581
         -14.19852
         -16.15203
         -16.94971
         -17.45596
         -16.34696
         -16.32733
         -15.19745
         -14.23747
         -16.83945
         -17.22762
         -16.16588
         -14.22306
         -18.84910
         -16.26651
         -18.86993
         -13.89108
         -17.55870
         -17.87951
         -16.82753
         -18.07326
         -15.86054
         -16.79165
         -15.11304
         -17.56841
         -15.46843
         -14.29350
         -14.71791
         -17.28658
         -16.34388
         -16.31393
         -17.60248
         -17.69523
         -16.30674
         -16.35080
         -16.34366
         -16.20987
         -19.26940
         -16.20197
         -16.56452
         -14.12030
         -16.59142
         -15.87307
         -16.42406
         -16.11011
         -17.84581
         -14.93023
         -16.37363
         -15.48549
         -15.14402
         -14.37305
         -16.50342
         -16.18824
         -17.73544
         -18.41950
         -13.99401
         -16.86752
         -18.33167
         -17.54202
         -16.04213
               NaN
         -15.87367
         -17.82324
         -15.60858
         -14.93130
         -15.56044
         -17.42941
         -15.15598
         -17.65691
         -17.42312
         -15.60679
         -16.55445
         -16.03719
         -15.64307
         -17.40029
         -15.31473
         -16.71881
         -15.85061
         -17.45871
         -16.23688
         -15.19683
         -17.36473
         -16.95309
         -16.02866
         -16.27306
         -18.50973
         -18.17383
         -17.62124
         -17.27100
         -15.54528
         -14.10957
         -17.06041
         -16.76994
         -14.24569
         -15.30885
         -15.43808
         -15.25979
         -16.16594
         -15.13096
         -14.95187
         -17.17665
         -16.15117
         -16.74321
         -17.63428
         -14.87493
         -15.64061
         -16.28879
         -14.38172
         -15.67389
         -16.43815
         -17.17584
         -13.71615
         -18.68091
         -16.15273
         -15.71143
         -16.84575
         -13.35509
         -16.54109
         -16.43627
         -15.23251
         -14.21061
         -14.33939
         -16.18548
         -17.99618
         -18.65534
         -15.75269
         -15.91011
         -17.00816
         -15.91784
         -16.26523
         -15.73707
         -17.04540
         -18.32528
         -16.39710
         -15.82591
         -14.79896
         -17.94678
         -16.44282
         -17.97981
         -16.24353
         -14.95946
         -15.43112
         -15.82996
         -19.70106
         -15.77586
         -14.75347
         -15.04166
         -16.95253
         -17.40303
         -17.74825
         -17.90890
         -16.17808
         -13.97853
         -15.91903
         -16.82071
         -16.50477
         -18.42187
         -15.47189
         -17.54411
         -18.53212
         -18.50925
         -17.39662
         -16.37650
         -16.47568
         -16.45260
         -16.11077
         -16.77056
         -16.64066
         -16.52706
         -15.36428
         -13.34319
         -16.66098
         -16.32985
         -16.27638
         -17.58552
         -16.62856
         -17.20532
         -17.58025
         -18.15017
               NaN
         -18.24314
         -17.68826
         -17.58045
         -17.46509
         -14.99593
         -16.21576
         -17.07847
         -17.58823
         -18.75505
         -15.52992
         -14.34036
         -16.90732
         -16.65265
         -15.30138
         -14.70407
         -16.55649
         -17.18411
         -16.59032
         -17.68383
         -15.32566
         -16.70215
         -16.19655
         -16.56974
         -15.35992
         -15.72256
         -18.28264
         -16.60828
         -15.26269
         -14.08080
         -14.52581
         -14.88956
         -16.23612
         -17.26365
         -18.87343
         -16.01819
         -14.15984
         -17.14410
         -17.77482
         -16.41246
         -17.02563
         -16.80748
         -14.43371
         -18.62332
         -15.97674
         -17.82090
         -17.25696
         -16.31533
         -17.84568
         -17.42530
         -15.94457
         -16.66320
         -16.39362
         -16.78235
         -16.64061
         -15.04834
         -17.47289
               NaN
         -17.80560
         -18.52965
         -15.09639
         -17.50911
         -14.88674
         -17.15919
         -18.13382
         -15.67042
         -15.73480
         -15.97160
         -15.37039
         -14.18417
         -16.23674
         -16.01963
         -16.96263
         -15.41932
         -15.86685
         -18.18610
         -15.69362
         -14.97137
         -17.62191
         -15.15664
         -15.56503
         -17.74483
         -15.75250
         -17.38099
         -15.25240
         -17.52957
         -18.49445
         -15.36586
         -16.13329
         -15.86909
         -16.98834
         -16.73026
         -13.94771
         -14.86926
         -17.39095
         -16.47861
         -16.41227
         -16.05365
         -16.92665
         -16.65940
         -18.57018
         -16.83834
         -17.45609
         -16.12153
         -17.48334
         -16.60711
         -16.83679
         -16.43049
         -16.38971
         -15.57710
         -17.75761
         -16.89925
         -16.06140
         -16.78329
         -17.29004
         -18.18541
         -14.17995
         -13.53022
         -14.47407
         -16.00201
         -15.91890
         -17.60137
         -16.06717
         -17.43729
         -16.33492
         -16.06908
         -15.94563
         -15.85529
         -16.17643
         -15.61070
         -16.05562
         -15.93419
         -15.22696
         -14.63958
         -18.78692
         -17.06279
         -16.17393
         -14.38696
         -14.14435
         -17.85230
         -15.52169
         -17.48376
         -16.06069
         -14.11958
         -16.64820
         -15.23611
         -17.01049
         -17.49138
         -15.39862
         -18.42409
         -16.15986
         -14.99794
         -16.34282
         -16.30821
         -16.10364
         -15.74312
         -16.86276
         -18.08835
         -15.25158
         -17.19566
         -15.15833
         -17.45904
         -18.19413
         -15.24137
         -18.22743
         -16.82232
         -17.22126
         -16.43958
         -15.09307
         -17.65215
         -18.30338
         -19.03594
         -14.03670
         -17.93081
         -16.04859
         -18.19005
         -13.39872
         -16.40212
         -15.14415
         -17.94552
         -17.80329
         -15.30552
         -17.87598
         -16.29073
         -16.48241
         -16.59420
         -18.21088
         -16.00380
         -16.61501
         -14.42048
         -17.55918
         -14.92949
         -16.20922
         -16.87959
         -16.28148
         -15.77454
         -17.16695
         -15.35613
         -15.55796
         -16.95350
         -17.72835
         -14.46127
         -18.65410
         -17.37824
         -14.92455
         -16.67779
         -16.60911
         -17.69485
         -17.91033
         -16.56991
         -15.99023
         -17.88857
         -17.36155
         -15.78820
         -19.33050
         -16.72595
               NaN
         -15.56836
         -15.44594
         -17.69264
         -16.43154
         -16.74285
         -14.33954
         -17.36813
         -14.30831
         -16.89210
         -16.84976
         -15.22910
         -18.82037
         -15.82724
         -14.09830
         -17.44678
         -16.07192
         -18.05468
         -15.88482
         -14.11099
         -18.56019
         -16.19047
         -17.01555
         -16.88322
         -16.26178
         -17.35025
         -15.88243
         -16.96766
         -17.01546
         -14.99004
         -14.43316
         -16.86931
         -17.17898
         -14.66230
         -16.81387
         -16.56258
         -16.70158
         -14.67343
         -17.29827
         -14.81693
         -16.56934
         -15.88870
         -15.99275
         -16.77895
         -15.96880
         -16.05836
         -15.36957
         -16.00082
         -15.77133
         -14.03153
         -17.54792
         -17.95579
         -16.87830
         -18.28833
         -16.76021
         -16.58921
         -15.33343
         -15.13012
         -17.40702
         -16.78888
         -17.36868
         -16.49990
         -16.20423
         -18.46678
         -16.65536
         -18.22155
         -18.72435
         -18.42836
         -16.59941
         -17.19384
         -15.76761
         -17.08173
         -16.60919
         -16.54796
         -15.83858
         -13.92558
         -13.85888
         -18.23057
         -17.95372
         -16.65693
         -16.30911
         -15.96218
               NaN
         -18.75287
         -17.88170
         -14.52991
         -16.07560
         -14.93442
         -16.54132
         -16.16819
         -18.99698
         -16.73009
         -15.68197
         -15.16035
         -16.65926
         -15.71533
         -14.75395
         -14.27266
         -15.85671
         -15.68379
         -15.98648
         -15.75516
         -14.73831
         -14.57557
         -15.32726
         -14.71962
         -13.53334
         -14.30553
         -15.19182
         -16.71985
         -14.83827
         -14.71920
         -14.15292
         -15.43553
         -17.83734
         -15.01032
         -15.86904
         -18.91516
         -13.58717
         -14.12545
         -15.96702
         -16.07524
         -16.20933
         -15.86424
         -15.43419
         -18.09575
         -15.20114
         -14.76937
         -16.71456
         -13.65431
         -15.12872
         -18.40667
         -15.14231
         -13.82151
         -17.67645
         -14.25410
         -16.17528
         -16.56351
         -13.69419
         -15.56989
         -15.08822
         -15.43761
         -18.53254
         -12.18420
         -15.19516
         -13.37084
         -15.59930
         -14.74022
         -17.08033
               NaN
         -14.40571
         -14.36483
         -14.42728
         -16.41825
         -15.64373
         -14.55346
         -17.52074
         -16.00143
         -15.23534
         -11.68232
         -15.82513
         -13.59427
         -14.39422
         -15.17613
         -15.61375
         -15.45093
         -13.44419
         -13.66413
         -15.87682
         -18.03732
         -16.86509
         -16.97610
         -13.74152
         -14.47246
         -13.53927
         -17.10264
         -16.25473
         -16.54206
         -17.27289
         -12.43226
         -14.28227
         -14.53301
         -11.47509
         -15.18259
         -14.84858
         -17.19211
         -14.05609
         -13.42513
         -15.13047
         -15.79492
         -15.73734
         -18.88532
         -16.05839
         -14.19064
         -16.03209
         -14.60996
         -14.46215
         -15.69816
         -15.39631
         -17.62389
         -15.02340
         -14.64152
         -15.67931
         -15.76542
         -16.88449
         -15.03212
         -16.43881
         -14.61998
         -16.51018
         -12.52656
         -17.01179
         -14.73027
         -13.98598
         -13.52241
         -14.11508
         -13.15955
         -16.06675
         -13.29459
         -16.99453
         -16.56021
         -14.19712
         -14.26187
         -15.54428
         -16.61681
         -15.50809
         -16.82582
         -11.95714
         -15.39394
         -16.69865
         -15.23620
         -15.46601
         -14.99647
         -15.32365
         -13.29500
         -15.69920
         -14.21579
         -16.10368
         -15.85163
         -18.40866
         -15.42814
         -13.70389
         -15.75912
         -13.85984
         -16.97981
         -15.45906
         -13.73123
         -11.67804
         -15.83631
         -15.74647
         -16.09753
         -15.18490
         -16.44808
         -16.10627
         -14.70715
         -15.46219
         -15.74584
         -19.36924
         -15.16354
         -12.91888
         -18.95635
         -16.37964
         -15.50879
         -16.19526
         -18.57991
         -16.20669
         -16.39914
         -17.83701
         -14.56079
         -16.53944
         -14.62074
         -15.87479
         -16.29484
         -13.40735
         -17.53625
         -15.91284
         -13.83967
         -14.24308
         -16.57157
         -14.78259
         -16.97546
         -14.83585
         -14.00831
         -14.39354
         -14.25279
         -16.99110
         -17.19224
         -13.27545
         -13.58401
         -14.84965
         -16.25244
         -17.85060
         -15.08612
         -13.76731
         -16.27786
         -17.75213
         -12.59086
         -12.78795
         -16.17169
         -15.89221
         -14.95448
         -16.41470
         -16.71198
         -16.19165
         -14.75314
         -15.53541
         -15.01766
         -17.35126
         -14.95277
         -14.42123
               NaN
         -19.21084
         -15.62501
         -15.71380
         -12.69550
         -14.94106
         -18.36055
         -16.80626
         -16.03447
         -14.06731
         -13.53090
         -14.91393
         -14.28748
         -15.75720
         -15.03258
         -16.11235
         -17.01631
         -13.82027
         -17.21384
         -16.43652
         -15.27936
         -13.81834
         -19.35716
         -14.86934
         -14.74180
         -13.26564
         -14.04534
         -15.55947
         -18.00516
         -17.77388
         -16.55304
         -14.03164
         -16.60982
         -16.21490
         -15.27183
         -16.68150
         -15.88313
         -14.12730
         -13.83307
         -15.39032
         -14.69649
         -15.03362
         -17.13352
         -14.99897
         -14.97375
         -14.71304
         -15.02465
         -15.03402
         -13.76306
         -16.28553
         -14.79829
         -16.19864
         -16.93197
         -17.01841
         -14.40065
         -14.60603
         -12.88091
         -15.39471
         -15.04325
         -18.63446
         -15.27948
         -12.85292
         -14.78553
         -16.23650
         -15.46982
         -16.37394
         -13.67734
         -13.47460
         -16.72472
         -14.09794
         -13.23690
         -12.24699
         -13.77411
         -13.54226
         -15.69446
         -14.45609
         -14.62634
         -16.66987
         -16.78373
         -15.38734
         -14.73766
         -15.40077
         -15.32092
         -15.49426
         -11.88460
         -16.08954
         -13.92770
         -13.56480
         -17.16476
         -11.39347
         -14.63604
         -14.90870
         -15.93630
         -17.20956
         -15.58619
         -14.16195
         -15.72240
         -17.80547
         -15.11857
         -18.87683
         -16.31754
         -13.33452
         -17.18760
         -16.76713
         -19.67092
         -13.78225
         -14.94532
         -16.41505
         -14.64659
         -12.88788
         -14.58410
         -16.08935
         -13.99189
         -17.90060
         -15.55786
         -19.02136
         -14.60052
         -19.11823
         -16.27744
         -12.60486
         -17.20975
         -17.83299
         -17.61035
         -16.40908
         -14.38218
         -16.22035
         -14.18588
         -12.40532
         -15.51561
         -16.00602
         -16.06854
         -15.27166
         -15.85837
         -15.01876
         -15.50759
         -12.52441
         -15.42253
         -14.84053
         -15.97088
         -13.77652
         -14.49471
         -14.90426
         -17.43553
         -16.75660
         -13.21783
         -16.69842
         -16.30962
         -14.44759
         -15.21860
         -15.23640
         -15.89299
         -13.65721
         -17.44174
         -14.33475
         -12.51816
         -18.72321
         -15.02279
         -16.15324
         -15.46261
         -17.44127
         -15.52155
         -17.10039
         -13.22956
         -14.08060
         -15.22915
         -13.79098
         -16.80156
         -15.23787
         -15.86011
         -16.80783
         -14.89216
         -15.33895
         -13.36409
         -17.96496
         -13.37381
         -15.51362
         -19.40183
         -16.89187
         -14.81454
         -16.81110
         -15.44708
         -14.22123
         -14.15915
         -15.03169
         -17.36714
         -15.13644
         -17.20147
         -12.60803
         -16.48043
         -16.32596
         -17.03643
         -14.71941
         -15.46564
         -14.09824
         -12.60194
         -14.04022
         -18.66747
         -14.13847
         -18.83236
         -16.27596
         -12.38709
         -17.88306
         -17.49285
         -17.12881
         -16.84237
         -13.10192
         -14.85833
         -14.52714
         -13.43419
         -13.59927
         -13.34488
         -18.90297
         -18.80488
         -13.59372
         -16.13889
         -16.09313
         -15.64113
         -13.94161
         -16.17876
         -13.22648
         -14.45402
         -11.33751
         -14.20402
         -13.30601
         -16.77196
         -15.89819
         -14.94091
         -14.51067
         -11.18561
         -15.81461
         -14.04901
         -14.42909
               NaN
         -18.34463
         -16.54380
         -11.60180
         -15.73813
         -16.78321
         -17.63591
         -15.71526
         -18.45997
         -12.34477
         -14.04001
         -15.57059
         -12.48449
         -13.90591
         -14.11499
         -14.66202
         -16.39112
         -12.59707
         -15.19814
         -15.17076
         -17.35614
         -14.08557
         -15.05121
         -16.15710
         -15.49182
         -17.09275
         -13.66125
         -15.07330
         -13.46498
         -14.62655
         -12.11430
         -16.31861
         -17.93622
         -14.82537
         -18.41650
         -17.54433
         -14.60811
         -15.02865
         -17.60035
         -17.40743
         -19.12687
         -16.79682
         -14.70886
         -13.71476
         -14.19764
         -14.82929
         -12.15585
         -16.31776
         -14.87198
         -13.66521
         -14.68623
         -17.00327
         -13.35432
         -14.01409
         -13.41156
         -14.31474
         -12.84123
         -16.09039
         -19.47336
         -17.41960
         -17.71233
         -16.75270
         -18.38469
         -15.81389
         -13.57037
         -17.78580
         -15.70952
         -16.59960
         -16.16488
         -18.39357
         -15.02432
         -16.51021
         -12.87616
         -17.45317
         -15.05268
         -15.94004
         -16.28801
         -15.71747
         -16.96012
         -14.84674
         -13.45881
         -17.39465
         -15.45066
         -18.08004
         -14.24221
         -14.31019
         -17.09003
         -16.12129
         -13.14180
         -14.76595
         -14.71640
         -16.97311
         -14.94320
         -18.76629
         -14.77540
         -13.46364
         -15.85740
         -17.97305
         -14.13475
         -16.12240
         -16.44256
         -17.84420
         -12.29484
         -16.23543
         -16.82509
         -18.03336
         -14.60715
         -18.54445
         -15.14827
         -17.22725
         -15.19540
         -17.55285
         -15.30545
         -18.64560
         -16.87990
         -15.04143
         -14.45127
         -14.01335
         -18.08595
         -15.65737
         -17.60346
         -14.16476
         -14.21262
         -14.87930
         -17.40657
         -13.94227
         -15.27258
         -15.43712
         -17.87766
         -15.56597
         -16.35775
         -14.31051
         -13.67635
         -15.34456
         -14.48108
         -16.69064
         -14.32007
         -16.70658
         -15.90346
         -18.35270
         -16.32828
         -15.29106
         -12.32957
         -13.98036
         -15.30511
         -15.29851
         -15.84141
         -16.94842
         -15.02740
         -16.70961
         -18.78544
         -15.25644
         -14.92966
         -14.75564
         -16.29213
         -16.35514
               NaN
         -13.47753
         -17.34286
         -14.78349
         -16.73467
               NaN
         -16.82730
         -14.87502
         -14.64134
         -12.30124
         -13.60201
         -15.25185
         -17.04825
         -15.42078
         -16.82077
         -14.70516
         -16.75870
         -12.94983
         -13.73139
         -13.18234
         -12.93315
         -14.49468
         -12.97192
         -14.70795
         -14.85046
         -15.39634
         -16.44533
         -15.79479
         -15.17035
         -16.02962
         -12.86711
         -14.19350
         -16.37582
         -15.21850
         -16.41343
         -14.08697
         -15.51793
         -13.23356
         -14.43999
         -14.63266
         -17.62342
         -14.08525
         -14.28768
         -15.73548
         -15.47778
         -14.60158
         -16.79725
         -16.20857
         -13.48590
         -15.49529
         -16.43752
         -15.65589
         -13.92593
         -15.39424
         -15.96108
         -14.19435
         -14.66382
         -14.97385
         -15.48231
         -14.05619
         -12.89291
         -16.71604
         -16.77826
         -19.16697
         -14.54180
         -14.21856
         -14.71493
         -15.55457
         -18.74346
         -16.20871
         -16.34260
         -13.27282
         -16.11414
         -14.29268
         -17.54324
         -16.08058
         -15.03713
         -15.02377
         -15.41369
         -17.70851
         -15.08191
         -15.46909
         -17.93371
         -13.95238
         -16.59522
         -14.57159
         -15.15302
         -16.25934
         -13.88593
         -16.49872
         -16.22776
         -14.15784
         -14.79769
         -16.77587
         -14.77057
         -16.63341
         -15.77346
         -16.00523
         -15.62884
         -14.55387
         -15.85761
         -17.13036
         -14.70212
         -15.24365
         -17.29039
         -17.28985
         -14.17047
         -14.99886
         -15.09804
         -15.42604
         -17.95451
         -18.42654
         -18.75143
         -12.23590
         -13.48743
         -16.97244
         -14.62297
         -15.83636
         -13.13336
         -13.06576
         -13.96733
         -14.68206
         -17.09597
         -13.29982
         -16.16751
         -16.24402
         -13.06058
         -15.76907
         -15.72025
         -18.33332
         -16.23006
         -16.35373
         -16.36332
         -15.74969
         -13.10472
         -12.29844
         -17.02752
         -16.69130
         -17.32245
         -14.65634
         -16.74131
         -14.87666
         -16.80612
         -16.55788
         -14.51513
         -12.30167
         -14.42465
         -15.83488
         -18.77507
         -12.58376
         -18.14085
         -18.65474
         -11.96968
         -15.14772
         -17.06075
         -16.84716
         -15.97490
         -13.43045
         -14.36106
         -15.41999
         -14.84327
         -13.61273
         -15.83161
         -11.54186
         -14.88176
         -13.91490
         -14.02898
         -13.80366
         -15.03145
         -15.52011
         -14.83682
         -16.10815
         -13.30121
         -17.98473
         -15.23619
         -12.21984
         -14.86649
         -15.62315
         -14.92367
         -12.84135
         -16.58188
         -12.27983
         -17.56398
         -17.04715
         -17.81682
         -19.80592
         -15.73081
         -15.85589
         -12.75727
         -16.49254
         -17.72920
         -15.47023
         -14.06774
         -17.08349
         -12.95587
         -13.24988
         -17.06727
         -14.45969
         -16.02686
         -18.50572
         -14.07718
         -13.27961
         -16.40339
         -15.13499
         -14.84223
         -17.03410
         -15.22574
         -14.64438
         -15.87575
         -14.14509
         -16.31572
         -16.61493
         -14.16876
         -18.52178
         -17.20498
         -14.71473
         -14.54903
         -15.98402
         -17.21070
         -12.92875
         -15.79052
         -17.63787
         -14.94325
         -15.54937
         -14.73540
         -15.19356
         -15.63531
         -16.03827
         -16.92986
         -17.30153
         -14.74874
         -15.39953
         -17.29297
         -13.23858
         -13.39980
         -15.59990
         -14.44363
         -14.23960
         -13.18726
         -14.11483
         -16.08510
         -15.57956
         -16.02588
         -15.35821
         -13.49605
         -15.67285
         -15.87443
         -16.85487
         -15.84610
         -16.72195
         -17.81153
         -16.73244
         -15.86138
         -13.66578
         -16.74669
         -15.35837
         -17.03735
         -13.78878
         -15.58165
         -17.44847
         -17.25063
         -12.92538
         -14.96321
         -15.45907
         -14.13787
         -13.81103
         -15.37111
         -13.41899
         -14.50468
         -15.49835
         -16.99663
         -13.89309
               NaN
         -14.91321
         -15.31685
         -14.98735
         -17.36451
         -17.51772
         -14.87930
         -11.75982
         -16.60349
         -13.78986
         -14.57822
         -15.31745
         -15.37619
         -13.88726
         -17.41548
         -17.05650
         -14.71762
         -13.79414
         -13.29687
         -14.91565
         -17.82443
         -14.68102
         -17.43439
         -15.37099
         -12.53928
         -14.49239
         -17.00464
         -16.05891
         -14.97109
         -15.72427
         -17.20392
         -16.47975
         -15.82553
         -15.38837
         -15.18557
         -14.47082
         -14.46243
         -16.98121
         -14.33158
         -16.42649
         -14.08259
         -16.73734
         -15.87202
         -15.28982
         -15.44058
         -12.93462
         -16.65033
         -17.40934
         -15.32458
         -15.99124
         -15.47387
         -17.31746
         -14.60866
         -16.29864
         -15.33370
         -13.22332
         -17.05230
         -17.31573
         -16.66036
         -16.29763
         -13.61272
         -16.47221
         -12.43155
         -18.90577
         -15.69720
         -15.55914
         -13.81876
         -13.73134
         -14.37043
         -14.89239
         -16.59917
         -14.60538
         -14.55762
         -13.68180
         -13.41870
         -12.57932
         -12.83744
         -16.92469
         -16.90067
         -17.19545
         -15.52822
         -16.16668
         -16.38779
         -17.91961
         -16.86128
         -16.64639
         -15.73168
         -15.64457
         -13.60015
         -16.83841
         -15.33498
         -15.12124
         -17.27903
         -14.12648
         -13.23819
         -15.28784
         -17.64267
         -16.31560
         -15.82133
         -16.87085
         -15.41051
         -15.89866
         -13.66334
         -15.47286
         -15.98726
         -16.66824
         -15.20908
         -14.96552
         -17.92257
         -15.26737
         -13.78843
         -16.08761
         -19.23887
         -17.23891
         -14.25896
         -15.14010
         -16.17235
         -13.39785
         -15.36503
         -13.98398
         -14.92873
         -16.28326
         -14.77713
         -14.27790
         -18.18325
         -15.60177
