           6.61799
         -15.22008
          29.10779
           3.79957
           0.29078
           7.71206
          -3.52015
          -5.10540
           9.07015
          -1.56658
          17.06077
          20.19696
          -9.61605
          15.50233
           5.60098
          33.34541
          -7.57409
           1.24091
          10.79161
           4.64656
          19.40070
          21.34505
          -4.96559
          29.81625
         -25.66266
           1.30702
           3.52341
          13.16653
          -1.58323
          22.09242
           6.98018
           6.08228
           9.51375
          15.10616
         -15.88751
          -2.86707
         -12.42560
         -10.28578
           9.19064
          28.85579
          -3.58987
         -11.81752
          13.13940
           9.66708
          11.45821
           3.02373
           4.95027
         -13.75975
          -8.42006
          11.74445
         -14.50118
          -1.71586
          -8.39385
          17.58700
          28.14502
          -8.20195
           1.00390
          -6.18269
           3.20408
         -10.09875
           9.72092
          -2.35219
          17.13936
          13.45203
          15.05530
         -13.13717
           1.35289
           0.29559
          15.18037
          13.39156
          -0.80292
           3.12702
          -2.36748
           9.73078
         -13.74736
           3.10625
           5.71662
          -2.89841
           9.06002
          13.40881
          16.25301
          -4.75120
         -25.87011
           2.11983
         -23.60780
          -5.22483
          10.33379
         -10.22567
           7.35768
          -2.92452
           2.84251
           3.89425
           8.65215
          -4.69034
          -0.03563
         -12.01089
          13.72887
           8.33660
         -12.24257
          21.63084
          15.15450
           5.44124
          14.54585
          11.32509
          26.75322
          10.89006
          10.81468
          -7.09279
         -23.63378
          11.13103
         -14.48184
         -12.92109
          -2.10060
         -13.00148
          -4.85476
         -19.27942
          27.64209
          21.47926
         -31.03890
          19.01329
          -8.01958
          -3.59420
          -5.42221
           2.29793
           8.56090
          15.34648
           7.23064
          -8.85194
           8.43683
           0.05711
          -2.50868
          -0.65742
         -15.88675
          -6.93668
          30.31676
          -0.45911
          -8.31524
          -6.92069
          15.75518
          29.61957
           0.81428
          -1.89764
          -6.58460
          16.76603
          15.68448
          -3.60346
         -10.15748
          13.53160
          -9.63642
          -6.52087
           6.56824
          21.28097
          10.13625
          -4.24421
         -11.11486
          18.35017
          19.74407
          13.99966
          -3.49939
          12.18075
          14.38135
         -11.99580
           6.84171
          19.14811
           6.56672
          12.73265
         -13.75840
          -1.91959
          13.21847
          -6.69437
          -6.78852
          23.70147
          -9.50802
          15.89759
          -3.01813
           5.37396
          18.62914
         -18.30089
           4.91501
         -15.93925
           3.37004
          24.51025
          14.05651
          12.49161
           6.89418
           9.33143
          -6.58527
         -12.98449
           3.73011
           6.28987
          -3.84982
         -13.03632
         -16.25138
          -2.45311
           2.66031
          17.94044
           8.07470
         -14.71584
           0.43938
           6.46124
          10.90456
          12.63752
          -2.83732
         -12.61648
           4.73214
          19.04551
          -7.08629
          14.64586
           6.10745
           6.02793
          10.39647
         -16.38827
          -4.32723
          16.21339
           3.00080
          35.30416
           7.79429
          -6.84461
           1.20240
          -3.84201
           2.18506
          -6.62477
          -4.28614
          -7.87259
           6.76862
           0.09003
          -9.39750
          32.47119
           1.30127
          24.70206
           8.01962
         -21.08491
          -5.33847
           7.65935
         -15.13452
          -1.64265
           4.93147
           9.77842
         -11.06228
           6.33200
           6.24740
           6.62510
           4.42559
           1.19717
          -3.56066
           4.52407
          11.86696
         -10.42775
           2.68302
          -0.23828
           6.78891
           0.27815
           1.52439
           9.21015
          -1.32234
         -18.70675
          24.73678
          -2.65006
          -5.24612
          -6.37853
          17.28309
          29.05144
          22.99826
           7.34218
          11.06882
           5.90701
          -0.01503
           2.82590
         -24.94421
           4.70782
           6.56978
         -12.68248
          13.83195
           6.22101
          -1.77404
           2.59004
          -3.08088
           6.89335
          22.68506
         -22.33614
          -1.75659
           2.78635
         -10.54813
         -15.14981
          35.81272
          -3.86128
           6.61608
          30.91524
          16.32528
           5.59731
          -8.67357
           3.74614
           7.80272
           0.57639
          10.38864
          -2.70273
          18.80751
           1.34166
           8.94697
         -14.65260
         -10.66922
          -2.15051
          -5.29718
           7.94626
          12.01706
           5.11083
          20.74732
           8.08150
          18.59348
          -8.02926
          20.20138
          -1.18166
          -2.92875
          19.35355
          19.25762
          20.72605
          27.82229
          13.59181
         -15.95284
          -1.96144
          -4.85304
           6.19022
          -1.13216
         -18.90267
          13.75949
          14.48437
          20.64150
          13.66339
          31.11423
           6.38750
         -10.28837
          -7.54493
          15.92523
          35.71943
           7.80900
         -18.90757
         -15.73931
          10.96998
          12.44774
           4.61241
           4.82059
          24.40340
          11.54765
          11.13425
         -17.32312
          13.34918
          13.67851
          20.96940
          19.42125
          -6.91814
          19.37316
          35.05941
          -7.98778
         -20.01573
          15.80104
           1.86861
          27.91993
           1.79124
          -0.95197
          -2.39156
           0.98931
          18.06178
           0.08667
         -12.25755
          -0.46688
          20.80501
          -2.87081
          -5.68602
           1.55609
          -1.76447
          19.52819
           1.62391
           3.60741
         -15.52799
           3.64017
           7.10350
          -1.06493
          26.05116
          20.13569
           7.60810
          15.42218
          -4.05294
          -4.49303
          -2.96589
          -6.72438
          -0.89507
          -3.32059
          11.69334
          13.39589
           8.63983
           8.20530
         -17.76751
          27.08050
           7.24261
          28.87628
           2.59749
           5.93971
           2.87815
          -1.74577
          28.37690
         -10.20645
           7.25910
         -21.84561
          26.72639
          -8.83038
         -10.18598
           1.14126
           4.87324
          11.23262
          21.29319
          -2.36089
         -12.91436
          -0.76116
          19.15152
           6.07396
           1.26006
          -8.77336
          25.29116
           3.81115
          13.91798
          14.39189
          -4.42574
           9.31209
           1.34902
          13.06110
           3.04813
               NaN
           5.18494
         -10.25262
         -19.39508
         -16.95462
           0.14061
          18.03161
           0.67983
          12.36725
          -4.16969
          23.51119
           2.08161
           5.91290
          32.85329
         -16.93242
           2.16844
           5.73511
          12.11387
         -17.37913
          15.34790
         -11.45210
          -9.35394
          24.76692
           7.18501
           1.68254
          14.61888
           7.74604
          11.02903
          17.02527
         -17.13636
           0.30509
           0.97909
           3.58355
          11.21736
          -3.04718
         -16.11111
           4.40373
          -3.29924
         -13.41435
          -3.70500
           8.46614
          31.41169
           7.62642
         -20.46261
           4.89009
           3.91436
         -21.23502
           0.04886
         -26.33806
          -1.56173
           9.95497
          24.24702
           2.62096
         -24.55273
          -6.52202
          -2.45121
           3.71372
          -0.89312
          -2.75076
           1.60447
          24.79576
           8.85881
           5.78916
          -5.47207
          12.21180
          22.14225
          -2.49020
          13.46353
          -8.48703
         -25.27995
          18.26281
          10.21260
          -4.61898
         -14.35544
           1.21119
           0.79344
          10.84774
          19.52890
         -10.66484
          -3.88640
         -10.46446
          -8.76913
         -29.62135
          10.76714
           5.25053
         -10.64903
           4.06172
          14.58692
          11.59941
          19.66595
          22.11491
          27.38177
          15.35426
          -2.77065
         -13.36169
           8.12794
           6.11888
          20.55914
         -18.53127
         -20.27473
           4.27745
          25.15505
         -19.95108
           1.34532
           0.71951
          11.52531
         -16.74941
         -10.43830
          -6.50767
          11.41393
           0.27267
          23.36491
           6.61001
          10.60107
          -5.67049
           7.91695
          -3.88487
           0.40000
          29.99189
          -0.84917
         -12.52411
           4.59453
          11.13656
          -7.79776
          27.65114
           2.96841
          -9.31806
          20.69910
         -12.68802
         -27.83512
           3.91000
          17.24289
         -13.12259
          -3.54932
          11.91542
          17.42716
           7.74098
           0.51427
          18.04487
         -16.42322
         -20.25365
           6.34211
          -0.62320
          36.59847
           4.30056
          20.54840
         -10.02555
          22.09261
          -0.13081
           9.46706
         -31.13233
           4.38983
          -0.12949
          16.35251
          -4.85513
          14.65922
         -12.63544
          16.26057
          15.89031
          -0.03850
          16.80597
          17.00059
         -26.22365
          25.10825
         -11.10007
          -4.91966
           4.34303
           5.91455
           7.04970
         -13.87159
           3.80375
          -2.79628
         -10.51585
          -0.95090
          -9.97165
          10.38174
         -11.87255
          22.63307
          10.59221
          -4.37769
          19.12645
          -0.76923
          27.28854
          -1.90917
         -17.62019
         -14.23452
          -2.97426
           8.62674
          -9.15603
         -30.21236
          -7.41473
          11.57015
           6.13163
         -22.36208
          16.52048
          -0.57585
          -4.43217
           0.67948
          -0.09091
          -5.30778
           6.17877
          10.88837
          -9.37034
         -17.38161
          -8.59959
          -4.36534
         -19.41393
          29.74499
           2.95942
           5.16198
          20.74625
          -5.62813
           5.20960
          24.95003
         -19.57291
          -0.08517
          11.15524
          22.47548
          29.09058
          13.95640
          -9.98240
          -3.40120
          -9.26316
          12.10880
           4.65954
           1.89574
          15.82825
           5.54371
          -2.91622
          -5.25737
         -10.91863
          15.07237
          -3.02748
          -2.62563
         -15.34130
         -12.92346
           8.70359
         -11.80895
          12.39295
         -17.51282
          31.97045
           4.75491
          -3.68038
          -8.43535
          20.08691
          -6.46361
         -30.30918
          12.38557
         -16.09464
          -0.66431
          15.64687
           5.29759
          -7.67301
           7.43778
          16.91556
         -15.66357
           9.23088
          12.53870
           1.87663
           4.28081
         -12.49407
          -2.05484
          11.63493
         -14.20719
          -8.82915
          -0.14804
          -1.85901
          23.70030
           1.58641
          15.98685
          27.38373
          21.03357
          13.85586
          29.61978
           1.97680
           8.22251
          -1.42287
           5.04672
          -2.26863
          16.62056
         -17.18669
          13.86794
          24.32438
          15.50659
           6.06978
         -11.73768
          -0.99877
         -30.64635
         -13.73525
          -2.98888
           8.91696
          14.78300
          30.46249
          12.03016
           7.45959
           4.52426
           5.36370
           7.33952
           4.84745
          -3.08245
           1.28400
          21.92742
         -10.00003
           8.37408
           7.50770
         -22.17792
               NaN
          18.02392
          -9.17219
          15.40245
           3.76347
           8.48708
          16.06145
          -0.06122
           7.86773
           5.45973
         -14.81575
          14.39668
           1.56739
          -3.90416
           9.89001
          -0.27035
           8.83151
          24.15188
           3.76548
           0.25126
         -10.15963
          13.30477
         -18.95573
          10.38398
               NaN
           5.72330
         -12.16263
           2.03300
          -8.60740
          -5.33778
          -6.79389
         -14.39616
         -16.94413
           3.59721
         -13.29104
         -18.60602
          31.05666
          21.17937
          -2.87425
           6.40919
          17.12250
           8.77781
         -19.62648
         -23.19331
          14.40868
          10.40002
          18.47047
          16.87772
          -7.23320
          -8.40119
          -7.36134
           4.14552
           0.90436
          -9.22951
          -2.52422
         -15.14568
         -21.74783
          27.18336
         -24.12971
           2.24893
           0.45558
           2.12421
          11.63569
         -10.91867
          -3.78480
          12.14615
          -1.10601
         -11.07787
         -10.44942
          -6.45700
           5.66444
          10.68025
         -10.70728
          -7.16799
           4.52662
           5.21764
          -5.64121
         -15.13175
         -22.33826
           7.10935
           0.21043
         -12.33000
          15.15694
          13.70060
          -1.10799
         -16.24818
          -4.71010
         -13.91215
          29.25545
           9.02940
           3.19185
          25.45892
          20.05110
          -1.85161
           7.52287
          -0.12797
           1.86859
          17.59277
          27.21178
         -15.06660
           9.38431
          -5.39569
          12.18293
         -11.55200
          11.19759
           9.11883
           5.91542
          -3.63123
           5.41609
           2.16588
           0.86843
           9.81825
           7.07814
         -12.21514
          -7.82769
         -11.99589
               NaN
           8.85015
          -1.19294
           0.02780
         -30.33762
           5.44764
         -31.15696
          13.83385
         -12.83648
          -0.10787
          -2.54348
           6.16323
          11.95916
          13.06638
          -1.90585
          -0.25311
          20.48583
         -11.36877
          -6.23667
          10.63294
          11.59112
         -11.08303
          20.85867
           6.92888
          -0.83798
           3.62876
          11.73801
          -6.13644
          -0.24183
           7.55779
          -1.95986
          19.13587
          -6.05699
           9.38478
          16.40843
         -17.47114
          -9.56255
           3.50418
         -10.70921
         -10.19438
         -10.55312
          10.45221
           9.28324
           4.97468
         -10.94301
          -7.13850
           1.05405
         -17.31671
           9.17983
          18.89162
           2.27626
          15.29001
          -3.45201
          11.99689
         -19.17674
          -0.92618
          -0.66391
           9.31866
           3.54618
         -20.81854
          -4.26837
          24.86838
          -3.83771
          24.81046
          -2.65988
           1.42310
          -2.36815
          -3.03329
           8.68593
           7.00170
         -18.53535
         -19.81180
           4.29776
          27.11318
           3.15496
          12.20646
          -5.77654
           6.84615
          -1.94680
          15.62031
          21.12420
           4.40790
          24.78763
          -6.13997
           7.77563
           3.89953
          21.61173
         -12.41800
          -1.72469
           2.04924
         -19.66337
          -4.01905
         -21.57466
          -5.40295
           1.42238
           3.11360
         -12.83422
          10.52848
          12.60567
          -1.74419
          12.39641
          -0.38712
          -6.54605
           4.02219
           3.00472
          21.19471
           8.12295
          25.94078
          15.91167
           8.64712
         -11.03064
           2.02931
          -5.27811
           1.53916
          14.91078
          10.13208
          -9.31389
          12.92038
          -9.90300
           0.15669
          15.29866
          15.90035
           1.55697
           8.30277
          20.71446
         -10.75319
          10.51841
          28.84417
           4.01679
          -1.95542
          17.04181
          30.14222
          -4.15896
          -4.61593
           2.67044
          10.44101
           1.23729
          -1.64109
           7.06185
           3.91554
          -6.43411
          13.22658
           9.58508
          20.17947
          29.78607
         -18.26731
          -4.42466
          11.25458
          -0.92532
           9.94611
          16.90776
          -2.66872
           0.42150
          -1.27159
          -0.97126
          -0.11556
           0.58868
           0.95945
          -0.27495
          -0.41515
           1.18742
           0.57028
           1.04400
           1.97894
           1.76876
          -1.26131
           0.20656
           3.09498
           2.15463
          -1.34431
           0.52191
          -1.23049
          -0.69143
          -2.03631
          -1.60979
          -0.67593
           2.97398
           1.03995
          -0.73538
          -1.89012
          -0.60300
           0.42409
           2.99590
          -0.59079
           1.01565
          -0.09373
           1.11165
           1.85569
           0.81669
           1.13778
          -2.26186
           0.45374
           1.84787
          -1.62446
           0.54707
           2.32090
           0.81426
           1.34149
           2.01244
          -2.55628
          -1.61415
          -2.91004
           2.07740
           1.74532
           0.10823
           0.15576
           1.81744
           0.56953
           1.06144
          -0.17827
           1.96887
           0.44375
           0.83785
           0.78561
           2.62294
          -1.04970
           0.20766
           0.90756
          -1.28789
          -2.54258
          -2.48635
          -1.05545
          -1.23474
          -1.02806
           1.64714
          -1.80568
          -1.84044
           0.17553
          -1.52285
          -0.06478
           0.74801
          -3.02610
          -1.09796
          -0.52543
          -0.64762
          -0.87266
           3.16765
               NaN
           2.92862
           0.07792
          -0.10941
          -2.35518
           1.42226
          -0.15879
           1.19494
          -1.40094
          -2.76621
           1.33274
           1.58316
          -4.11313
          -1.49982
           2.49090
          -0.57521
          -1.02760
           1.86393
           2.13244
           0.60744
           1.31794
           1.75390
          -0.62273
          -3.55815
          -2.28650
           0.98476
           1.60204
           1.42250
          -0.83577
          -0.13545
          -1.83518
           2.62413
          -3.40581
           4.17978
           1.63572
          -2.06242
          -1.41196
           1.49562
          -0.14551
           0.52532
           0.22893
          -0.07071
          -0.62234
           1.09378
          -0.75471
          -2.27860
          -3.09221
          -0.00432
          -0.71595
          -0.16199
          -0.22023
           2.44119
          -3.22503
          -1.53228
          -1.82581
          -1.75911
          -0.48478
          -0.37560
          -2.18073
          -1.07300
          -1.35645
           1.62893
          -0.52799
          -0.13402
          -0.43006
           0.48379
           0.96596
          -0.15745
           1.42465
          -0.96903
           3.99521
           0.95550
           3.35756
           2.09605
           0.69559
          -0.47524
          -2.91969
           0.54216
          -1.63722
           0.66641
          -2.89351
           0.61469
          -0.93333
           2.61804
           2.85164
           0.16070
           0.74032
           0.28752
           0.86027
           1.69188
           1.03981
           0.25154
           0.45954
           0.41945
           1.11074
           0.30504
           0.85596
           3.25356
           3.47934
           1.62544
          -0.53467
           1.90643
           0.77633
          -2.10654
           1.29658
           2.87571
           0.78558
           1.53350
           1.58053
          -3.02762
           2.71420
          -0.64786
          -1.17360
           0.21771
          -0.69370
           0.46809
          -2.26260
           1.67143
          -2.34093
          -1.17953
          -0.46695
           1.77492
           2.19849
           2.11488
           4.02876
          -1.37393
           0.01847
          -1.03273
          -2.82014
          -0.35369
           1.28256
          -1.04661
          -0.52531
          -0.64344
           1.02111
          -0.44210
          -0.17799
          -0.81615
           1.96252
           1.23030
          -0.42082
           3.12448
          -2.63957
          -1.20898
           3.47323
          -2.13336
           2.33993
          -1.55372
           0.23984
          -1.33924
           3.71461
          -1.54416
           0.06290
           3.15253
          -0.31236
          -2.48540
          -1.45852
          -0.14580
           1.60366
           0.71277
          -1.70897
          -1.52317
           0.37619
           1.43639
           1.08466
           0.59580
          -1.04281
          -0.36249
          -0.60677
          -1.31117
           1.44733
           1.93743
          -1.61150
           1.38516
           0.37429
           1.32411
           2.50226
           1.67296
           0.61600
          -0.66417
           0.99182
           2.06898
           1.70943
               NaN
           0.94268
          -0.01176
          -2.07922
           3.33979
          -3.38105
          -1.21574
           2.24343
           4.67532
          -3.23785
          -0.71651
          -1.15698
           1.27355
           0.03803
           1.20808
          -1.18888
           0.19849
          -0.09442
          -2.46250
           2.73095
           0.13525
           1.52349
          -2.25057
          -0.42139
           0.82533
          -0.30320
           2.46562
           1.39420
          -1.23134
           3.08270
           0.72303
          -1.99375
           0.36171
          -0.23462
           0.23065
          -1.38222
          -0.10614
          -0.78658
          -1.08409
          -2.26639
          -1.41723
          -0.05407
          -1.07648
          -0.76765
          -1.72112
          -1.45655
          -0.04602
           1.20872
          -0.42809
          -1.04472
          -1.62377
           2.54040
           1.89183
           2.31474
           0.36197
           0.87055
          -1.18581
          -2.43743
           0.61705
          -0.43938
          -0.21829
          -4.01309
           4.01731
          -0.48183
          -3.81260
          -1.35881
          -0.04008
           0.19727
           0.07319
           0.54401
           3.18539
           1.14559
           1.81753
           2.07684
           0.13165
           1.13653
          -2.27526
           2.45606
           2.96805
          -0.27789
           2.41317
          -0.20483
          -0.06124
           4.43893
           0.02534
           1.80509
           0.36132
          -2.66602
           2.06985
          -0.43669
          -0.08178
           0.48140
          -2.05757
          -1.43480
          -0.41348
          -2.49912
          -0.80135
          -1.07439
          -1.03157
           0.18153
           2.78579
          -2.48295
          -0.74056
           0.59138
           0.32251
           1.72285
          -3.09615
           1.34801
          -0.52284
          -0.56427
          -1.11888
           0.68733
          -3.15181
           1.30645
          -1.68313
          -0.23081
           3.47287
           2.20332
          -1.17318
          -1.70878
           2.53066
           0.01562
          -0.87829
          -1.55923
           1.71651
          -3.21999
          -1.49084
           0.90286
          -0.86379
           1.42723
           0.57380
          -1.50832
           2.21007
          -2.10864
           0.33637
           0.98135
          -0.70804
           0.85122
          -0.92334
          -0.97712
           3.97681
          -3.47488
          -0.33477
           0.53115
           0.35153
          -0.57421
           2.48874
           2.42605
           0.77880
          -0.00726
           0.23096
           1.10428
           1.12007
           0.25530
          -0.02355
           0.70922
           0.86439
           0.24629
          -0.64393
           1.72219
           3.40630
          -0.71782
           2.72199
           1.43093
           3.34380
           1.61195
           2.73749
          -1.64826
           0.03520
          -0.66318
          -0.94359
           2.87776
           0.55689
           3.66430
           2.08839
           0.49634
           1.29837
           2.14034
           1.39405
          -0.45021
           0.86133
           1.18619
           1.68210
           2.11172
          -0.06264
          -1.39071
          -4.12143
           0.91696
           0.08626
          -2.80393
           2.61755
          -2.11042
          -1.53259
          -3.96397
          -3.08199
           0.37964
          -2.88124
          -0.39724
          -2.69734
          -0.22073
               NaN
           2.50256
               NaN
          -3.12846
           2.19416
           0.52319
           1.03372
           0.40565
          -4.18611
          -0.51161
          -2.57300
          -0.23787
          -0.46920
          -1.57491
          -1.44488
           0.69782
          -1.00686
          -0.45252
           0.42667
           2.88475
          -0.45658
           0.41327
           1.98776
           0.51453
          -1.87520
          -0.89803
          -0.68948
           0.10832
           0.92205
           1.89003
           0.72745
          -0.98469
           0.18220
          -1.77809
          -1.32085
          -0.85167
           3.12224
          -2.08977
          -1.81045
          -0.13970
           2.43620
          -0.11349
           0.80178
          -3.07465
           1.29898
           2.08576
           2.58454
          -0.92805
           0.58183
          -0.62395
           0.24529
          -1.62425
           0.17589
           3.32426
          -2.22266
          -1.93253
          -1.29944
           1.36494
           4.57419
           0.61832
           0.47796
           0.34966
           0.23653
          -0.59548
           1.13227
           1.43003
           1.51888
           2.49339
          -2.82652
          -1.48967
           2.18391
           1.11328
           0.86657
          -0.19082
           2.46508
           0.56513
          -1.31961
          -0.57287
           4.34299
           4.44231
          -1.32447
          -0.69599
          -2.32181
           2.01231
          -0.61496
               NaN
          -2.48831
           1.53804
           0.86944
           2.56944
           2.76522
          -0.28586
           0.23644
          -1.40264
           1.48272
          -0.52393
           0.27407
           4.38841
          -0.27901
          -1.40878
          -2.13544
          -1.20541
          -0.50308
           0.54888
           1.50140
          -2.66131
          -0.34447
          -0.97946
          -4.24659
           3.75162
           2.25420
          -0.72239
          -1.18994
          -0.33725
           2.37569
           1.79381
          -0.48906
          -1.94302
           0.15988
          -3.00724
           1.40349
          -0.91781
           0.19406
           0.96302
           1.72155
          -2.70725
          -1.49954
           2.77184
          -2.07719
          -4.40659
           1.20921
           1.63608
           1.74924
           1.96350
           1.20913
          -0.33116
          -0.97945
           4.19736
           2.25475
           1.54233
           2.95509
          -4.22520
          -2.10393
           2.88963
          -0.00950
           2.11335
          -0.46993
           1.59069
           1.70718
          -1.51434
          -2.31957
           3.11103
          -1.55901
          -0.51677
          -1.12782
           1.59427
          -0.45715
           1.25074
           0.56734
          -0.07424
           2.82861
           2.05070
          -1.11012
          -1.65173
          -3.43325
           0.03389
           2.14532
          -0.42023
           0.19042
          -0.59040
           0.58864
          -0.53045
           3.79873
           1.09578
          -2.37387
          -1.38639
           0.82096
          -1.14359
          -1.01119
           0.00887
           0.36056
           0.01100
           2.24111
           0.06922
           1.29372
          -0.83151
          -2.71648
           0.52919
          -2.33756
          -1.37842
           2.53342
          -2.91518
          -0.89039
          -0.66270
           2.78710
           2.15868
           0.33849
           1.73820
          -0.74682
           4.30407
           1.38954
          -1.31315
          -0.70989
           2.38676
           0.65598
          -2.25300
           3.52439
          -0.95446
          -0.06699
           0.98269
          -0.27115
          -1.54424
          -0.36085
           1.21840
          -0.17069
           0.96796
          -1.04646
           3.26161
          -2.93358
          -1.98163
          -2.77555
          -1.53336
           0.36900
          -1.31560
          -1.65787
           2.12191
           1.47082
          -2.08796
          -2.38306
          -4.71736
           2.56794
          -1.63675
          -0.17167
          -0.14269
           0.14783
          -0.98365
           1.92506
          -1.43626
           0.57034
          -1.13744
          -1.30643
           0.39159
          -0.72301
           1.52364
          -0.86988
           2.15168
           2.02922
          -1.39748
          -2.57759
          -1.49023
          -2.83236
          -0.24282
           0.28622
           2.27244
          -1.76590
          -2.42347
          -2.84517
           0.99548
           1.37057
          -1.55438
          -1.30061
          -0.76001
          -2.47609
           1.79027
           0.37859
          -2.93552
          -2.29134
          -2.12790
           0.38439
           0.63979
          -1.33032
           0.69461
          -1.38430
          -1.83527
           2.43639
           2.09671
           0.63414
           1.09744
           0.56435
          -1.49387
          -0.30967
           2.07127
           0.90115
          -0.85908
           0.57637
           4.13532
          -0.11037
           0.58535
           2.77668
          -1.06846
          -1.22450
          -0.91373
           0.26335
           0.53610
           0.77293
          -0.18028
           2.71684
           0.53789
           0.19482
          -0.93095
          -3.09057
           0.84024
           1.61898
          -3.00124
           0.35315
           0.54670
          -0.58876
           0.30837
          -0.68104
           0.85732
           0.43996
           0.04100
          -2.22826
          -1.11733
           1.01479
           1.67058
           0.64196
           1.52925
           0.90880
           0.74340
           2.22575
           0.66256
          -1.63447
          -0.18775
           0.99287
          -0.99117
           1.40425
           0.54404
           1.61629
          -0.52218
          -0.39811
           3.88929
          -0.39655
           1.28429
           2.52491
           0.49747
           1.06314
          -2.12339
          -1.02334
           1.72540
          -1.39475
          -2.75720
           3.82479
           0.00407
           2.59621
          -2.51294
          -1.21289
           0.43582
           1.46124
           1.58596
          -1.18695
           1.27524
           0.48284
           0.47436
           2.87008
          -1.17124
           2.59289
          -1.07457
          -0.97107
           0.10739
          -1.72608
          -1.55977
           0.09212
          -2.62361
           2.23052
          -0.82089
          -0.72187
           0.33934
          -0.53093
          -0.75711
          -0.75215
          -1.27265
          -2.86494
          -1.74255
           0.64762
           1.73874
          -0.59457
           1.13296
          -1.08696
           3.25792
           2.03617
          -1.81705
           1.37444
           0.81456
          -2.68089
           3.81027
          -1.43860
          -0.60321
           0.42014
          -0.29771
           0.89461
          -1.81093
           1.54214
           2.93524
          -2.77166
          -1.21491
           2.67299
          -0.44327
          -0.62661
           0.21166
          -0.01682
          -1.05390
           1.42299
           1.17225
           2.64174
           1.14092
           3.79756
           1.85458
           2.97189
           2.30813
           1.32003
           0.19537
           0.58067
           2.02003
          -0.03134
          -2.26877
               NaN
          -1.65413
           1.30061
          -0.53478
           0.33143
           1.41257
          -0.17943
          -0.49841
          -3.01277
           0.37850
          -0.38516
          -1.86893
           2.76634
          -0.27305
           0.28509
           0.28536
           1.40467
          -0.30232
          -1.29097
           1.49575
          -1.65408
          -2.28535
          -0.59570
          -0.02181
           0.70299
           2.49949
           0.84310
          -0.42301
          -0.30100
           1.97518
           0.74163
          -0.80775
           1.46889
          -2.07182
           0.50885
           0.59442
          -0.79516
          -0.87262
           1.06569
          -2.84510
           0.14445
          -0.62807
          -0.47435
           0.37305
               NaN
          -0.96737
           0.09279
          -0.37991
          -0.49964
          -1.01696
          -2.44899
          -2.65378
           1.27541
           0.04676
           1.05426
           0.35970
           0.02339
          -1.79271
           4.08458
          -0.30164
           0.63168
          -0.06245
           0.33307
          -0.58296
          -2.58259
           2.21162
          -1.86003
           3.05334
          -3.81216
           0.07111
          -0.63806
           0.42623
           0.68484
          -0.29908
          -0.29696
           0.76383
          -0.20138
           2.61914
           0.24604
           2.33253
          -0.45081
          -4.02260
          -3.59431
           0.83190
          -2.58004
          -3.55529
          -0.35458
          -3.33390
           0.56120
               NaN
          -1.22590
          -1.72405
          -0.29428
          -0.58817
          -0.56887
          -0.41277
          -0.45541
          -2.08322
          -0.10686
          -1.48533
           0.02296
           0.58213
          -0.25924
           0.44132
          -2.00459
          -0.79231
           0.55796
           1.14736
          -0.28338
          -1.00350
           2.15060
           0.82930
           0.69094
          -1.43773
           1.30876
           2.73820
          -0.76032
           0.63005
          -4.29344
          -0.80650
           0.92460
           0.01980
           0.88971
           1.05505
           0.20390
           1.93248
           0.06837
          -0.29908
           2.98448
          -3.47123
          -0.72378
          -0.72769
           2.45105
          -1.25132
          -0.88200
          -1.82847
          -2.89902
          -4.08143
          -0.66050
          -3.63137
           5.28692
           1.29668
          -0.97835
          -2.88416
          -0.61027
          -1.30355
           3.03390
          -1.19776
          -0.35352
          -2.04556
           3.06035
           2.48468
           2.31001
           2.15673
          -1.84624
          -3.18406
           2.60707
           0.32230
          -0.55724
           1.49654
           0.44702
           1.17075
           1.46770
          -0.82407
          -0.27463
          -4.60892
           4.17712
           1.33746
           0.73757
          -0.75063
          -0.94369
           1.30058
           1.16683
           0.72300
           1.75278
           1.83817
           0.73186
           1.06858
           1.38723
          -2.73881
          -0.60748
           2.21590
          -1.78483
          -1.73099
          -3.05971
          -2.45168
          -0.83887
          -1.85764
           1.92016
          -3.13411
          -0.84045
          -0.49931
          -1.26198
           0.57493
          -0.16985
          -5.05278
          -2.73059
          -0.13177
           1.83784
          -1.55837
               NaN
          -2.94262
           2.11806
           0.71111
          -0.71179
          -2.59914
           0.95575
          -0.51777
          -0.82050
           0.18520
          -2.63570
           2.39216
          -0.29396
          -4.66344
          -0.47811
           0.01456
          -2.21257
          -1.11067
           0.56045
           0.66062
          -2.82428
           1.29623
           0.14958
          -0.47888
          -1.49695
          -3.58263
           2.00933
           2.71331
           1.12775
          -0.08511
          -0.38469
          -0.43352
          -0.75556
          -5.51666
               NaN
          -0.66389
          -1.30017
          -1.30027
           1.87882
          -0.78022
          -0.30042
          -1.31997
          -1.62593
           0.54941
           0.05765
           0.00605
          -1.82294
          -2.87184
           1.22941
          -0.06466
          -2.64550
           0.58056
           3.26759
          -2.33514
          -3.59084
          -4.02006
          -1.91066
           0.72581
          -0.00016
          -3.86409
          -2.82720
          -0.16533
           3.81117
          -1.52633
           0.33988
           0.36168
          -0.58843
          -1.72104
          -1.48121
           1.38475
           0.50465
           1.95757
          -1.91572
           1.62015
           2.07154
          -1.33673
          -2.06419
          -1.30470
          -0.03511
          -2.62011
          -0.00938
          -4.89418
           1.44964
          -1.45283
           1.20446
           3.10016
           2.91554
          -1.31194
           2.41157
          -1.20681
           1.24088
           0.55526
          -1.74686
           2.56601
          -0.27850
           2.67031
          -0.37679
          -2.38373
           1.92032
           1.94900
           1.60629
          -1.93119
           2.14464
           2.09128
          -2.98847
           0.61343
           2.86908
           2.67232
           3.57443
           1.61167
          -3.23013
           0.76564
          -0.37418
           2.63743
           0.29359
          -0.89497
          -0.32723
          -2.79852
           1.47569
          -0.97818
          -1.40323
          -2.55816
           2.71175
           1.11369
           1.96653
           2.83434
          -2.76207
           1.57338
          -0.92522
          -5.15270
          -1.22490
          -2.15520
          -1.28010
          -0.07521
          -0.89619
           1.00562
          -0.97696
          -0.00800
          -0.60238
           2.67647
           0.41061
          -0.31834
           3.75487
          -5.48864
          -0.92419
           1.26834
          -3.28524
           4.49524
          -1.78321
          -1.24447
           0.39854
           4.22616
          -1.62852
           0.53574
           4.04877
          -1.55712
          -2.86017
          -2.01275
           0.69454
           1.53428
           0.87607
          -1.91272
          -2.16170
           1.12843
           0.83212
           0.82027
           0.97516
          -0.22440
           0.14846
          -1.73446
          -0.99636
           4.12712
          -1.16370
          -1.75145
           2.20253
           1.13651
          -0.61760
          -0.34299
           0.20282
           0.51179
           0.00658
           1.07427
           3.82243
           1.66906
          -3.12880
           0.47926
          -0.18993
          -1.58269
           2.42453
          -2.82648
          -0.94737
           1.78169
           5.23302
          -4.22424
          -3.39576
           0.58334
           2.32279
          -0.63498
           2.00968
           0.45314
          -4.10152
          -0.27033
          -2.83560
          -0.12235
          -1.11420
           0.36171
          -1.27343
          -0.97903
          -0.14726
          -0.42819
           1.31137
           3.16824
          -2.74994
           3.07737
           0.85658
          -0.07484
           1.20339
          -0.24579
           0.19265
          -2.08350
          -0.61364
          -1.11940
          -2.71206
          -2.40943
          -2.74468
           2.64289
          -3.52105
          -0.68748
          -1.69490
          -3.28675
          -0.84283
          -0.48874
          -3.40718
          -1.29666
           0.68476
           2.26009
           2.02457
           0.89464
           1.37334
           1.96626
          -2.82330
          -4.50781
          -0.81169
          -1.50864
          -3.37384
          -4.97317
           4.62919
           0.09831
          -5.55354
          -5.71738
          -1.71610
           1.55662
           1.11472
          -0.51853
           2.75218
           1.84818
           1.42170
           0.74206
          -0.93995
          -0.05786
          -0.32368
           2.77713
           1.51803
          -1.87205
           1.32252
           0.41900
          -1.27698
           0.44024
           0.39340
           3.80786
          -0.26448
          -2.48949
          -1.25035
           0.71692
           0.21523
           0.67996
          -0.52444
          -3.88904
          -0.37708
          -1.89351
          -0.46004
          -2.84631
          -0.43842
           0.41307
           2.50539
          -2.17578
          -2.55728
           0.02772
          -0.13984
           3.12255
          -1.41357
           1.11508
           0.36075
          -3.29875
          -3.48373
          -0.11516
          -4.88113
           1.66066
          -1.19091
          -0.78338
           4.54896
           2.42453
          -1.13500
          -2.99327
           1.02036
          -1.18404
          -1.09582
           0.61777
          -2.36335
          -4.26592
          -3.42149
          -0.11783
          -1.82194
           0.09920
           0.57066
          -3.68490
           3.66195
          -2.22175
           2.60812
          -1.59762
          -0.42712
           1.86201
          -1.19425
          -2.13452
           3.73930
          -5.03604
          -0.57337
           1.80645
           0.02490
          -2.63608
           1.88217
           4.11404
           1.19391
          -1.66381
          -0.00532
           0.67199
          -1.15649
           0.67071
          -1.26873
           0.13594
          -0.34783
          -0.36222
           2.56044
           2.26615
           4.01581
           1.96161
           4.72980
           1.54337
           1.90774
           2.26070
           0.75841
          -1.09785
          -1.56476
          -0.81725
          -1.22173
          -1.32515
           2.08612
           3.04446
           4.63979
          -1.10542
           4.67199
           1.52508
           2.30437
           0.40191
          -1.88291
           0.60939
           1.42840
           1.65576
          -0.29866
          -1.62436
          -5.65516
           2.85864
          -0.41912
          -2.26757
           2.10995
          -2.22144
          -1.21908
          -2.47113
          -3.45681
           0.52838
          -1.15752
          -0.76513
          -2.41149
          -3.59267
               NaN
           4.25273
           5.20950
          -3.48799
           3.94041
           0.78539
           4.14153
           1.23228
          -5.45696
          -2.61641
          -2.32707
           2.55455
           0.36683
          -1.60250
          -1.65384
           0.10495
          -1.28510
          -0.97819
          -2.06913
           2.45250
          -1.15006
           0.37699
           1.80061
          -1.84989
           0.37421
          -1.77211
          -0.15677
           2.74808
          -1.61493
           0.56520
           1.36849
           2.10523
           1.86713
          -0.44644
          -2.70949
          -1.77680
           3.51972
          -1.61756
          -0.45160
           1.34794
           5.23751
          -0.77741
           0.25834
          -1.24908
           1.31619
          -0.23752
           2.44582
          -2.12209
          -2.57642
          -4.24055
          -1.63638
          -1.22124
           1.05287
           2.16464
          -2.80637
          -3.48238
           1.20499
           3.58783
           3.66467
          -0.97823
           2.51506
          -0.26899
          -0.40330
          -1.60683
           3.02767
           1.98700
           2.65196
           0.82486
          -1.67727
          -3.71079
           1.76061
           0.81295
           1.22375
          -0.43406
           3.38333
           0.59326
          -4.22548
          -0.00187
               NaN
           4.02715
          -1.67744
           1.14815
          -4.82414
           1.80179
           0.50412
               NaN
          -1.51410
           4.92298
           0.42423
           1.49500
           3.45963
           0.49770
           0.32537
          -3.96867
           0.34222
           1.36544
           0.24807
               NaN
           1.48039
          -1.82933
          -2.13827
          -4.76101
          -0.50733
           0.01328
           3.85033
          -5.60628
          -0.02068
          -2.26939
          -1.47819
           3.88236
           2.86170
          -2.98443
          -1.15178
          -2.22180
           3.42288
          -0.41793
          -1.20477
          -1.01284
          -2.21201
          -5.55726
           3.41602
          -2.82005
           1.14499
           2.01716
           1.38594
          -3.27647
          -2.44702
           3.41588
          -2.61155
          -3.97948
           2.52581
           1.97728
           3.04844
           0.16239
           3.04826
          -3.24449
          -1.18974
           5.45810
          -0.39040
           1.55100
           0.42032
          -3.54226
          -0.59302
           3.65177
           0.14285
           1.22201
           0.15706
           5.25966
           2.04349
          -2.18020
          -2.62667
           5.83131
          -3.47180
           0.36729
          -0.34636
           1.73511
          -0.60529
           1.23959
          -0.09242
          -2.04814
           3.63717
           3.65801
           0.47325
          -1.24824
          -2.12982
          -3.23390
           1.83686
          -0.65731
          -1.54337
           0.08978
          -0.70395
          -2.44436
           6.06651
           1.97382
          -3.78214
          -3.47281
          -2.34833
          -3.08240
          -0.46501
           1.26107
           1.49250
          -0.15534
           3.62688
          -0.20186
          -0.51286
          -2.09520
          -0.32320
           1.44277
          -0.59341
          -3.09761
           2.15059
          -3.47716
           1.74090
          -0.08620
           2.01354
           2.95347
          -1.69759
           3.47846
          -4.71125
           4.78296
           2.19047
          -0.02667
          -2.77566
           2.21897
           3.59100
          -4.09447
           5.11367
          -0.74813
          -1.25042
           0.36975
           0.97981
          -2.54458
          -2.87831
           4.17212
          -0.96169
          -1.06900
          -0.51531
           2.88055
          -2.09938
          -1.72287
          -4.05511
           0.44325
           0.85911
          -1.49772
          -1.27516
           0.53373
           2.41261
          -2.74223
          -4.57929
          -5.79756
           0.70309
          -4.29996
          -0.77654
          -0.70978
           2.18354
          -0.62593
           1.56038
          -3.30271
           2.50738
          -1.77842
          -4.06843
          -1.59381
          -1.59578
           1.79253
          -0.63199
           4.87798
           3.16853
          -0.69813
          -3.29093
          -2.60417
          -5.56465
          -1.54607
          -0.27144
           2.14342
          -1.37245
          -3.10660
          -2.25349
           1.17787
           1.87426
          -4.41485
          -0.37012
          -0.78874
          -3.83516
           5.07961
          -2.88614
          -4.54864
          -0.91298
          -3.54098
           0.14328
          -0.59449
          -2.83439
           1.82628
          -2.03956
          -2.38419
           3.37436
           0.62979
           0.35502
           1.64044
          -0.07504
          -0.64538
          -1.12435
          -0.50882
           0.48980
          -1.57492
           1.42790
           2.83653
           1.88162
          -0.91403
               NaN
          -1.03272
          -0.29732
          -1.00005
           0.27408
           0.34570
           1.66216
           1.18597
           4.36088
           0.17233
           2.13241
           2.04097
          -6.24347
          -1.43948
           1.18206
          -3.62266
          -0.88617
          -1.00206
           1.54068
           2.18843
          -2.18739
          -0.18576
          -1.71636
          -1.43908
          -0.70681
          -0.61642
           1.16509
           1.47202
           1.62233
           1.95751
           1.52981
           2.23196
           4.81306
          -1.57402
           0.76630
          -0.52223
           0.79188
          -1.29956
          -0.75470
           1.01418
           1.24814
          -2.21994
          -0.21440
           4.59128
          -0.04185
           2.67528
           2.00202
          -0.87402
           1.75769
          -1.42508
          -1.70212
           1.61210
          -0.20537
          -1.04369
               NaN
          -1.52966
           3.68865
          -1.49178
          -2.98515
          -1.09338
           3.21673
           2.69750
          -0.11571
           2.30260
          -1.59010
           0.94746
           2.18437
          -3.84127
           1.90911
          -0.99943
          -2.07572
           0.67575
          -1.75368
          -2.87383
          -3.09763
          -1.24690
           1.05271
          -0.19145
           0.24625
           1.66756
          -1.67927
          -1.47545
          -1.06821
          -1.23212
          -4.14726
          -2.39549
           0.25592
           0.24459
          -0.76934
           2.41075
          -0.05465
           5.28455
           5.35278
          -3.21167
           1.45096
           1.21605
           1.13787
           3.33891
           1.56093
          -1.76261
           2.50349
           0.79569
           1.14192
          -2.79200
           0.30910
           1.30670
          -2.31371
          -1.12854
           2.83028
           1.12363
           0.29068
          -0.89310
           0.93305
           0.05715
           0.02133
           0.20861
           2.05672
           1.15241
           2.00237
           2.54178
           2.44084
           1.29537
           1.28136
          -1.84617
           2.05124
           0.47102
          -2.00188
          -0.47129
          -4.89942
          -1.57096
           1.90429
           0.55304
           2.17471
           0.56684
          -1.55934
          -1.28573
          -2.25075
           1.70071
           0.93202
          -0.43938
           1.75508
          -2.87470
           0.72208
          -1.85879
           1.81065
          -0.33453
           0.69210
           3.00632
          -1.39302
          -3.00547
           1.02235
           1.91154
           1.55800
           0.01357
           1.35277
          -2.47879
           0.82789
           1.63864
           0.59001
           0.42214
           0.58229
          -2.61883
           2.55065
           2.26904
          -1.19455
          -3.56636
           1.25137
          -3.96095
           0.89707
          -0.80488
          -0.08604
          -1.09432
               NaN
          -1.67750
          -2.59743
           0.82583
           0.26654
          -1.57129
          -3.52465
          -0.91157
           1.37133
           0.30752
           3.54198
           1.95766
           2.10986
          -2.05030
           4.16589
           0.04435
           1.44216
          -0.82394
          -1.21245
          -0.90877
          -3.52329
           2.71255
          -0.49096
           2.49945
          -4.12217
          -1.24893
          -1.55711
          -2.74935
          -0.38272
          -1.35484
           1.79228
           0.65310
          -0.31890
           2.46726
          -1.73778
           1.05268
           0.43510
          -4.90552
          -2.20629
           1.19463
          -3.30910
          -4.63102
          -0.42781
          -4.08723
          -1.42178
          -3.05555
          -3.29673
          -4.65985
          -0.66242
          -0.35815
          -1.61519
          -4.03584
           0.29574
          -1.95451
          -0.53180
          -1.78510
           0.27894
           0.08258
          -1.79924
          -0.51012
          -1.98970
          -2.83245
           0.38022
          -1.42968
          -3.16318
           0.32861
           3.79127
          -0.15445
           1.51150
          -1.55982
          -0.11507
           3.10698
           2.26378
          -4.23596
           4.20751
           0.96152
           0.06504
           2.42424
          -2.09049
          -2.70696
           2.72058
          -1.55317
           2.56486
           5.53003
          -0.12637
           2.18362
           1.65681
               NaN
           1.69254
          -1.48926
           2.71039
          -0.29834
           2.74987
           1.15173
          -3.08959
           3.93114
          -0.63154
           0.63975
          -0.35664
          -0.34057
          -0.59167
           3.11723
           2.93665
           0.35539
           3.14997
           2.94888
          -1.92608
           0.87517
          -1.51118
          -0.45061
          -2.90976
           6.12452
           0.66440
          -4.65918
           2.26853
           3.60594
           1.38673
           1.60765
           2.86159
          -5.25653
          -3.70226
          -0.26173
          -1.19573
           2.38110
          -0.87280
           1.56868
           6.12162
          -0.57008
           0.89715
          -1.58322
           2.30573
          -1.72994
           1.00306
           0.34451
           4.54922
           1.58338
           1.47835
          -1.13195
          -0.51324
          -3.80771
          -1.59256
           1.12106
          -1.85184
           0.26513
           1.22153
           0.26515
          -3.39925
           1.22749
          -1.92951
          -1.06199
           2.17881
           0.13320
           1.44706
          -1.13910
          -4.52208
           0.19626
          -1.52427
               NaN
           4.19215
          -0.90912
           0.82961
          -1.97488
           2.14947
           0.40082
           4.33670
          -3.87349
          -2.96967
          -0.31874
           4.50931
          -3.25527
          -3.09252
           6.35113
           1.97717
          -0.89812
           3.89586
           4.42679
           5.95696
           1.35178
           4.25479
          -0.84698
          -6.77125
          -0.26604
          -0.61237
          -0.13026
           1.88196
          -2.00593
           0.25308
          -4.02015
           7.89255
          -0.11532
          -0.71405
           5.22048
          -3.25065
          -1.58608
           0.89827
           0.84391
           1.81252
           2.64343
           2.35364
          -2.44893
           2.70895
          -1.94062
          -2.98891
          -3.43573
          -1.92751
          -1.73122
           3.70943
          -1.46853
           1.15296
          -4.61223
           1.67670
           1.59468
          -1.52287
          -2.37190
          -0.96087
           0.44336
           1.66153
          -3.21323
          -1.77286
           1.02825
          -0.87276
          -1.66425
           2.15522
           5.15460
           1.90610
           1.48684
          -3.26629
           7.17158
           5.43130
           6.06592
           2.13425
           3.86368
           2.00169
          -5.43721
           1.44202
          -0.10503
           1.71986
           0.22523
          -0.68686
          -0.12350
           4.82159
           2.46423
          -4.13366
           3.93949
          -3.02354
           4.08253
           2.39494
           1.79515
           3.36674
          -2.82414
           1.50743
          -1.32039
           1.36792
           5.90614
           5.33188
           5.86492
           1.65530
           1.64229
           1.53508
          -1.27347
          -0.73175
           2.36152
           2.88604
          -2.15554
          -1.64800
           1.53200
          -2.71193
           5.75171
          -1.07450
          -7.11442
           0.09943
          -0.37995
           1.70788
          -1.42718
           1.97656
          -4.46524
          -0.83081
           2.79291
           0.31455
           3.88953
           2.34614
           5.89067
           0.78997
          -2.40541
          -1.20032
           0.81597
           1.00440
           6.64150
          -0.68263
          -1.22694
          -0.24945
           1.04525
           0.39166
          -0.44299
          -1.14940
           0.84956
           2.50807
          -0.58057
           2.14179
           1.80170
          -1.65293
           6.91031
          -0.33775
          -1.01986
          -1.19597
           2.55365
          -4.04817
           2.91718
          -1.41266
          -0.67419
           1.75544
           1.62804
          -1.90120
          -0.59456
          -1.45576
           1.71183
           0.45822
          -1.39137
          -0.52781
          -0.79645
           2.37835
           1.49682
           0.00442
          -2.31858
          -1.15897
           1.15113
          -1.80192
          -2.73006
           6.77161
          -1.39336
           0.11100
          -0.81391
           4.35095
           6.93757
           3.96468
           0.77845
          -1.70978
           0.86330
          -0.66439
           1.77237
               NaN
           1.66508
           0.26599
          -2.85322
           4.76654
          -4.24554
          -1.63408
           2.96321
           3.80595
          -1.70023
           3.46004
          -3.86989
          -0.36207
           1.08715
          -0.04148
          -3.74854
           6.90154
           0.17979
          -1.88088
           7.17882
           2.08296
           3.33452
          -3.77379
           0.44789
           2.34146
          -0.10836
           4.26492
          -1.37124
           1.13594
           3.09101
           0.51485
          -4.98504
          -0.95034
          -0.21722
           0.28989
          -0.28903
           0.68499
          -0.26776
           1.45367
          -2.04342
           0.65206
          -4.25822
           2.73424
          -0.89262
          -1.76199
           1.39645
           1.19609
           3.85481
           4.21586
          -0.65198
          -5.22243
           2.97735
           1.68492
           4.52847
          -1.21461
          -0.83751
           1.36680
           0.78999
           2.84424
           1.22743
           4.70074
          -2.51649
           3.06349
          -1.38617
          -1.09872
           5.43555
           2.57258
          -1.92176
          -1.55040
           2.20035
           3.86070
           0.05035
           2.43456
           4.15756
           1.80211
           2.99841
          -5.31747
           1.95557
           5.22842
           2.20717
           4.11331
          -1.17730
           1.83391
               NaN
          -0.54840
          -1.31692
           1.33683
          -2.94119
           7.24554
          -2.23497
          -0.54478
           0.17187
          -4.44750
           2.39100
          -0.47023
          -3.44317
          -1.33339
           1.68778
          -1.95621
          -0.17940
           3.22289
          -2.96177
           2.09144
           1.47005
           1.04325
          -0.45907
          -5.71904
           1.71110
          -1.90022
           3.69837
           2.56757
           1.93829
          -0.45606
           0.75431
          -2.45041
           0.63057
           1.79541
           1.85849
          -1.23271
           0.29352
           4.88498
           1.88572
          -0.53919
          -4.95285
               NaN
          -1.58955
           1.51875
           2.49396
           0.62982
           3.49743
           0.57868
           1.88465
          -0.05319
          -1.93231
          -3.20494
           5.00158
          -1.14593
          -0.72444
          -0.50104
           0.82708
           4.34704
          -1.04126
           0.03716
          -1.45685
           0.86070
           2.63994
           3.43430
          -0.20527
           0.13170
           2.57505
           0.59928
           1.77814
           4.66887
          -0.39228
           1.91750
           1.60287
           2.75407
           1.19488
          -5.63906
           0.87423
           2.45616
          -4.89465
          -0.40789
           1.25567
           5.58240
           0.60064
           5.82258
          -2.50627
           2.52929
          -0.42301
          -0.51001
               NaN
          -1.82696
           4.63054
          -1.88887
           2.99323
          -3.96057
           3.09944
          -0.02499
          -1.77853
           5.13918
           2.08532
           2.07758
           2.82249
           0.30527
          -1.02649
          -1.73058
          -2.10983
           0.87406
          -3.64003
           3.40883
          -1.93736
          -2.02131
          -6.29108
          -2.49771
           0.14778
          -5.56826
           0.17624
          -3.14293
           5.03560
          -4.15996
          -0.22570
           5.83837
          -2.56801
          -0.52799
           0.11448
          -3.81088
          -0.88293
          -2.20504
           2.76946
          -2.95636
          -4.59083
          -1.77244
          -1.53190
          -1.11913
           1.62202
          -0.57312
           0.36691
           4.31724
           3.55855
           0.62445
           0.46983
           2.27950
           4.20031
          -5.38169
           0.46455
          -1.51990
          -4.00668
           4.87682
           3.95523
          -0.27184
          -5.80142
          -2.44436
          -3.85393
           0.84382
           0.59046
           2.50263
          -2.82588
          -3.92871
          -2.45872
          -1.93063
           0.92146
           1.64893
          -5.92045
           1.27215
           5.70741
           2.80079
           0.93329
           5.50507
           5.01377
           3.17854
          -2.25249
          -1.19120
           5.13193
          -1.31273
           0.48346
          -5.20347
          -2.10021
           5.99200
           3.10708
          -2.69755
           1.31405
           1.23393
           0.98105
          -1.82236
           0.56179
          -0.24744
           5.09438
          -4.61802
           1.97272
           2.84377
           1.58144
           0.30978
           0.18834
           1.03367
           0.52129
           3.21020
          -1.46297
           0.63157
           5.08949
          -0.77424
          -3.57072
           1.57895
           2.34048
          -2.35944
          -2.01477
          -4.00696
          -3.73856
           1.56345
           4.24432
           1.68273
          -1.50731
           0.09781
           2.59741
           3.26060
          -3.46916
           0.31461
           0.94471
          -3.02164
          -0.75320
          -2.13104
           4.33724
          -0.49644
           1.38380
          -2.16022
           1.92944
          -0.84922
           1.03134
               NaN
           3.54782
           1.30722
           2.80378
          -1.24944
           2.60046
           0.74328
           5.24157
           0.62662
          -3.39303
           3.85729
           0.96786
          -1.73375
           2.04749
          -1.28830
          -0.68023
           2.24472
          -1.81993
          -0.02256
           1.76787
          -1.24422
          -5.07239
          -0.84318
           1.10421
          -0.27602
           4.77117
          -1.65778
           4.21026
          -0.65164
           2.23205
           6.37812
           1.52882
           6.90641
          -5.28980
          -4.45921
           1.70157
          -0.24700
           3.50281
          -1.44730
          -4.12869
           1.18292
          -0.47635
          -1.84085
          -1.12949
           1.42274
          -1.89490
          -2.34600
           1.37471
          -0.22622
           1.26813
           1.59580
           3.00277
           1.56820
          -0.45484
          -3.57836
          -2.28071
          -5.46509
           5.12789
           2.62615
          -0.05067
           2.89314
          -1.65070
           2.60358
           2.45303
           0.26361
          -0.27296
          -0.17859
           1.86602
           5.76139
           1.87870
          -1.86259
          -1.94312
          -1.40396
           0.27030
           0.08090
           0.49180
           4.10992
           1.13839
          -6.44723
          -0.89494
          -5.05643
           1.30153
           3.13021
          -2.03915
          -4.99218
          -1.56137
           3.99295
           0.91973
           3.51243
          -0.97459
           5.43314
           3.55756
           0.14100
          -3.31856
           2.51033
           2.64830
          -3.91927
           0.61758
           1.04695
          -1.27609
           1.77780
           1.93817
          -2.22121
           0.01513
           3.56348
          -3.38600
           1.06237
           4.14327
          -1.87443
           3.85562
          -4.23398
          -2.38501
          -0.78091
          -4.61460
          -0.39499
          -1.03171
          -2.25446
           4.59764
           0.00271
          -1.06804
           1.04053
          -3.03351
           5.47496
           2.51479
           0.77123
           0.74130
          -3.02554
          -1.54128
           2.49354
           1.47325
          -2.44921
          -0.13826
           2.99909
           3.48654
           0.63750
           1.10449
          -1.24072
          -2.09822
           0.25321
          -2.48766
          -1.46562
           0.24624
           1.42686
           1.78873
           1.15553
           2.47355
          -2.37922
          -1.35859
          -3.76752
           0.71117
           0.58540
           2.90466
          -2.75110
          -0.71523
          -0.35749
          -3.33732
           5.46782
          -0.42091
          -4.43998
           0.07488
           0.76024
           2.56385
           1.01429
          -1.06948
          -0.36283
          -0.97959
           0.97423
           4.38343
           1.06924
           0.25099
           1.56107
          -2.81654
           0.96030
           6.09324
           1.54238
           0.25679
          -0.75104
           6.15994
          -3.21557
           2.92265
          -2.80130
          -1.12416
          -2.66983
          -0.77918
           0.24662
           0.83290
          -0.61325
          -2.31005
           0.15404
           1.10774
          -2.82558
          -5.56372
           1.82432
           4.39398
           2.30008
          -2.03254
           2.28506
           2.96100
          -3.90824
          -2.62235
           1.66713
           2.48332
           3.80133
           2.34823
          -4.59998
          -1.89818
           0.78051
           1.98011
          -0.88630
           0.86167
          -0.05925
          -1.57705
          -1.80747
           4.14905
          -5.37692
           0.33366
           1.30618
          -0.51045
           4.76973
          -0.18883
           2.19017
           2.12436
          -0.68450
           2.79500
          -0.94946
          -0.88407
           3.34003
           2.63543
          -0.01954
          -3.21195
           0.03477
           1.90202
          -3.24881
          -5.42831
          -0.86650
           2.39491
           0.89326
          -4.10476
           1.54978
           2.81962
          -1.27530
          -0.14676
          -2.85685
          -0.32625
           3.71425
          -0.26313
           3.93899
           2.99092
           3.65880
          -1.19169
           0.75092
          -0.77859
          -1.68307
           0.48866
           5.06447
          -4.76970
           4.06654
          -1.80209
          -2.23101
          -1.73117
           1.25915
           0.36268
          -0.25945
          -1.33583
          -0.86598
          -0.72473
           1.25820
           4.06790
          -0.32213
          -0.85891
          -2.69619
           0.09870
          -3.13392
           0.35696
           1.25516
           0.18869
               NaN
           4.54506
          -6.11440
           1.20411
          -2.82748
          -2.00215
           0.50909
          -0.28159
           3.46426
           5.47389
          -3.48554
          -1.34954
           2.42780
          -2.88583
          -2.05652
           1.93380
          -1.49752
          -2.78587
           3.60795
           2.67441
           3.55370
           1.12302
           6.59599
           0.78335
           3.79971
           3.88687
           1.38032
           3.37784
          -1.71172
           4.43471
           3.04042
          -5.07077
          -5.87376
          -1.78378
           0.35958
          -2.23052
          -2.54195
           2.73095
           1.97165
           0.72890
          -4.20064
          -1.68263
          -2.43845
          -4.09737
           4.34275
           3.78252
          -0.39611
           3.62776
           0.77182
          -0.25212
          -4.38228
          -0.85901
          -2.06104
          -1.16280
          -3.11800
          -3.03560
          -0.62985
           6.37466
           0.04861
           2.78164
          -2.06075
           2.49978
           0.97798
          -2.72497
           2.85097
          -1.21911
          -2.67401
          -2.01606
          -0.17258
           3.32652
           0.77625
          -1.10566
          -1.02876
          -0.35245
          -1.07965
           2.66047
          -1.33633
           0.13961
           4.28644
          -2.25949
          -1.69400
          -0.15284
          -0.77220
          -5.36962
           1.12590
          -0.35973
          -2.82372
          -2.13128
          -3.22908
          -1.39115
           3.95784
          -0.84098
          -0.63173
           1.12458
           2.74230
          -0.07508
          -1.11619
           1.43075
          -3.99419
           3.91676
          -3.32891
           2.12886
           0.79460
           5.37648
           2.34901
           1.34669
          -3.55377
           0.93645
          -0.01818
           2.85590
           3.33851
           4.32762
          -1.83180
          -2.64626
          -5.75803
           0.26647
          -1.44353
          -1.87838
          -0.24043
          -2.15958
           3.65237
               NaN
           2.00220
           2.85243
           0.27959
          -0.94673
           1.06219
           5.23504
          -1.62634
          -2.28386
           0.55556
          -1.01803
          -0.37606
           1.36084
           2.14140
           1.92449
          -2.02780
           2.38795
           0.83504
           5.16457
           4.20579
          -3.08004
          -0.40696
           2.36281
          -0.58817
          -1.24741
           3.52829
           2.16334
