           8.84398
          -0.75634
          -9.31851
          -0.73717
          14.62470
         -11.74940
          16.30313
           7.55021
          17.23234
          -6.63285
         -10.95620
          18.57791
          -4.28339
          -1.05283
           8.12668
           9.80639
          17.53878
           0.11098
           5.90265
          -8.72029
           4.33894
          -2.92468
           1.42062
         -12.58579
          -5.56538
           8.32487
          -1.13109
          -0.28282
          -2.43110
           1.29028
          -5.10097
          10.97463
         -14.37687
          -3.09053
           8.94616
           6.78992
          -1.99413
          -2.31962
         -10.95295
           6.22938
           1.96444
           1.06577
          10.65654
           3.74929
          -4.78930
          -6.07036
          -1.45091
          -8.76443
          -7.87514
           4.63311
         -16.76058
           3.62425
          11.80652
          -4.05706
          13.05321
          -8.39474
         -14.15522
           8.72966
           7.92435
          -0.85202
          10.41359
          -3.58557
          -4.27907
         -10.58618
           4.89377
           0.30019
           9.72881
          -4.57699
         -10.61981
         -11.43501
           5.01459
           4.48569
           1.48156
           8.17076
           5.00017
          -2.60955
          11.53112
          -3.93330
           2.21057
          -4.68500
          -0.11203
           0.17311
           0.94472
         -10.45763
          -4.98859
          -5.11178
          -3.93867
           2.26237
           5.65790
         -12.79222
           2.53119
           5.61764
           2.66505
           2.03317
           1.53216
          11.35904
           8.07440
           3.86912
           2.73890
           2.24391
           0.82419
          10.66537
           4.49657
         -15.00156
           4.10162
           1.06935
           0.82733
          -5.88870
         -14.93281
          -3.12828
           0.84859
          -2.83224
          20.33263
          -1.98731
          -0.74698
           3.80970
          -0.06784
         -15.64033
           4.97771
          -6.74389
          10.12627
          -8.75360
           6.63780
          -1.74415
           5.40583
          -2.35138
          -5.43100
          -0.08143
          10.94631
           7.98122
         -10.27219
           2.07749
           3.61004
         -17.81557
           3.56035
          -1.18292
           4.26570
          -0.30084
           3.36036
          13.34750
           1.97160
          -8.40630
           5.82255
           6.30002
         -12.41479
         -11.62424
          -3.49465
          -3.09519
          -3.32207
          10.91281
          -9.85917
           3.65787
          -2.75290
          13.41750
           3.24620
               NaN
          -8.20861
           1.07924
           1.25676
          10.48819
          -2.31683
           1.64548
           1.00219
           8.26102
               NaN
           0.73024
           1.91671
          -8.93480
          -6.91621
          -5.69048
          -5.03662
          -5.43931
           9.85738
         -15.15573
          13.50094
           2.39820
          17.34364
           4.87159
          -7.27198
          -2.52146
          -5.88777
           6.49145
          11.65156
           8.57533
          -2.65314
          -3.76125
          -6.66902
           0.03563
           3.46893
           8.24670
           6.55176
          -5.35176
           3.32745
           4.44590
           9.87899
          11.62260
           1.98663
          -7.90162
           6.24388
          14.68739
          -8.41908
           4.96260
           4.14062
          -3.83234
           6.58095
          -6.57392
          12.35430
          -5.14909
           5.81778
          -1.59707
          -3.13905
          13.24245
           9.40621
          -4.21417
          11.69782
           8.83614
           5.82921
          -5.14549
          14.06652
          -0.07463
          -1.00273
          -5.08586
          -1.17603
          -1.63556
           8.23841
          -0.97482
          -8.81405
         -16.96314
           3.35598
          13.73972
           4.05794
          10.85790
          -4.96600
           1.33583
          -0.10278
          11.51033
          -4.52873
         -16.43778
          18.07234
           4.57131
          -0.10867
         -11.74344
           3.69689
          -7.56409
          -0.72092
           8.37727
          10.53335
         -10.33173
          -1.41619
          -8.37261
          -9.17579
          -2.34475
           3.45907
           9.45269
           7.89876
           7.00108
          -2.98969
          10.17215
           2.64355
           1.40798
          -0.80851
           6.02009
          -0.35273
          -1.79671
           1.23540
         -11.28938
           8.93637
           5.77252
          18.11182
          11.54853
           3.11927
          -6.78191
          11.65918
          13.92102
           0.14292
          16.24252
           6.90192
           1.96901
           9.00212
          14.81015
          12.40212
          -4.46930
          -3.44534
           5.96871
           7.86268
          -9.45432
          10.56118
          -8.62031
         -18.64454
          15.29665
          11.72370
          -7.05220
          -5.00197
          -8.41660
           1.17685
           6.18679
           6.64136
               NaN
           4.12209
           6.06470
          -1.89522
           9.07811
         -12.04753
           2.93260
          -1.07162
          12.25790
           1.49987
          -1.98600
           0.41503
           7.99317
          -9.12463
         -11.00405
           9.60827
          -6.37925
           4.87350
          11.77129
          -0.01402
          -3.77343
          -5.86237
           3.15765
          11.12287
          -5.19324
          -0.77414
          11.17688
           3.21468
          -8.29677
          18.26861
          -1.34741
           6.81376
          -4.44211
           4.57122
           6.11421
           9.30825
          -4.98661
           4.34348
               NaN
          13.19749
          -0.19571
               NaN
           8.48038
         -11.13624
          -2.26131
          -2.44573
          13.32618
           6.26176
          -2.59069
           9.16173
          -1.16673
           7.08626
          -0.46617
           0.89839
          -6.35185
           3.78585
          -9.08239
           4.59494
          15.54961
           1.44529
          -2.56273
           3.28506
          14.99193
          -0.74810
           3.23415
          -4.34236
         -10.63005
          -3.68054
           7.78680
           0.18363
           3.99432
           6.31426
          -5.37141
           1.60643
          -0.40086
          -6.19470
          -2.60910
           8.47068
           0.77564
          -0.49282
           0.56246
          -4.94743
           0.77774
           2.37640
          -0.55343
           2.19152
           4.37379
          -0.51903
           8.31340
           3.45184
          -5.69477
           5.62449
          -8.81216
          12.66242
           2.99566
          10.39097
          -2.00691
          -3.06220
           7.68092
          -7.24402
          -3.10379
          -2.64607
          -7.18094
          -4.42307
           7.33849
          -1.55660
         -11.84678
           4.65441
          -4.19792
          -5.89352
          -4.43544
          -5.34580
          13.10570
          -0.72345
          -1.37411
           7.07053
          -4.78059
          -7.74671
          -0.31407
          -3.04597
          -1.25448
           4.74666
         -15.13315
          11.51329
          -7.51578
           1.11666
          -4.71781
         -15.14963
           9.51339
          -3.16095
           4.89535
           0.85535
           1.76632
           7.81191
           6.31445
          -3.67735
           0.09404
          -2.04325
          -4.49619
          -3.47425
          -7.06705
          -2.89865
           2.96633
         -11.50803
         -13.78812
           4.79242
          -4.85608
          -2.04397
          -0.53805
           6.39226
           8.81658
          -2.41706
           0.11320
          15.02212
          -1.78836
         -16.29522
           2.25338
           2.33117
           7.33407
          -2.13369
          -5.16091
          14.23529
           1.17049
           5.30185
           8.22271
          14.87903
         -10.51908
          21.60116
         -13.80776
         -11.94850
          -8.71016
           6.76579
           7.64826
          14.40125
          -1.43009
           6.79540
           5.95214
           6.32898
           2.23914
          -2.11686
          14.93149
          -7.81970
          -0.14275
          -6.99222
          -4.55771
          -6.10148
         -12.55620
          -1.68607
          16.77842
          11.28063
           3.20609
           1.85379
           3.15845
          -6.59565
           7.76012
           7.89258
          -7.36947
          -6.85677
          14.69412
          -1.57945
           5.32677
           4.08435
         -12.33668
           1.10345
          -2.56537
           4.58420
           3.93418
         -11.34416
          -2.81842
          -7.22977
         -10.97951
          -2.94057
           1.79309
          -7.45398
           3.51797
          -4.51785
          -3.26099
           0.98576
           4.26296
          -6.92946
          10.78188
           6.64202
           1.12130
           1.10993
          -9.82824
         -11.94795
           1.42609
           4.75652
           6.61304
          -4.46642
           8.42416
         -12.15871
          -0.01765
          11.95976
          -6.33218
          -1.28314
           4.74768
           4.49822
          -9.00089
           7.10289
           8.33289
           5.38839
          -7.26328
         -10.10495
           8.49463
         -10.23464
          16.51262
          -8.57542
           3.54997
          -0.39623
           0.47547
           1.04434
           8.59491
           2.95623
           7.62879
          10.36668
           0.47020
           6.59592
           4.19945
          11.14128
           7.50388
           0.58947
           5.65648
          -9.76896
          -3.40638
           6.20773
           8.90365
          -0.96450
         -12.66899
          -1.65486
          -3.77198
          -4.88878
           0.32402
         -14.76567
          -2.77799
           6.34953
           1.34586
          -5.47792
          -0.46856
          -6.56489
          -8.62381
          -4.98353
           3.21976
           4.02351
           2.58900
           5.62219
           3.95975
           0.07539
          -3.05111
          -3.72180
          17.35675
           1.31824
           8.08253
          -4.05171
          -2.43306
           6.91650
           3.26986
          10.69984
          -7.37468
          -2.48699
          -7.51696
          -0.07889
           9.49076
          -2.56862
          -3.14187
         -10.23001
          -7.27548
           9.53574
          -6.08914
         -10.68582
          -7.87846
           2.87894
           9.17742
          13.12853
         -11.77378
          -6.34180
           9.05771
          -5.98575
          -0.97013
           0.89636
          -1.90741
          -8.27552
          -0.29414
           3.10591
          -5.37287
          15.43179
          -0.52277
           2.18104
          10.29714
         -12.21443
           6.90083
          -2.70191
          -6.01164
           1.73177
           6.89493
          11.26255
          -2.76202
          -3.63909
           4.92486
           9.29553
         -10.35714
          -3.84207
          15.67622
          -0.94998
          -9.55028
          -0.49125
         -12.39126
          -3.64790
          -1.76448
           9.05240
           1.48680
               NaN
           7.71748
          -0.11993
          10.00919
           7.62967
          -1.68734
          10.06780
           8.07101
          -9.42403
         -13.75250
          -7.36288
           3.22690
           3.85250
          -2.71959
          15.20646
           2.64008
          -9.48682
          -6.34017
           5.69412
          20.11693
          -6.40679
         -19.20662
          15.05937
           1.18908
           5.75816
           0.01202
           5.94679
           7.66029
           4.05755
           5.16339
          10.76817
         -17.80222
          -9.29181
          -4.21990
           2.68997
          -3.86329
          -0.44940
           3.96413
          -3.32602
          -7.71569
           3.41346
           2.10788
          -2.75840
          -3.64930
           9.44838
           5.39421
           6.08363
         -11.02844
           4.16913
          -9.21889
          -2.36416
          16.81769
           1.10545
          -1.62320
           1.00176
           2.98701
           3.23408
          -1.35808
           4.63200
          -2.90663
          -5.38115
           2.02593
         -10.17111
           3.88284
          16.52115
          12.39777
          -0.80842
         -10.70914
           6.33822
           1.68423
          -0.41462
           2.15822
           4.88289
           4.69810
          -8.09695
          -0.03377
           4.21727
          -8.69005
          12.54061
           5.38511
           6.37292
           8.68461
           1.26823
           5.59083
          -0.74151
         -12.65846
           5.09391
           1.08940
          -0.68687
           9.37741
          10.17868
           9.56117
           9.80515
          -5.64660
          -2.47926
          14.33187
          -4.43156
         -15.53767
          -4.98426
          -5.21105
          -2.12912
           5.21790
           7.40326
          -2.59781
           3.44205
           4.95599
          -3.26431
           5.14668
          12.20997
         -12.41398
           1.96354
           4.59681
          15.96858
          -7.68590
          -4.89194
           1.62578
           6.03506
          -3.34052
           5.74518
           5.05166
           7.53482
          -5.41942
          -3.36515
           3.89095
         -12.99073
          -4.24223
         -11.63629
          12.20118
          -3.79971
          14.67298
         -11.55472
           1.90224
          -5.69141
           8.75827
           4.82803
         -13.48832
         -13.43672
         -12.73398
          -5.27211
          12.90135
           4.87584
          -1.80141
           6.20027
          -9.62963
           0.68046
           2.03095
          -3.91449
           5.37323
          13.66798
           2.31296
           5.03297
          16.85404
           4.36851
           8.86304
           4.21285
          15.12025
          -1.24627
               NaN
          -5.30506
          13.59568
          -0.08975
           5.18427
           0.49505
          13.91388
          12.59731
          -4.02324
           3.03981
          -2.70796
           1.10200
          -5.35736
          -8.32312
           4.98044
           3.10153
          -4.25761
         -13.13470
           2.57828
           2.14725
          10.84812
          -7.39002
           3.79781
           0.59838
           4.46363
           1.46268
          -3.80452
           6.82842
          -8.73891
           2.39022
           3.36198
           8.98608
          17.31213
           3.94718
           0.28777
          -7.62396
           0.19635
           8.35587
          -5.08895
          -1.16476
          11.28471
           1.24932
          14.98070
          -2.24683
           6.07848
          -3.07560
          -4.06460
          20.16845
          -4.72789
          -1.87505
          -1.06651
           2.68595
           6.36053
           1.93483
          -4.87614
           0.36515
          -4.28473
          -3.28729
          -7.97471
          -0.05294
           2.46442
           2.52923
          13.20685
           5.21057
           0.90792
           9.62629
           6.64038
           5.77255
          -8.98813
          13.48892
           7.81956
           4.91322
           3.86780
           5.38213
          -1.42002
          19.05348
          -7.84484
          -8.10120
           4.83505
           6.33440
          13.68179
          10.05401
         -10.02335
          -1.05707
          19.76805
          -6.53779
          13.30879
          12.28990
          13.29903
          -6.21493
           9.11544
           3.60386
         -14.87817
           5.80214
          -5.07519
           0.06713
          10.75071
          -3.66879
           5.39093
          13.52527
          -0.30813
          10.45293
           1.07013
           5.65976
           4.18003
          -5.55149
          14.73968
           0.59601
          11.04863
           3.87428
          -1.30642
           5.34593
           4.56737
           6.11692
          15.39297
         -10.30481
           0.78329
           3.40087
          -4.85996
           6.25168
          -5.18238
           6.51960
          -8.44195
          10.22750
           4.34273
          -8.16399
          -2.70592
          -3.85448
          -9.07917
          -6.47973
          -1.55600
          -3.56091
          -0.06836
         -10.25739
          -1.87799
          -7.05024
           0.81881
           4.74636
           0.25159
           5.03024
         -11.19768
          -3.96780
          -3.60732
           0.43250
         -11.97537
          -7.71539
          -6.80966
           7.90372
           3.71603
          19.40302
          -4.50361
           0.75496
           2.53612
         -11.42015
          -8.15064
          -0.36308
         -15.14390
           8.50233
           0.01295
          -0.24514
           7.01983
           2.69031
          -3.59381
         -14.73348
          -4.23885
          11.08091
           1.76941
           0.76029
          -5.83020
          -7.63143
          -2.39057
          -1.39405
           4.23941
           5.50025
           6.63914
           1.90604
          -7.06717
           2.25065
         -17.21761
           1.58710
         -16.78744
           6.28456
          11.61804
           0.13276
         -15.20395
          -5.13677
           8.77447
           6.46073
         -10.09206
          -0.80941
          -6.04469
         -12.95796
           0.58267
          -4.24684
           5.25486
          -0.72617
          -1.67525
          -0.80875
           0.30184
          -1.09728
          -1.31950
           1.09311
          -1.13056
          -1.19779
           1.32283
          -1.16387
           1.94234
          -1.09293
          -1.21425
           0.93336
           0.18378
           0.51002
           0.68172
          -1.58699
           0.06474
           1.53830
           1.09161
           0.14962
           1.61853
           0.52123
          -0.57388
          -1.72545
           0.66505
           0.32718
           0.47391
          -1.14274
           2.23782
           0.02388
          -2.06562
           1.54358
           0.88779
           0.23220
           0.16398
           0.10783
          -0.76460
           1.03052
          -1.40778
           0.71376
           0.22583
          -1.89251
          -2.09214
           0.80425
           0.59768
           1.05902
           0.26041
          -0.11773
          -0.49115
           0.32565
           0.37500
           1.02058
          -0.52168
          -0.54596
          -0.67718
           1.56949
           0.94235
          -1.23072
          -1.00179
          -1.72709
          -0.84403
           2.18722
          -0.94974
          -1.23261
          -0.51108
           0.24203
           0.77939
          -0.44766
          -0.93614
          -0.22393
          -0.17399
           2.12106
           0.14997
           0.54048
           0.86473
          -1.30721
          -1.80770
          -0.09466
           0.91285
          -1.16044
           0.39183
          -0.62214
          -1.54176
           0.39484
           0.20883
          -1.50446
          -1.67704
           0.66623
           0.49892
          -1.08675
          -0.76630
          -0.96700
           0.62078
           0.26200
          -0.89865
          -0.96457
          -1.08039
           1.55756
          -1.27174
           0.78926
           0.76597
           0.92209
          -0.51498
           0.41167
           2.17425
           0.42525
          -1.02880
           0.28332
           0.35787
          -0.14980
          -1.90765
          -1.22143
          -0.69009
           0.16587
           0.52984
           0.48545
          -0.29165
           0.19376
          -0.65190
           1.66404
           1.15078
           0.50292
          -1.32175
          -0.34508
          -1.81691
               NaN
          -1.55866
          -0.41212
          -1.33547
          -0.72364
          -1.03622
          -0.61783
          -0.66190
          -1.38027
          -0.47417
          -1.81049
           0.07023
           1.55575
           0.63510
           0.51333
          -0.06734
          -0.10071
           1.82709
           2.04889
          -0.79989
          -2.41088
          -0.27421
          -1.36314
          -0.11817
           0.81550
           0.47342
           0.80451
          -0.45518
          -1.68589
           0.11903
           0.59429
          -0.68201
          -0.09044
               NaN
          -1.68879
          -0.08189
           0.81378
           0.14066
          -1.03966
          -1.45494
           0.26697
          -1.86231
          -0.30263
          -1.44294
           1.26273
          -1.03900
          -1.47084
           1.17093
          -1.29659
           1.14479
           0.04044
           0.78458
          -1.12664
           0.53006
          -0.06855
          -1.50756
          -0.20639
          -0.66090
           0.61285
          -1.33593
          -0.28445
           0.41450
           0.30494
           1.75458
          -1.21942
          -0.56592
           1.16018
           0.98505
          -0.37677
           1.67393
          -0.66661
           2.04524
          -0.13467
           0.18235
           0.10838
          -0.64466
           1.19300
          -1.60227
           0.66266
           0.87538
          -0.02475
          -0.51252
          -1.75823
           0.39042
           0.23753
          -0.50701
          -1.81057
          -0.25801
           1.90647
          -0.82495
           0.71200
          -2.24289
          -1.19727
           1.62447
           2.62794
           0.14121
           0.06221
           0.41018
           1.41838
          -0.72834
           1.61767
          -0.79716
           0.60280
           1.19153
           1.32177
           1.03172
           1.08974
           1.25513
          -1.11186
          -0.53442
          -0.08413
          -0.34954
          -0.27207
           0.94310
           2.11830
          -1.49413
          -0.18677
          -1.61323
          -0.34319
          -0.47734
           0.85620
          -0.85238
           0.87552
          -1.84949
           0.31434
           0.90129
           0.42247
           0.82492
           0.18544
          -1.26327
           0.98166
          -0.46408
           2.27355
           1.01835
           0.35878
           0.17885
          -1.36295
          -1.27931
          -0.47306
           0.47251
           0.79904
           0.23921
           1.19265
          -0.98168
          -0.65630
          -0.44272
           1.25241
           0.97652
           0.74776
           0.11927
          -0.95969
          -1.84589
          -0.21552
          -0.39678
           0.21976
           0.71764
          -0.37631
          -0.96726
          -1.36478
          -0.82098
          -0.02179
           0.07217
           0.00316
           0.69287
          -1.08167
          -1.55372
           0.14821
           0.43643
           0.72958
           1.48031
          -0.38089
          -0.02157
          -0.31368
          -0.36572
           0.36934
          -0.18539
          -1.92366
          -0.72166
          -0.55446
          -0.86697
          -1.40172
          -1.24120
           0.44786
           0.03817
           0.57608
           0.03713
           0.27553
           0.57074
          -0.87965
           0.90078
          -0.44196
          -0.98092
           0.04618
          -0.73422
           0.58181
           0.75409
           1.39657
          -0.32435
           0.68191
           0.88239
           0.41421
          -0.53824
          -1.01087
          -0.25894
           0.30512
           0.95282
           1.18644
           0.22706
          -1.23091
          -0.39804
          -0.60619
           1.59262
          -0.77709
           2.12551
           0.53267
          -1.32632
          -1.67903
           1.45189
          -1.08905
           1.54544
          -0.96507
          -1.07447
          -0.22492
           0.00294
          -0.02031
          -0.06909
           0.91080
          -0.27474
          -1.37737
          -1.35840
          -0.89788
           0.20531
           1.96372
          -1.91889
          -0.81429
          -0.93799
           0.01322
           0.84713
           1.53930
          -0.41097
          -0.68888
          -0.40616
           0.80571
           0.01239
          -1.36610
           0.54730
          -0.00125
           0.26215
           0.18110
          -0.58677
           0.18256
          -0.58608
           1.25848
           0.12624
          -0.74677
          -1.07593
          -2.84307
          -0.46604
           0.31345
           0.54851
          -0.23330
           1.82882
          -1.48816
          -0.70382
           1.73131
           0.76621
          -1.07364
           0.93295
          -0.49549
           0.41221
          -1.10647
          -1.89032
           0.94487
           1.04791
           0.27747
          -0.73342
          -0.63078
           0.05832
          -0.39125
          -1.49481
           1.05067
          -0.38494
           1.75617
           0.77417
          -0.81447
          -0.90543
          -1.36839
          -0.72270
               NaN
          -0.97210
           0.42613
          -0.51330
           0.35535
          -0.81676
           0.22651
          -0.35813
           0.89331
           1.13376
          -1.52306
          -0.95088
          -1.69992
          -0.14071
           0.55134
           1.25092
          -0.00007
           0.43535
           0.16211
           1.25765
           1.06959
          -0.08509
           1.40249
           0.76401
          -0.08680
           2.31670
           0.82930
          -0.84350
          -0.65456
          -0.81775
           0.78333
           0.57832
          -0.33869
           0.87301
          -0.34272
          -0.68192
          -0.50500
           1.23260
          -0.01949
           0.24950
          -0.12081
           0.28873
           0.92066
           0.01726
          -1.13766
           0.26810
           0.40859
          -0.46026
          -2.25939
          -0.00904
          -0.96814
          -2.16714
           1.21315
          -0.15112
           1.28410
          -1.46365
           0.23802
          -0.02180
           0.08871
           0.20643
           2.31066
           2.52822
          -0.73145
           0.15397
           1.76147
           1.10711
          -0.41958
           1.65074
          -1.56245
          -1.74382
           0.65653
           0.04964
          -0.91873
           0.86320
           1.34546
          -0.62807
          -0.54127
          -0.21785
          -0.34496
          -1.43195
           0.95049
           1.75949
          -1.20369
           0.05296
           1.63550
          -0.50935
          -0.22798
          -1.79523
           0.88001
          -0.22907
           0.33604
           0.58486
          -0.42045
           0.78315
          -0.17485
          -0.88818
          -1.30974
          -0.07330
           0.80826
          -0.57753
          -0.99970
          -0.76091
           0.92859
          -1.88743
          -0.29343
          -0.57681
          -0.08180
          -0.05139
           0.24136
          -1.27940
          -0.59694
           1.64440
           1.07981
          -0.41991
          -0.99000
           0.15070
           0.39248
           0.96469
           0.62085
          -1.33201
          -1.87126
           0.07246
          -0.29522
           0.22668
          -0.63542
           0.10515
          -0.75109
          -0.07314
          -1.73269
          -0.84467
           0.51608
           0.24393
          -1.31341
          -0.16749
           0.48871
           1.79000
           0.09608
          -1.09074
           0.46933
           0.76056
          -0.05685
           0.43266
          -0.73803
          -2.10261
           0.55297
           0.59481
          -0.13561
          -0.65536
           0.61639
          -1.03028
          -1.11871
           0.03569
          -0.31273
          -0.93598
          -0.61213
           0.36344
           0.28222
           0.75153
          -0.94412
          -1.28277
          -0.26739
          -0.05179
          -0.75607
          -0.56583
           0.14370
           0.64015
          -0.18207
          -0.00160
          -0.77918
           0.74482
           0.48631
          -0.67973
           0.34106
          -1.94969
          -1.17434
          -0.15015
           0.12803
          -1.30380
           0.47529
           1.07386
           0.59681
           0.25536
           0.93749
           0.55168
           0.35360
          -0.91859
          -0.20358
          -0.70619
          -1.91263
          -0.71186
           1.23396
           0.98875
           1.29965
          -0.21195
           0.17093
           0.04258
           1.67952
           0.73798
          -0.76371
          -0.07780
           1.86497
           0.23527
           0.67528
           0.97284
           0.39760
          -0.47721
          -0.22667
           0.44782
          -0.46254
          -0.29437
           0.93681
          -1.07715
           0.75371
           0.89461
           0.99369
           0.17421
          -0.86605
           0.64559
          -0.67343
          -0.77625
           0.34997
          -0.38194
           0.87376
          -1.93804
           0.68999
          -0.48564
          -0.12557
           0.51682
          -0.58416
          -1.67173
          -0.39227
          -0.29601
          -0.52794
           0.31600
           0.88627
          -0.63037
           1.94481
           0.31657
          -0.12856
           0.55691
          -1.00340
           0.80727
          -0.13547
          -1.52849
          -0.60927
           1.14334
           1.34441
           1.48050
          -1.54871
           1.15401
           1.42337
           0.02681
          -0.81151
          -0.58320
           0.72641
           0.54320
          -0.83358
          -1.30731
           0.23546
          -1.59007
           1.00991
          -0.50037
          -0.17511
          -2.02064
           1.89049
           0.09553
          -1.22273
          -0.58322
          -0.03289
           0.58546
          -2.19155
          -1.00236
           1.01687
           0.93924
           0.55775
           0.76912
           0.58199
          -0.79094
          -0.33597
           0.41079
           0.25069
          -0.63738
           0.83794
          -1.74456
           0.33106
           0.40114
          -1.96616
           1.18410
          -1.19715
          -2.10606
           1.81308
          -1.57780
          -1.12849
          -1.34199
           0.76564
          -0.84462
           0.03049
           1.26647
          -0.46714
          -0.45791
          -0.31813
          -0.48777
           0.21775
          -0.91271
           0.64095
           1.30683
          -1.77058
          -1.21903
           1.03615
           0.41606
          -0.93513
               NaN
           1.64505
          -0.06492
           1.60315
          -0.91718
          -1.08052
          -1.17655
           0.63098
           1.54232
           0.31493
           2.30306
           1.70542
          -0.12773
           1.21896
          -0.85020
          -1.04651
          -0.07736
           0.99986
          -1.68958
          -0.64350
           0.49430
          -0.25064
           0.42252
          -1.74999
           0.01514
          -2.02413
           2.07616
           2.21076
           0.22966
          -0.75190
           0.12307
           1.44706
           0.26856
          -0.59850
           0.74682
          -0.64964
           0.23852
           0.10213
          -1.75446
          -0.40459
          -0.36933
           0.26452
           2.51848
          -0.70032
           0.95925
          -1.30224
          -0.50215
           0.39214
          -1.48922
           0.37896
           0.77714
          -1.62963
           1.35818
          -0.60541
           0.26681
          -0.58124
           0.92410
           0.57299
          -1.30936
          -1.16152
          -0.85811
           0.17456
           0.02826
          -1.78281
          -0.38767
           1.17191
          -1.28401
          -0.23430
           1.52331
          -0.32171
           0.58335
          -0.80002
           1.53754
          -1.65026
          -0.23541
          -0.48427
          -0.14265
           2.16728
           0.61634
          -0.65996
           0.59053
           0.72857
          -1.29237
           0.24320
          -0.46603
           1.49506
          -0.92878
          -1.19909
          -1.03746
          -0.69372
           0.60708
          -0.92080
          -1.15980
           0.27505
          -1.18152
          -0.29163
           0.79875
          -1.37720
               NaN
           0.50329
           1.66921
           0.56542
          -0.98973
           0.18303
           0.08414
           1.09713
           1.24161
           1.73933
          -0.97687
          -1.02616
          -0.29245
          -0.29753
          -0.56259
          -0.22449
           0.86765
           1.08782
           0.80775
          -0.70214
           0.50265
           0.01154
           2.16573
          -0.32559
          -0.23816
          -0.51346
          -0.56310
          -0.15742
           1.20731
           0.12248
           0.01503
          -0.68848
           0.86738
           0.37416
           1.04230
          -1.19347
           0.67483
          -2.40123
           0.51540
           0.58001
           2.02052
          -1.38453
           0.63362
           1.21963
          -0.32749
          -0.31195
          -0.53711
           0.25645
          -0.90557
           0.15594
           1.30935
          -1.10909
           0.13584
           1.47242
           0.19000
           0.07796
          -0.46060
          -0.14608
          -0.57988
          -1.29832
          -1.91110
           0.43097
           0.44259
          -0.90462
          -0.59427
          -1.23812
           0.34145
           2.02146
           0.90779
          -1.53390
           1.65841
           0.20313
           0.95795
          -1.30349
          -0.19044
          -0.58384
           0.02364
          -0.85114
           0.96826
          -0.65158
          -0.68352
           1.29896
          -0.79542
           1.30280
           0.73559
          -0.88974
          -0.50123
          -0.71255
           1.52938
          -0.59597
               NaN
          -0.18181
          -1.42687
          -0.04343
          -0.05950
           0.86543
           0.19951
          -0.57045
           0.56342
          -0.43429
          -1.25478
          -0.53437
           0.41109
          -0.53430
          -0.25566
          -1.92033
          -0.25652
          -0.86190
          -0.44025
           0.25470
           0.71836
          -1.21202
          -0.08881
          -1.44050
          -0.50344
           1.25377
           1.55826
           1.18733
           1.19888
               NaN
          -0.14186
          -0.08476
          -0.60555
          -0.25911
          -0.12326
          -0.07393
           1.10854
           0.03842
           0.33702
           0.28303
           0.55039
           0.42091
           1.31571
          -0.73162
          -1.64248
           0.81604
          -0.12200
           0.57397
           0.27600
           0.91127
          -0.19358
           0.94980
           0.12734
          -1.92132
           0.01706
           1.48890
          -0.68589
          -0.51689
           0.39193
           0.92812
          -0.95177
           0.61573
           0.54934
           0.67120
           0.62924
          -0.28298
          -0.48727
          -1.34144
          -0.32429
           0.00839
          -1.02675
          -1.60166
           1.31095
           0.10198
          -0.51522
          -2.14262
           0.81124
           1.49414
           0.83478
           1.05604
          -1.69338
          -0.69720
          -0.01598
           0.63550
           0.17231
          -1.43146
          -1.37107
           0.06399
           0.16785
          -2.40879
           0.26396
          -0.22167
          -2.57757
          -2.97454
           2.99212
          -0.25914
           0.48473
          -1.04346
          -1.42447
           0.23105
          -1.11977
          -1.20613
           0.18698
          -2.18170
           1.29058
           1.00791
           1.54828
           0.09186
           2.96228
           1.35692
          -1.32106
          -1.86938
           1.70262
           1.31237
           0.21506
          -0.26442
           1.30068
           1.22224
          -2.11030
           0.16011
           0.34439
           0.07827
           0.01811
           0.52685
          -0.77338
           1.05966
          -1.25231
          -0.02737
           0.04024
          -0.58659
          -1.00846
           1.00360
           1.54623
           1.86203
          -0.20089
           1.10509
          -0.66686
          -1.17826
           0.43207
          -0.37565
           1.03771
           0.66815
          -1.53046
           0.70292
           0.71908
          -2.53276
          -0.56695
          -0.83752
           0.19692
           1.89375
          -1.11649
          -2.26322
          -0.55350
           1.64892
           1.72066
          -0.22617
          -0.84644
          -0.31706
          -0.58775
           1.76927
          -0.11605
          -0.32598
           1.17756
          -1.53860
          -1.35377
          -0.19998
           0.95404
          -1.13745
           2.55768
           0.27054
          -1.16746
           0.82939
          -0.03834
          -1.70297
          -0.11017
           0.33699
          -0.23451
          -0.58768
          -1.05183
          -0.79338
          -0.98575
          -0.35084
          -1.11910
          -0.42661
          -1.51678
           1.43082
          -2.40872
           0.34017
           1.73581
           0.89321
          -0.48741
           0.35687
           3.17099
           1.70744
          -0.65091
          -0.00881
           1.03060
          -1.83869
          -1.80800
          -1.04883
          -0.56409
           0.29905
           2.01749
           0.35751
           0.01941
          -1.20403
           0.42615
           1.07803
           1.64717
           0.46488
          -1.14634
           0.04185
          -1.68912
           2.32158
          -2.19718
           0.45269
          -1.60589
          -0.64854
           1.04084
          -0.07845
          -0.97950
          -1.63186
          -0.52834
          -1.24827
          -0.92697
           1.81709
           1.96650
          -0.10638
           0.03249
           0.97274
           2.76417
           2.36889
          -0.06080
          -1.38016
          -1.63422
          -0.41750
          -0.26756
           1.23964
          -1.27013
           0.41613
           1.97948
          -0.94924
           0.04718
           0.57884
          -2.11271
          -0.27688
           3.24713
          -2.14049
          -0.98149
           3.31350
          -0.01515
          -1.25506
          -0.63170
           1.34440
          -1.92151
           0.82599
          -1.07887
           0.23783
           0.61714
          -2.88958
           0.86392
          -2.84837
           0.30325
           1.06975
           1.50480
          -0.34916
          -0.35438
          -1.56305
          -2.76275
          -0.23337
          -0.16084
           1.37380
          -0.95747
          -0.77488
          -0.50940
           0.20796
           3.00716
          -1.48722
          -1.75009
           0.32808
          -0.27627
          -0.07833
           2.16145
          -0.77630
           0.64540
           0.64438
          -0.41142
          -0.72208
          -0.67049
           0.23733
          -1.47901
          -1.04388
           1.23350
          -0.70484
          -0.76490
          -1.20845
          -1.04939
          -0.22895
          -0.49446
          -3.26755
          -0.31899
           1.50442
          -0.05477
          -0.72173
          -2.26769
          -0.69385
           1.86840
           2.15211
           0.01984
          -0.09640
           0.00224
           2.18044
           0.46443
           1.31388
          -2.08271
           0.07853
          -0.24785
           1.10764
           0.98438
           1.26264
          -0.11678
          -0.61442
           1.64997
          -1.41474
          -0.97594
           0.12233
           1.87876
           1.68389
          -1.26188
          -0.22943
          -2.38022
          -1.58981
           0.65718
           0.64598
           0.04436
           1.63209
          -0.93392
          -0.12682
           0.21650
          -0.33815
          -0.18558
          -0.19976
          -2.15967
           0.22947
          -0.24115
           2.09269
           0.03377
           0.68566
          -0.12789
          -1.79280
          -0.32745
          -1.51009
          -0.59651
          -1.25270
          -1.31214
           0.86328
          -0.00509
          -1.72468
          -1.02401
           1.54996
          -1.24350
           0.50966
           0.18756
          -1.54702
          -3.44982
          -0.70311
          -0.29236
           0.50813
           0.18752
          -1.31616
           0.33293
          -2.33936
          -0.06229
           2.29141
          -1.27509
          -0.61093
           1.65501
          -1.04240
          -1.00499
           0.27250
           0.07061
           0.33042
           3.01495
          -0.29066
          -0.55541
           0.26859
          -1.62465
           1.67346
           0.40676
          -1.29596
          -2.25524
          -0.68346
           0.47089
          -1.38040
          -2.33981
           1.89976
           1.14887
          -0.42387
           0.61322
          -0.46274
          -1.07354
          -1.27494
           0.85632
           0.12667
          -1.33944
          -0.91025
          -0.55585
           0.86678
          -0.15878
           0.86606
           1.07916
          -1.20821
           2.15767
          -0.41173
          -0.22832
          -1.92403
          -0.51820
          -0.74835
           1.64464
           1.19738
          -2.06642
          -2.78462
          -0.57919
               NaN
           0.48622
           0.09045
           2.02356
           0.59138
          -2.49412
          -2.53657
           1.90808
          -1.87773
           2.26063
          -1.18465
          -1.13613
          -0.28541
           0.96485
          -0.73831
           1.10932
           0.38136
          -1.98252
          -1.29940
          -1.42433
          -1.36560
          -1.57798
           2.46969
          -2.24061
          -0.35567
           0.21460
           0.20250
          -0.13370
           1.60945
          -1.12613
          -0.53765
           0.31655
           0.95437
          -0.07980
          -0.86574
           1.31971
          -0.71551
          -0.06280
           0.58541
          -0.47875
           0.46079
          -0.82060
           0.55115
           0.02571
          -0.21757
          -1.24603
          -2.75016
          -1.58306
          -0.19249
           1.30851
          -0.69091
           2.70944
          -2.11642
          -0.51969
           0.27158
           0.51074
          -0.67088
           0.06614
           0.53738
           0.60567
          -0.85779
           0.19218
           1.46368
           0.64106
           0.22908
           0.17095
          -0.88296
          -0.08853
           0.07915
          -1.48284
           2.35929
          -1.85893
           1.67762
           0.83152
          -0.63598
          -0.91387
          -0.96755
          -0.90511
          -3.35406
          -0.60261
          -0.29337
           1.73765
          -1.13047
          -0.11707
           1.07000
           0.24773
           2.17775
          -0.36939
          -1.41519
          -1.86344
          -1.02668
          -0.02214
          -0.49585
           0.67022
           0.02130
           0.21703
           0.92795
           1.88875
           1.23995
          -0.00165
           1.39743
           0.44476
           1.67881
               NaN
          -0.18703
          -0.31336
          -1.24316
          -0.99465
           0.19558
           0.22409
          -0.30768
           0.71431
          -2.48916
          -1.03418
           0.66747
           0.81288
          -0.85272
           0.08341
           0.48594
           1.33280
          -0.41124
          -0.53193
          -1.92929
          -0.37416
          -0.90498
           0.27392
               NaN
           1.60720
          -0.38408
          -1.27226
           1.15096
          -1.12715
          -0.57064
          -1.55699
          -0.42905
          -0.25326
          -0.26503
          -0.39331
           2.59253
           1.55654
           0.51151
          -0.01081
           2.81989
           1.85986
          -0.03365
           3.04094
          -1.38036
               NaN
           1.32771
          -0.66376
          -0.93135
           1.03541
           2.05264
          -1.74856
          -1.54603
           0.67964
           0.41156
          -2.72362
           1.73458
           0.70913
          -1.31102
           1.33499
           1.08404
           0.60374
          -0.64999
          -2.04398
           2.51887
           0.77020
           1.43870
           2.47841
          -0.38885
          -0.03053
           0.22447
          -1.78756
          -1.27855
           1.06207
           0.82921
          -1.28883
           0.06544
          -1.73953
           0.96177
          -2.24825
          -0.15619
           0.44321
           1.38800
           0.10144
          -0.66379
          -2.13673
          -0.17923
           0.65604
           2.42959
          -0.74018
          -2.09208
           1.22084
           0.46391
          -0.04455
          -0.07777
          -0.16934
          -2.83923
          -0.90534
          -1.04345
           0.69168
           0.78292
          -0.14067
           0.39279
          -2.04596
          -0.87961
          -0.62367
           0.85801
           0.58706
          -1.85425
          -0.87320
           0.07841
           0.64290
          -0.78191
          -1.38891
           0.16296
          -0.30013
          -1.04095
           0.43986
          -0.39197
          -3.16979
           1.58091
           0.97296
          -0.32739
          -1.27027
           1.25346
           0.53496
          -0.71936
           0.89363
          -0.32265
          -0.24848
           0.78832
           0.49594
          -0.30564
           0.79189
           0.14164
          -1.43844
          -0.10075
           1.04114
          -0.66581
          -1.22629
          -0.68069
           0.49473
          -1.14983
          -0.36085
          -0.65445
           1.56909
           1.11907
          -2.51170
          -0.03142
          -3.29721
          -0.65189
          -0.36531
          -0.29985
          -2.17721
          -1.15857
           1.71998
           0.92931
           0.93815
           0.73238
          -0.98644
           1.25070
          -1.16499
           1.41346
           0.30320
          -2.56352
          -0.25679
           2.52247
           1.59005
           1.46686
          -1.61850
          -0.93763
           1.03410
           2.07904
          -0.14208
          -0.00470
          -0.27827
           1.65210
           0.11108
           1.32966
           1.00068
           0.25186
          -0.28475
          -2.35882
           0.98989
          -0.99067
          -1.67104
           1.85408
          -2.02943
           0.52241
           2.17356
           1.26938
          -0.32871
          -2.50829
           0.35876
           0.37981
          -0.87899
          -0.14083
           0.58311
           1.04607
               NaN
           0.27635
           0.56468
           0.72022
           2.02297
          -0.08953
          -0.79789
          -1.54942
          -0.26082
           1.01362
          -0.65435
           1.21627
          -1.32574
           1.12154
          -0.12549
          -0.67683
          -0.78889
           0.14835
           2.36588
           1.13889
          -2.53978
          -1.14573
           1.45734
          -0.44375
           1.00800
          -0.27284
           2.27589
           0.61042
          -1.36211
          -0.02453
           1.26282
          -0.59403
           0.13595
          -1.97216
          -1.49029
          -0.70819
          -2.22468
           1.29129
          -1.56394
          -0.98118
          -0.39255
           2.88570
           0.41477
          -1.50783
           0.22248
           0.10918
           0.35382
          -1.91130
          -0.29406
           0.86003
           1.05616
           0.92464
           1.22448
          -0.43972
          -1.38268
          -0.62043
           1.22784
          -0.33251
           0.43341
           0.88532
               NaN
           0.09228
           0.46280
          -1.30526
           0.66888
          -1.61780
          -2.22023
           0.88875
          -1.35262
          -1.33881
          -1.85386
           2.23827
          -1.60239
          -1.86583
          -0.44163
          -0.54986
           1.44314
          -1.10946
          -0.16410
          -0.06143
          -0.90158
          -0.10274
           0.42943
          -0.90139
          -0.67653
           0.52642
           1.09164
          -2.25393
          -3.29422
           0.32567
          -0.89740
           1.96653
          -1.38811
          -1.04895
          -0.13670
           0.07936
           1.87695
          -0.19192
           0.70432
          -0.04151
          -0.07997
           0.12952
           0.06974
          -0.68452
          -1.52537
           1.09437
           0.12710
          -0.38734
           1.37879
           0.24758
          -0.13756
          -2.82020
           0.92951
          -2.19282
           1.14300
           2.91511
          -0.73659
          -2.02137
           1.78409
           0.77238
           0.68496
          -2.35839
           1.97189
           0.23954
          -0.24583
          -0.56733
          -1.51273
          -0.61602
          -0.64866
          -0.17604
               NaN
          -0.27908
           0.10562
           0.19538
           0.20095
           2.38118
          -1.72782
           1.40266
          -1.07605
          -0.66578
           1.41445
          -0.52299
          -1.15968
          -1.67781
           2.26995
           1.66340
          -0.32642
          -1.30524
          -1.60219
           0.15129
           0.04689
          -2.80751
           0.40323
           1.42037
          -1.83735
           0.23160
           2.07354
          -1.42663
          -0.10332
          -1.70889
          -0.70583
          -1.55975
          -0.78988
          -1.19126
          -1.38528
           1.67298
          -2.31784
          -0.26190
          -0.44011
           0.94275
          -2.75338
          -0.32492
          -2.29093
           0.41860
          -0.63539
          -1.21701
          -0.26257
          -0.90076
           1.19412
           0.41232
          -1.37319
           1.02774
          -0.53928
           1.19265
           0.26495
          -1.27881
               NaN
           1.77297
           1.45042
           0.18207
          -1.40037
          -0.43338
           0.66989
           1.53287
           1.86410
           1.00247
          -1.57541
          -2.19592
          -2.38419
          -0.27478
          -0.93012
           0.35688
           0.53987
           0.09878
           1.02842
          -0.33452
          -0.71177
          -0.30391
           0.66009
           0.17848
          -0.90326
          -0.42999
          -0.48229
          -2.48580
           2.48883
           0.73895
           0.14678
          -0.98550
           1.20028
           0.61134
           1.91038
          -1.35568
           1.18560
          -2.19269
           1.09090
           1.14782
           1.22904
          -1.90137
          -0.35679
           0.31970
          -1.37338
          -0.91968
          -1.51793
          -0.71511
           0.07548
          -0.99090
          -0.15022
          -1.69514
           0.00828
           0.50518
           0.62439
          -1.34047
           0.24507
           0.86301
          -1.05146
          -1.92159
               NaN
          -0.30224
           1.41519
          -0.26684
          -3.06777
          -0.06191
          -1.14747
           0.52755
          -0.53567
           0.72228
           0.42914
          -0.16040
           2.83808
          -1.77087
           0.13006
          -0.85148
          -0.15788
          -0.23110
           1.63180
          -1.94556
          -0.24842
           0.00102
          -0.02008
           1.31093
           0.05511
          -0.29531
          -1.95440
          -0.74791
           0.50924
          -0.52030
          -2.82182
          -0.70342
          -1.88369
          -1.07972
          -0.67027
           2.16659
           0.33119
          -1.56282
           1.25313
          -1.66600
          -0.40774
          -0.70341
           1.28180
          -2.01707
          -1.18584
          -1.13854
          -0.54464
           0.00158
           0.12335
           0.91472
           1.16014
          -1.55326
          -0.08109
          -0.79331
          -0.12490
           1.77361
           1.52138
           0.65962
           0.42791
           2.31023
           1.11679
           1.01126
          -0.49170
          -0.33026
           1.09981
           1.31364
           2.69624
          -0.48121
           0.26363
          -2.10617
           0.84517
           0.49528
           1.27218
           0.77066
          -0.99127
           0.88033
           0.96710
          -0.20160
          -0.21420
           0.77737
          -0.74651
           0.28010
           0.97163
           0.41498
           0.55211
           0.22186
          -0.62046
          -0.76028
           1.48412
           2.23590
          -1.16774
           0.56988
           0.07119
           0.48457
           0.03571
          -0.76373
          -0.28718
          -1.71423
           1.44559
          -0.54557
           0.55845
          -2.23806
           0.69697
          -0.03611
           0.74235
          -1.63160
           0.10620
           0.96652
           1.74086
           0.86102
          -0.97463
           0.18530
          -0.04855
           0.79045
          -0.80928
           0.37326
          -2.14943
          -2.16922
           0.51071
           0.94716
          -3.78788
           3.14264
           1.12511
           1.57190
          -1.27934
          -2.57421
           4.21453
          -1.17003
          -0.88655
           2.02815
           2.21583
           3.18524
           1.45294
          -0.65993
          -1.84617
           2.36511
           0.37973
           0.23967
          -0.47618
          -0.78150
           0.59085
          -1.50110
          -0.95236
          -1.20859
           0.87743
          -2.51191
           3.69868
          -1.84418
          -1.99597
           3.70019
           1.73487
           0.47215
           0.39137
          -0.54536
          -0.75090
           0.98509
          -1.65012
           1.86908
           0.51513
          -3.92826
          -3.78144
           0.49350
          -0.88097
          -0.19276
           0.97951
          -2.02392
          -0.21724
           2.67002
           0.28605
           3.19708
          -2.95253
          -2.43857
           0.65296
           2.92033
           1.29041
           0.79897
          -1.67963
          -3.11380
          -2.46671
           2.64470
          -0.68981
           0.37395
          -0.44495
          -1.95112
          -0.68790
          -0.79292
          -1.07598
          -0.07875
           0.47100
           2.66944
           0.56465
           1.89116
           0.37708
          -0.94652
          -2.51531
           0.06951
           0.84863
          -1.19627
          -2.98439
          -2.01369
          -2.12525
          -0.28257
           0.59413
          -1.19501
          -4.11955
           1.17946
           1.64223
          -1.86473
          -0.32121
          -1.23764
           3.12510
           1.21733
          -0.55500
          -1.80317
          -0.40011
           1.75512
           0.50063
           1.48932
          -0.74588
           0.96711
          -0.55796
           0.49709
           0.62048
          -1.57348
          -1.61787
           0.73872
          -0.69082
           2.48292
          -2.06300
          -1.49049
          -0.88651
          -0.04174
          -1.78918
           0.68488
          -0.77655
           2.37271
          -2.33241
           2.57754
           0.37698
           0.56221
          -1.59520
          -0.94824
          -2.01612
           4.67773
          -0.56330
          -1.76023
          -0.91393
          -0.84070
          -4.27404
          -1.45863
          -0.16681
          -0.98809
          -0.38973
          -2.68690
           1.62472
           1.14837
          -1.44034
           1.47935
          -0.22295
          -1.77404
           0.36633
           1.55006
          -1.95202
          -4.01760
           1.84583
          -2.83725
           0.11470
           0.15434
           3.19134
           1.40995
          -4.25045
          -2.83422
           0.23104
           0.61838
           1.54822
           0.20019
           2.32543
          -0.98467
           1.32045
          -3.08290
           0.38353
          -0.70390
          -2.73825
          -1.41257
          -1.77002
          -2.06197
          -2.01047
           2.86038
          -3.62066
           0.74077
           1.64950
           1.12239
           2.45663
          -1.56409
          -0.33813
          -2.33859
           1.90877
           2.26114
           0.44910
          -0.16434
          -1.44043
          -0.57336
          -1.92587
           0.48005
           1.85471
           0.45613
          -0.19800
          -0.80197
           1.28002
           2.45731
           2.95127
          -0.84199
           0.91397
          -0.49561
           4.22738
          -1.34910
           1.10796
           1.40292
          -0.60440
           2.68273
          -1.79443
           3.32290
           0.31712
           1.03540
          -0.11910
          -2.61526
           2.63487
           0.96469
          -0.52658
           0.46065
          -0.16296
           2.53320
          -2.02553
           2.94698
          -2.20422
          -1.98204
           1.24424
           3.36968
           0.33039
           0.30945
           1.04609
           0.23045
          -2.58770
           2.09122
           1.20683
           1.42007
           3.43531
           1.65558
           1.10553
           0.82021
           3.39374
          -1.88729
          -3.93954
           1.99009
           0.62691
          -0.88689
          -0.51546
           2.79548
          -1.85618
          -0.12027
          -0.41762
           1.60010
          -2.24589
           1.18389
          -2.25025
          -0.30386
          -3.27673
           1.00203
           1.96879
           1.60815
           2.40012
           0.78592
           0.13408
           2.15422
          -0.81159
           2.55549
           2.55315
          -0.15078
           0.65701
          -0.69288
          -2.76312
           1.14351
           2.13896
           3.99740
           2.65753
           1.70609
          -2.50405
           1.00914
           0.46340
           0.78858
           4.43720
           1.11893
           0.01281
          -0.04413
           0.65441
           0.54456
          -0.55956
          -0.22976
           1.54401
           1.08876
          -2.99405
           0.15443
          -2.00365
          -3.62771
           2.17235
           0.96044
          -0.80696
          -1.14290
          -2.40910
          -0.04554
           1.00668
           1.35181
          -0.91197
          -0.52153
           0.81061
          -1.22135
           1.59675
          -1.66358
          -1.10848
          -2.90215
           1.66898
          -0.35338
          -2.95249
          -1.43495
           0.47135
          -1.81544
          -1.69323
           2.13484
          -0.86091
           1.42638
           3.13393
          -0.26345
           0.97009
          -1.32836
          -0.42203
           1.53711
          -1.01227
           0.13758
           2.17711
           2.22354
          -2.51222
           3.62831
          -1.10559
           1.70171
          -1.02135
           0.41260
           0.14521
           1.94733
          -0.12563
           1.16940
           3.80223
           1.19110
          -0.11564
           4.20959
           3.31733
          -2.12944
           2.28443
           0.44115
           0.49410
          -0.34225
           0.74075
           0.14038
           0.43055
          -0.62278
          -0.97837
          -0.13064
          -1.49654
           1.09893
          -1.90605
           1.73612
           2.38743
          -1.49891
          -1.25561
          -0.16876
           2.98518
           1.17498
          -1.41739
          -1.52922
          -2.73469
          -0.28184
           2.37609
           1.42995
           0.70384
          -0.92463
          -1.53274
           0.57396
           0.15610
          -2.14608
          -0.65678
           1.11217
           0.76869
          -0.44916
          -0.75517
          -0.25115
          -0.22051
           2.36110
           0.28294
          -1.57172
          -0.81077
          -2.98790
           1.27523
           1.10214
          -0.63622
           0.48005
           0.45606
          -0.50880
          -0.99086
           4.00681
           1.16444
          -1.70149
           2.28418
          -2.10558
           0.11064
          -1.49413
               NaN
           0.13613
           1.68214
           0.35291
          -2.14318
          -0.23767
           0.28723
          -1.12454
          -1.51347
          -0.98928
           1.91278
           1.87863
           0.68477
          -1.09271
          -0.89226
          -1.99324
          -0.43836
          -3.46907
          -1.54808
           1.54771
          -4.02218
           2.67152
          -1.90747
          -1.08837
          -1.30256
          -1.10894
           3.47694
          -1.69120
           0.47166
          -2.74940
          -0.32555
           2.18375
           2.15615
          -0.03337
           0.77569
          -1.03173
           0.27384
           0.80403
          -0.21516
           1.41038
           1.26167
          -2.83912
           0.02860
           2.41360
          -1.66991
           0.26297
          -0.54198
           1.69954
           1.13051
          -0.38704
           1.12042
           3.00324
          -0.13280
          -2.33269
           1.88689
           1.27940
           0.50839
          -1.06665
          -1.33882
           2.99689
           0.87336
           0.09638
           1.26928
           2.45623
          -1.60474
           2.40370
          -2.52851
          -1.87861
          -3.56213
           1.31009
           1.37038
           4.17537
          -1.31816
           1.27788
           0.33901
           0.64014
           1.14133
           1.87128
           4.04290
          -2.66903
           0.41084
           0.11156
          -0.06632
          -1.02118
          -0.51637
          -1.84630
           1.77413
          -0.38973
           1.16173
          -0.89906
           0.59474
           0.24306
           1.11859
           1.02500
          -1.61689
          -1.52428
           0.58157
          -0.27177
           3.39685
          -1.03637
          -1.94553
           2.49515
          -2.24448
           0.42986
          -1.40746
          -1.67472
          -1.78680
          -1.38283
          -2.36690
          -0.46970
           2.05154
          -0.79733
           0.51382
          -1.35835
          -1.84317
           0.77561
           0.53128
          -2.66010
           0.76463
           0.87687
          -1.32498
          -0.50737
          -2.16687
          -2.37299
          -0.28962
           1.65235
           0.05706
          -1.24808
           3.18510
          -1.02429
           0.07934
           0.72797
          -1.51748
           0.28112
           2.53794
           1.70988
          -3.14443
          -0.36234
           1.59671
           0.87115
          -0.49817
          -2.84641
           0.48835
          -2.53423
           3.00218
          -3.06251
          -1.18917
          -0.01695
          -0.29097
          -0.47033
           0.93261
           1.12830
           3.57816
           1.46472
          -0.62592
           0.94693
           2.41400
           1.47721
           0.42145
          -1.27749
          -0.43903
          -1.04942
           0.00533
           0.16333
           0.30318
          -0.37670
          -3.47025
          -1.74122
          -1.30170
          -0.29726
          -2.00768
          -2.79522
           0.15689
           1.19859
           0.68860
          -2.63666
          -1.04010
          -0.52716
          -1.75549
          -0.89677
           0.46372
           1.42880
           0.86684
           1.32652
           0.55842
          -0.97361
          -0.54008
          -0.50007
           2.17604
           0.92169
           0.15088
          -1.98878
           0.18526
           0.79503
           0.05770
           3.02224
           0.06666
           0.07848
          -0.80900
           1.25724
           2.94938
          -1.04484
          -0.53450
          -2.72431
          -2.27968
          -0.89799
          -1.42125
          -0.77462
           0.05142
           1.03899
           1.98064
           1.89901
          -1.50305
           1.05673
           2.10986
          -1.94691
           0.23469
           2.19680
           0.42887
          -0.34479
           0.92944
           0.62479
          -0.77723
           3.09701
          -0.39718
           0.36073
           1.85164
          -0.49308
           0.40732
           1.11425
          -1.09908
           0.56394
           0.95819
           1.69396
           1.09272
          -2.31526
          -0.61610
           1.11505
          -1.88630
           0.60515
           0.88010
           1.33480
          -2.12293
          -1.44403
          -1.83104
          -1.35521
          -3.03392
           1.41154
          -0.35086
          -2.93099
           1.82862
           0.37186
           0.45360
           3.22816
           1.00567
           0.72611
           2.65480
          -2.79881
          -1.62238
          -2.12200
           0.04794
           0.22697
           0.65387
           4.13188
           2.21706
          -3.53758
          -0.59483
           2.69064
           2.19194
          -2.03829
          -3.46085
           2.78478
           1.17804
           0.94129
          -1.02209
           1.70646
          -0.60080
           0.57128
           1.15758
           1.08142
          -4.55858
           0.33912
          -0.40212
          -0.77830
          -1.83919
          -0.25436
           0.94655
          -2.62843
          -2.10649
           1.26135
           0.75699
          -0.01417
           0.05928
           2.17468
           0.13150
           0.10745
          -0.86287
           1.15981
          -2.30658
           0.76409
           1.52735
           0.70327
           0.30501
          -2.99642
           1.98724
          -0.54141
          -1.92809
           3.25396
          -1.92883
          -0.80064
          -0.54405
          -1.52998
           0.33664
           2.98657
           3.92913
          -0.33819
          -3.42135
           0.91543
          -0.99232
           0.65295
          -0.93007
           1.80025
           2.67456
          -3.12552
          -2.06469
           1.83074
          -0.63705
           1.12068
          -2.63644
           3.70176
           1.23280
           1.03669
          -0.18307
          -1.12973
          -2.79751
           1.49088
           1.02067
           1.10504
               NaN
           4.42862
          -0.20219
           2.91722
          -2.28425
          -1.61080
           2.17986
           0.85253
          -4.52152
          -1.04283
          -0.88449
          -1.02729
           1.29560
          -0.08170
          -1.41024
          -1.76117
           3.53083
           1.11277
           1.73588
           1.22702
          -2.46621
           2.49878
          -0.38053
           2.14491
          -1.16287
          -2.03575
           0.99355
           1.14571
          -2.13129
          -0.07499
           0.06611
           0.95128
           0.82503
          -1.35696
           2.28993
          -3.63680
          -1.59819
          -2.70847
          -1.11729
          -1.21683
           3.66597
          -3.13212
           1.27045
          -0.73390
           2.49049
           1.12813
          -1.17386
          -1.12679
          -2.84162
          -0.93748
           0.30179
           0.21083
          -0.00078
          -0.18547
          -1.62058
           0.78460
          -0.42143
          -0.96058
           0.66558
           1.40070
           1.65375
           0.61679
               NaN
          -1.79133
           0.62891
           0.61781
           1.79441
           2.93781
               NaN
          -1.28047
           2.19715
           0.39469
           0.98513
           1.12880
           2.37872
           3.17310
          -1.38611
          -1.17116
          -2.24540
          -0.37099
          -0.30802
          -2.99894
          -0.82716
          -0.89826
          -2.18268
          -2.60539
           1.63087
          -1.53056
          -1.01123
          -1.47596
           2.01027
           1.16300
          -0.34961
           1.14391
          -0.82897
           0.41787
           0.27125
           2.88799
          -0.04383
           0.79730
           2.96826
          -0.33299
           0.01034
          -1.13077
           1.37862
           2.62958
           0.46375
          -1.27521
           2.39573
           0.50327
           4.51281
          -1.11135
           0.79864
          -0.64358
          -0.68907
           3.47216
          -0.79039
          -0.83851
          -0.19034
          -0.22548
           0.34843
           0.00444
          -0.31090
          -0.94060
          -0.12137
          -2.72632
          -0.38172
          -0.30512
           3.25431
          -0.57886
           2.17753
           2.62247
           1.30289
           0.63540
           0.99184
           1.77095
          -2.43489
           1.94369
           3.58459
          -0.19553
           0.33469
           2.98019
          -0.48713
           2.28909
          -1.56065
          -1.71909
           0.15524
          -0.32675
           0.98198
           1.57394
          -1.07354
          -1.89883
           3.26155
          -3.07166
           2.66246
           4.35024
           3.15794
               NaN
           3.57467
           0.76981
          -1.97289
          -0.57491
          -0.69005
          -0.16663
           0.30661
          -1.81768
          -0.06611
           1.36555
          -1.36178
           3.32226
          -2.00406
           1.29012
           1.79637
          -1.81636
           1.76404
          -0.65741
           3.11962
          -0.71394
          -3.68537
           0.63131
          -0.71475
           1.57199
           0.89259
          -1.16289
          -0.00575
           0.97651
          -0.51172
           1.48575
          -2.57518
          -0.27086
          -0.94622
           1.77711
           1.19434
          -3.13903
           0.19263
          -2.20794
          -1.31883
          -0.77417
           0.02968
          -0.68008
          -0.10085
          -2.44937
          -1.09354
           0.44341
           1.61574
           2.00994
           2.40071
           4.44706
          -2.10390
          -1.79330
          -0.78302
          -0.14819
          -2.02984
          -2.23694
          -1.36645
           0.84845
           0.45142
           4.00742
           0.09088
           0.30497
           1.38356
          -3.07344
          -2.65763
           0.71581
          -1.81975
           1.78297
           1.04015
           1.12001
           0.66836
           1.99376
          -1.18878
               NaN
          -0.81699
           3.46402
          -0.78788
          -0.13747
          -1.31063
          -1.11051
          -0.61510
           0.68721
           1.29471
           0.96214
           1.55447
           0.46644
          -0.79919
          -0.76033
          -3.08326
           0.87192
          -3.49783
          -0.60961
           2.26807
           0.31725
          -2.47558
          -2.93922
           1.91029
           2.31662
          -0.57766
           1.36004
          -2.81379
          -2.07288
           0.03480
           0.39396
           1.70247
