          16.08429
          -2.70327
          13.55493
          14.98798
           3.76092
         -15.03887
          -1.37069
           0.01584
          25.93002
           2.92644
           2.69246
          -6.68206
          10.75105
          26.39567
           3.14507
         -12.50710
          11.26558
          -6.66259
          10.05398
          15.94539
          10.48476
          24.84122
               NaN
          -6.61661
         -12.33440
          10.21846
          -4.65648
           2.08913
          21.34394
           3.34773
           3.22986
          -1.50377
           3.84778
           8.35357
          -3.70722
           6.37414
          22.21804
          -7.78220
           4.35831
          -6.26238
           8.20677
          -5.00038
           1.28326
          -2.67134
           4.97318
           2.05532
         -10.37187
           0.26895
           3.49806
          -8.51865
           5.21826
         -11.20096
           0.78221
          14.40577
         -14.26241
           5.94347
          13.22929
          -0.96400
          16.27181
           0.33611
           7.23362
          -0.46669
          11.12164
          14.01922
           6.49190
         -21.40608
           1.52812
           9.22967
         -18.04533
           1.99776
          11.41302
           5.29164
          -6.51877
          -6.60576
         -10.33239
          -6.76512
           1.67783
          15.18140
          17.51879
          -6.38016
         -21.22342
          -4.68255
          19.09413
          10.77482
          17.51068
          22.55009
          20.67567
           8.83086
               NaN
           0.17523
          19.04366
          11.59430
          -5.26133
           5.24917
          11.94792
          25.23548
          -4.82243
         -26.16122
          14.64983
          11.59904
           7.44353
          -0.21866
           8.90046
           2.99880
           4.76150
          -1.75336
           7.93158
           6.47406
           4.74960
           7.99098
         -11.17811
          -3.12465
          19.26675
          10.90494
           5.91981
          20.46492
          11.40480
          -8.22673
           2.66861
           1.50290
           6.76220
          25.88047
           2.44352
           0.03644
           6.36414
               NaN
         -11.37084
           7.21960
          12.12331
          -8.78994
          27.35079
          12.64301
         -17.95755
          17.68633
          -4.39408
          17.84268
           4.21108
          -2.04299
          15.14234
          -7.38789
          -3.40358
         -13.92565
          14.36298
           2.75790
          20.42448
           8.45631
          -6.06801
          -9.29978
           6.07595
           4.51765
          -9.18284
          -2.67940
          24.53169
          -3.42557
          -0.43301
          15.63504
           5.88191
           6.69021
           4.20216
          -6.24283
         -12.29600
         -10.29894
           7.25512
          -5.86498
               NaN
           6.58244
          -3.26914
          11.41908
          15.61272
           6.08525
          11.66462
          -5.73466
          -0.93167
         -17.49743
          -4.46335
           3.37532
           9.79210
          20.20013
          -0.95532
         -20.81979
          14.96032
          14.99396
         -16.78738
          17.78986
          16.46989
               NaN
          19.92408
          10.73477
           2.43010
           0.83023
          14.27816
           2.09912
          -4.30728
          -9.51738
          -7.63508
          -3.93288
          20.89221
               NaN
          13.05809
           6.20855
           4.92299
          -8.13955
          12.44150
           0.21963
          -3.52218
          -2.55486
          -2.51062
          12.11953
           4.62366
          13.08394
          13.38413
           9.13571
          21.07653
         -11.56618
           5.55985
          11.25907
          -4.07597
         -11.29680
           2.93569
         -19.49675
         -23.89257
          -1.31673
           1.72295
           7.48726
          11.58068
          13.11708
           3.64635
           4.54846
          19.11278
          -6.32952
          17.68671
          12.33204
           0.02544
          16.71934
          -3.99206
          11.60077
          12.25527
          -0.42186
           9.51938
           1.80159
         -13.44310
          -6.91989
          14.53612
          -2.48394
          -1.47945
          13.09652
           7.59011
          -1.19251
           9.58115
          21.44703
           4.88133
           2.52767
          -0.25639
           8.98389
          10.57226
           8.01521
           7.67573
          -3.32258
           8.80157
          16.95970
          -4.38028
          33.09007
          10.44103
          19.74980
           2.95757
          11.43608
           6.75991
         -13.12878
          -4.53634
          -4.10828
         -11.82181
           4.94215
          -2.13660
           2.14658
          19.35307
          -4.18068
           7.71364
          -4.51295
           8.31454
          -0.78472
          -6.16877
          -7.61023
           7.86344
          -1.93828
         -16.32518
          -5.44255
           6.64128
           6.89482
          -2.29681
          -7.04197
           8.93046
           0.08164
           1.87567
          -6.73347
          14.83860
          12.09116
          17.65098
          26.91512
          -4.83792
           7.34391
           9.32290
          11.15235
          -0.06691
          11.80626
          -5.34703
           4.20978
          -6.37150
           0.57154
           4.16843
          14.26331
          23.27738
          15.48362
           3.49780
          -1.83001
         -20.50451
          -8.91917
          12.71205
           4.92054
           4.03656
          -5.47479
           9.42339
          -1.52737
          11.18070
           1.82137
          13.82265
          18.87214
           4.96079
          21.80947
         -15.63943
          -1.89851
         -10.26853
          -3.75742
          18.71945
         -16.21996
           5.37214
           5.95038
          -8.93785
           9.51440
           4.14737
          17.71212
           4.64540
           1.37358
           5.35590
           0.50980
           7.51177
          15.60591
           1.54867
          -0.18648
          -9.58786
          13.21628
          19.17071
          -2.68772
         -15.79069
          13.46677
          -5.08802
          -7.08165
          17.24747
          10.04061
           1.82740
           4.31391
          -1.77957
          14.86154
           4.17029
               NaN
          -3.90078
           3.14588
           1.47070
          16.14988
           7.03956
          32.97218
           8.57280
           3.48309
           9.08553
         -22.81888
          13.77020
          10.86297
           3.44263
          16.31984
          12.17545
          -0.32700
          -7.98649
           1.46664
          10.20218
           5.95194
           6.54228
          16.50772
           8.06472
          18.31356
          20.76924
          -2.08914
           2.58758
           8.11560
          -5.15663
          24.10579
          14.40655
           1.01940
           1.50196
          -6.34440
          -0.47843
          -2.97327
         -20.59505
          -8.86107
         -10.23374
         -13.56693
          13.38142
          18.41484
          -5.50602
           9.72789
          -4.74653
          -1.38341
           7.29619
          -3.20627
           5.56841
           9.50665
          15.60104
          15.47424
          -8.59253
          -2.05178
          22.63468
           3.24636
          16.26492
         -20.98070
          23.54465
          19.35829
           2.11405
          11.76323
           3.67989
           1.51780
         -13.16314
               NaN
          -0.47415
          16.67555
          10.71986
          -6.42818
          19.80228
          21.45647
          -3.19079
           9.52857
          -0.98884
          -2.12701
           0.31755
          23.46012
         -17.52057
         -27.10086
          17.94758
          11.05391
           1.86892
           0.70332
          20.63472
          12.80734
           7.25509
           4.91140
          -0.97077
           1.41123
          -3.66775
         -11.68146
          -5.70149
          -4.85795
          30.46201
          12.62894
          -2.93665
          20.04178
          -2.01036
         -17.53421
          -9.40699
         -14.27976
         -19.25919
           4.76948
           8.35131
          20.43141
          11.61506
          20.35939
          -6.92153
           1.40467
         -10.50743
           7.85269
          -4.92176
         -13.09430
           8.10345
           0.91571
           9.75846
          24.22805
         -13.71439
         -12.33539
         -13.62098
           6.98121
          15.27866
          -2.64599
          -3.35227
           9.67566
          -4.96153
          -3.64675
          -4.13695
          -7.99075
         -22.18014
           6.06859
          11.30007
          13.33398
         -13.13395
           1.16613
          -9.29712
          -3.66077
           7.67990
          20.78789
         -18.23860
           0.01755
         -18.43367
          -3.50287
          -0.63217
           8.89684
          -0.43683
          17.37306
          -8.49645
          -0.10252
          -3.50528
           9.75500
          -0.12329
           7.58439
          10.82474
          11.46345
          21.62530
          -7.59942
           9.46260
           4.72937
           9.80428
           3.86871
          11.04428
          -7.85119
           4.51240
           9.64155
          -4.41455
         -12.00117
          -0.54135
          -2.67889
           4.40235
           5.69897
           5.70562
         -10.13022
           1.10595
          27.16356
         -10.45864
           4.94333
           0.40920
          10.04559
          11.56794
           8.74345
          29.51675
           4.03346
          20.65531
           0.04876
           1.90203
         -13.65017
         -14.94971
          22.97781
           6.45152
           8.84680
          -7.31781
           5.41095
          14.30592
           4.22223
           9.83702
          -2.70411
           8.90999
          -1.44304
           0.43557
          20.45792
           0.25834
          14.05425
          -0.38738
           1.45967
         -21.53215
         -20.76110
          -8.56331
           6.32402
           4.80543
          11.54971
          -0.85671
         -15.89323
         -13.27045
         -25.94315
         -15.43909
          13.25886
          -5.18589
           0.96862
           0.23778
          14.01177
          -0.80866
           6.46869
          -4.89504
          -0.45486
          15.04166
          -0.14577
          10.39705
           8.88426
         -14.08274
               NaN
          -6.97035
           4.82706
           4.44304
          -7.49014
          19.08316
           6.87578
          13.14654
          -6.95026
         -26.62089
          11.15883
          11.85385
          27.82216
          32.71046
         -16.47490
           8.92563
           2.79512
          -4.71646
         -12.16866
           0.88191
         -15.65031
           0.29924
         -11.60652
          12.09120
          13.26364
          -3.26956
          -0.25110
          25.53364
          -0.91967
          10.59808
          13.01302
           8.36820
          -2.60618
           7.11710
           9.95432
           0.92715
          -0.65135
           3.69621
          17.46104
           4.51827
          -5.92871
           0.80467
          -6.36669
          15.68451
          -0.71911
          -1.90406
          13.02791
           2.75371
           1.79164
          -1.33064
          15.27896
          -6.59184
          -1.41626
          -3.77830
         -23.69327
           6.82935
          -4.77304
           9.77666
          -2.35565
           9.53226
           8.27238
           5.44450
          19.12094
          15.28738
          -5.99120
          13.61157
           2.70672
          -0.22822
         -11.15792
           7.07064
           1.67421
           4.93508
           7.92359
           3.98910
          12.51055
           4.53173
          -8.22066
          14.57888
          20.54392
         -15.62062
          -4.77307
          10.28146
           5.23152
          -8.57836
           7.51582
         -11.39466
           1.03135
          27.09853
         -23.60958
          27.85323
           5.77661
          10.39871
          -0.65730
          -9.93603
           0.33313
          -4.54205
           9.62160
           4.87011
           7.99661
           6.49295
          18.38466
           2.27359
         -12.89097
         -17.25036
           9.22790
          -1.86854
           2.22296
         -11.91435
           0.67483
          24.59464
          11.90701
           4.73065
          -1.27010
          -4.38906
          -9.61551
          13.34279
           5.02231
          -5.46709
          11.19854
         -19.13217
          22.59934
          15.44518
          -1.53497
          24.68872
           9.57377
           1.65648
           7.63539
          -0.83058
         -21.43245
          -1.24230
          -0.27151
           7.16238
          -0.26437
         -23.02142
           0.73483
          -1.22902
           7.80665
           6.40155
          13.53722
          26.26507
          -0.27260
          -9.61749
          -0.88486
          11.83839
           5.79484
          17.84739
          -4.44581
          -3.88011
         -18.39615
         -12.75297
          14.78600
           0.55891
         -22.93888
         -12.48981
         -17.19172
          11.47425
           9.49606
           5.70968
          -0.64889
          12.55039
          21.75614
         -11.50676
          21.31586
          -1.26623
          -5.55842
          -9.49896
           1.19757
           5.55570
           3.92330
           8.64477
           4.34455
          20.62704
           6.72143
           9.76344
           5.67147
           0.34299
          11.36664
          -2.50394
           4.25535
          20.40509
          12.66098
          -2.22478
           0.28903
          -6.61294
          10.60420
          -3.61741
          -3.32326
          16.29277
           8.24287
           6.43297
          31.15631
          16.04647
          -8.32436
          19.65276
           4.68632
           7.44266
          23.71061
         -17.86876
          23.62196
         -10.53746
          -4.56889
          -7.97797
          -5.62428
          16.27259
          15.14760
           9.03476
         -11.90734
          20.70950
          -9.74496
           0.09466
          -7.86865
          -1.24541
          21.85003
          -7.54191
               NaN
          12.57925
           2.98710
          21.24575
          16.14695
          -1.22331
          -2.68931
          -4.83737
          -0.57593
           0.63475
          -4.40359
          -5.63895
          12.04292
          11.18172
         -25.84510
           9.58989
          10.06854
         -13.86687
         -18.40027
          13.36558
          -0.48565
           7.71893
          15.40666
          10.03689
          -0.67465
          -0.57116
          -4.17733
           4.33258
          -9.77047
               NaN
           2.60825
           7.36943
           4.13764
          -7.82290
           6.24334
          -1.34565
          22.10900
          -5.79941
          -0.10432
          21.94883
           9.62915
           3.29525
          -1.45897
          -3.19166
          -1.94109
          -5.17233
           1.28401
          -0.43549
          -6.50994
          -2.30136
           8.50704
         -10.65193
          -6.07875
           5.26523
          -5.65625
          16.12166
         -13.02817
           2.68430
          18.16161
           5.04647
           5.63901
           3.90204
           4.33946
          14.49750
          -1.01898
          20.46537
           4.48486
           8.61885
          -1.31556
          -9.74969
          -9.52387
          20.37097
         -17.15778
          -9.35235
          14.68630
           2.88507
          13.53428
          -9.78454
          10.72878
          -4.94454
          -1.21172
          -2.53766
           3.43344
           2.19882
          14.81820
          -4.22294
           0.94327
           2.64006
          14.60524
           0.76079
          -6.76904
          26.98001
         -24.44703
          -3.09974
           3.10621
           7.97816
          26.73629
           4.71830
          -9.30082
          11.66944
          18.44731
           4.50563
          11.20992
          22.89472
          17.48602
          13.12861
          10.84354
           3.32450
          -9.64065
           4.87098
           6.65188
         -11.36117
          -3.57957
           3.59459
          10.37225
          -5.04105
           7.62835
           3.62332
         -14.77115
         -16.06688
           0.41218
         -12.98026
           5.65898
          -5.43151
           6.68530
          -5.78602
          -1.37442
           8.30289
         -20.71309
           1.42583
          -7.41877
           2.31755
          -9.18505
          15.66095
          15.55197
          17.45882
         -13.44269
         -18.05924
         -17.17829
          -5.11906
         -17.25092
           5.41940
          -7.63559
         -17.67861
          -1.92225
           3.15514
          15.61592
          11.28390
          -8.14773
          -4.60462
           2.16549
           0.55435
           9.08767
         -17.15462
           1.75327
           6.69887
          -4.69401
          14.79673
           9.21310
          -8.06224
         -13.32504
           1.76769
          25.45881
          10.29006
          16.64908
           3.67677
          -1.85347
         -16.32725
         -10.78483
          -1.04318
         -15.85885
           2.23353
           9.31608
          25.71336
         -16.12832
          -4.89529
          14.20549
           2.87475
               NaN
           3.27303
          -8.78667
           9.71842
           3.32615
         -14.23979
          20.25440
           0.02665
          16.60713
          12.57749
          -9.12400
           8.54670
          25.64896
          -0.31378
          -2.18669
          -1.94551
          -0.08886
          -0.20190
          -2.93902
           0.17200
           0.88555
          -1.45942
           0.91002
          -2.32151
           1.82608
          -1.28023
           0.76820
          -0.85397
           1.08166
          -0.15389
           2.56201
           1.20508
           1.19637
           2.79976
           1.22174
          -2.20326
           1.03267
          -2.55196
          -2.42510
          -3.88263
           0.58229
          -4.47999
           1.29396
           2.43287
          -0.54806
          -2.43262
          -0.23866
           1.46429
           1.29828
          -2.29871
           2.37318
          -2.16587
           2.47583
               NaN
           0.70159
           1.12095
          -2.68958
          -2.43010
           0.72290
           1.68230
          -0.55340
           2.02527
           1.80725
          -3.03204
           2.26681
          -2.56017
          -2.14254
           0.66793
           2.44018
           0.21888
           0.18274
          -0.91471
           1.58789
           0.54263
          -1.05196
          -4.03131
          -4.21382
          -4.28211
           1.51291
           1.66163
          -2.02425
          -0.96380
          -1.81785
           0.12528
          -2.09885
          -1.22047
           2.98376
           0.45316
          -0.34594
           2.74922
           2.61695
          -3.55734
           2.42007
           1.03049
          -1.43728
           1.20165
           0.14252
          -2.59708
          -1.76481
          -1.38400
          -2.98736
           0.32273
          -0.25438
          -2.53860
           0.08515
           1.70933
          -1.60528
           1.60783
           0.72617
           1.55999
          -1.62371
           2.47514
           0.57891
          -1.36394
          -2.32359
          -1.80342
           2.04606
           0.60796
           0.23759
           0.06275
           0.93933
          -0.42460
           0.46022
           0.08025
          -1.86193
          -0.15647
          -1.58931
          -0.48315
           0.35860
          -0.43345
               NaN
           2.13475
          -1.13652
          -1.55183
          -0.68637
          -1.30299
           1.69417
           1.39320
          -0.69445
           0.33943
           0.50081
           0.47935
          -1.48668
           1.57264
           3.21967
           1.20943
          -0.51939
           1.60437
          -0.41525
          -2.28602
          -1.97328
          -0.08091
          -0.39859
           0.71913
           1.21730
          -3.04622
           1.70093
           1.97589
           3.43002
          -0.35500
           1.27162
           0.37106
           0.33735
          -0.21070
           0.26613
          -1.91630
           0.29080
           0.69765
           1.13944
          -1.34291
           0.26882
          -4.38080
           2.85866
           0.59175
          -1.31642
           0.69608
           2.71142
           3.54257
           1.80322
          -0.85004
          -0.61828
           0.92785
          -2.21599
          -0.44651
          -0.83302
           1.46990
          -0.91531
           1.29863
          -0.12925
          -0.38874
          -1.99607
           0.44867
           0.62727
           1.00653
          -1.59185
           1.45998
          -0.98221
           1.45274
           1.81613
          -2.33568
           0.23701
          -2.39305
          -1.61381
           1.04903
           1.24050
          -0.04584
           1.86517
           3.49876
          -1.38431
          -0.93364
          -1.17976
           1.33904
          -1.81272
          -1.13850
           0.59036
           2.01698
          -0.16972
          -0.30325
          -1.78605
          -0.39039
           0.05978
           0.98961
          -0.91644
           0.46413
           0.44361
          -2.47225
               NaN
           1.46444
          -0.29910
          -0.96669
          -0.43852
          -2.19135
          -0.65134
          -1.33179
           2.34088
               NaN
          -0.44715
          -1.46632
           0.49230
           0.76039
           0.47814
          -0.89578
           2.18313
          -2.44569
           2.20423
           0.87082
          -1.36415
           1.32140
          -0.57811
           1.29409
          -0.24131
           1.49658
           0.50473
           0.69378
           1.64551
          -0.95961
          -0.29038
          -0.77384
           0.71375
           0.26868
          -0.18430
           0.21741
          -0.34814
          -0.10746
          -1.24406
           0.33795
           1.59557
          -2.52826
          -2.57447
          -1.37038
          -2.09244
           1.54060
          -1.00555
           0.00855
          -1.99649
           0.89215
          -1.91082
          -0.28011
          -2.43558
          -0.19027
           0.55510
          -0.81683
          -2.14878
          -1.24869
          -0.17391
          -2.85522
          -1.00293
           2.99345
           4.22291
           0.49086
          -1.19339
          -0.33693
          -0.94553
           0.01346
           0.37097
           1.68295
           2.10521
          -1.14713
           0.19988
           3.26629
          -3.08096
          -2.82844
          -1.90092
          -0.84881
          -0.52691
          -2.12523
           1.91875
           1.64023
          -1.29196
           1.60626
               NaN
           0.07976
          -0.25065
           0.16388
           0.47945
          -1.58714
           1.33713
           0.01692
          -0.59474
           1.12981
          -3.06511
          -0.29191
           0.62519
           2.27503
           0.33293
           1.28376
          -3.89417
          -2.58339
          -1.13241
           0.42746
          -1.69782
           0.30199
           3.28740
          -1.25839
           0.96665
          -1.69868
          -1.73216
          -2.43594
           2.27910
          -2.20105
           0.80239
           0.93008
          -0.93178
          -0.38560
           2.12967
          -2.92752
           0.42250
           1.17817
          -1.25619
          -3.15453
          -0.84907
           0.91748
           1.26128
           1.90787
          -1.59196
           0.65625
           0.13031
           1.97389
           0.57093
          -0.13581
          -2.51163
           1.22141
          -2.65634
          -2.20720
           0.89108
          -0.03942
          -0.18954
          -1.51114
          -2.44524
           2.11408
          -0.40107
               NaN
           1.94538
           1.42824
          -0.11754
           2.43933
           0.24796
          -2.44166
          -0.47766
           1.94003
          -0.90171
           0.69676
          -0.76704
               NaN
          -1.46706
           1.70439
           0.64936
          -0.04288
          -2.27150
          -0.14370
           1.29134
          -0.89354
          -1.51650
           1.67982
          -0.03334
          -3.52605
          -0.01792
           0.88954
          -0.47203
           1.97023
           3.19286
           2.43977
           1.74129
           2.97181
           0.20717
           0.52330
           1.71211
           1.42482
           1.15737
          -3.04496
           0.01987
          -0.24255
          -2.29703
           0.00378
           2.97076
          -1.70849
          -1.50096
           2.05029
           1.49858
           0.06371
           2.06312
          -0.52436
          -0.27311
          -0.87609
          -2.58955
           1.04090
           0.70886
          -1.10414
          -3.15993
          -2.94979
           1.10374
          -1.74737
           1.68622
           0.19529
          -0.27034
           0.02632
          -0.44437
          -0.06709
           1.00301
           2.64520
           2.83997
           1.36644
          -0.63815
          -1.19985
          -0.56982
          -0.52891
          -0.20232
          -1.05639
           0.62126
          -3.23857
           0.44144
          -1.91285
          -0.84861
           0.29527
          -0.08088
           0.67184
          -2.01382
          -0.20388
          -2.80394
           1.56833
           2.32537
          -4.08547
           3.22325
          -0.86775
           2.79572
          -2.21476
           0.80871
           3.51430
           0.41365
               NaN
          -0.12050
          -2.16957
           0.92700
          -2.25211
           0.14574
           1.67380
           1.08749
          -0.52768
           2.69582
          -0.19452
           0.07878
          -3.12810
           3.58442
          -2.11392
          -3.61200
          -2.96159
           0.78075
           2.02210
          -2.59038
          -2.30441
          -1.20996
          -1.41627
           0.47004
           1.05761
          -1.07337
           0.74397
          -1.13649
          -1.07165
           0.30626
           0.29117
          -0.04351
          -1.53283
          -1.47491
           1.92634
           0.18947
          -2.42624
           1.96898
           0.58381
          -0.38948
          -0.81906
          -1.47741
          -0.64419
           2.07234
          -0.87200
           2.14806
           1.18024
           0.12260
           0.42762
           0.51749
          -0.22202
           0.23371
           0.29685
          -1.77240
          -1.79847
          -0.46819
          -1.48644
           2.45780
           0.32498
          -1.43880
          -0.84804
          -3.10177
           0.87861
           1.68834
          -1.58245
          -1.46956
          -0.41694
          -2.48730
           0.24218
          -0.93880
           1.89757
           1.84521
          -1.16198
           1.11211
          -3.17478
          -3.99923
           0.85120
          -0.30106
           1.03461
           0.80694
          -0.62874
           2.47349
           0.80831
          -1.45468
           1.55389
           0.32856
          -1.95686
          -0.49964
           1.85331
          -0.04288
          -2.71741
           0.11552
          -2.36068
          -1.50589
          -0.15962
          -0.27237
          -3.23864
          -0.88220
          -0.76385
           1.63544
          -0.18966
           1.07110
           1.01019
          -0.20744
           2.70378
          -1.95954
          -1.88755
           1.52641
           0.43128
          -0.03495
           1.79706
          -2.54788
           0.11952
          -2.64929
           3.46419
           4.03494
           2.58760
           2.10824
          -1.04048
          -4.79153
           0.08627
           1.46118
          -0.98371
           1.26413
          -0.25073
          -1.48377
          -1.30690
          -0.00949
           2.40282
          -1.66601
           4.59868
           0.96422
           0.19911
          -1.05128
          -3.17417
           4.22524
          -2.52781
          -0.81430
           1.26962
          -0.02871
           1.44440
           1.71943
          -0.22977
          -1.91406
          -0.47065
          -0.38044
           1.69711
          -2.17267
          -0.74850
          -0.37112
           0.13788
          -3.33220
          -2.40303
          -0.15696
           1.68353
          -0.91667
           2.99278
           1.32518
          -0.32203
           0.68380
          -0.64258
           0.55349
           1.18687
           2.91984
           1.64787
          -1.55385
           0.58829
          -0.21909
           0.34424
          -1.71123
          -1.97234
           2.26109
          -0.15723
           0.86225
          -0.12021
           0.32009
          -2.98636
           0.85680
           3.04622
           0.89926
          -0.42366
          -0.11795
          -0.33492
          -1.18564
          -0.18985
          -1.29347
           0.71209
           1.09551
          -0.54431
          -0.67398
          -1.57281
           1.00718
           0.29864
          -1.93822
           0.51851
          -0.40237
           2.70706
           0.78253
          -1.68219
          -0.44831
          -1.70538
           0.27588
           1.30087
           1.26407
           0.66718
           0.27971
          -0.33528
          -0.37933
          -0.67825
           1.47104
          -0.26752
           0.75407
           4.20726
           2.47387
           4.00038
          -1.83863
           4.77473
           1.02478
          -0.82860
           2.62267
           0.84932
          -1.29137
           0.67088
          -2.68710
           0.93371
          -0.29235
          -1.23173
          -1.65760
           2.86143
          -0.55875
          -0.31588
           1.24671
           1.75319
           0.04170
          -0.63160
          -1.63888
          -2.22014
          -0.44459
               NaN
          -2.79242
          -2.01026
           0.17336
          -2.33859
           0.37453
          -2.98803
           2.12903
          -0.13465
          -0.87309
          -0.74309
           1.83026
          -0.12415
           0.01563
           0.58923
          -1.81706
          -2.60394
          -0.76412
           2.35753
          -4.82112
           0.56228
          -0.22138
          -1.99874
          -0.93802
           1.24691
           1.39899
          -1.33609
           0.80591
          -0.68068
           1.78075
           4.11047
           3.02058
          -2.03684
          -0.99004
           1.35077
          -2.71742
          -0.22814
           0.09809
          -1.67260
           1.48641
          -0.23601
           4.17278
           4.88094
           0.82088
           2.95350
           0.27361
          -1.35117
           0.02288
           0.70611
          -0.16055
           1.49049
           1.91766
          -0.04165
          -0.19408
          -3.35791
           2.50811
          -3.39956
           0.37217
           2.83978
           1.90204
          -1.65338
          -1.29378
           1.21827
          -1.81335
           1.01767
          -1.65980
           1.95780
           0.66700
          -0.31833
           0.24316
          -1.62538
           1.66883
          -1.47417
          -1.78018
           2.91858
          -0.49427
          -0.01582
          -1.20317
          -0.95110
           2.29437
           0.17410
          -0.25010
          -0.70167
           1.46795
          -2.35365
           1.28395
           1.60371
           2.98502
          -0.50096
           1.99553
          -1.00988
          -1.03342
          -3.67539
           0.79772
          -1.93831
          -0.89408
           0.07903
           0.74901
           1.05869
          -1.37309
           0.89623
           0.12905
          -0.44732
          -1.12661
          -1.52915
           0.67174
          -1.18732
           1.43790
           0.33354
           0.26568
           0.14309
          -1.13908
           0.01981
           0.10110
           1.07568
           2.60369
           2.76948
           1.31296
           2.09607
          -0.42304
           0.83829
           2.34286
           1.94254
          -0.30861
           1.38375
          -0.67955
          -2.25461
           2.22574
          -0.71427
           4.61755
          -2.36814
          -2.09042
           0.59128
           0.77267
           1.24782
           1.55652
           0.46632
          -1.30442
           0.92480
          -2.44650
          -0.57520
          -0.71147
           3.12127
           3.80109
           1.03753
          -0.16013
           2.61916
           0.18297
           1.41994
          -0.32538
          -1.98941
           1.11047
           1.89757
           1.84126
          -2.70498
          -1.31769
           0.71803
          -0.97691
          -0.91804
           0.07218
           0.86703
          -0.52417
          -3.05860
          -0.58829
           1.50200
           3.20332
          -2.24331
           1.90870
           0.77874
          -1.61951
          -1.24113
           0.98225
           1.77662
           0.37181
          -0.57021
           0.51535
           0.58224
           1.87074
           0.39007
          -2.96838
          -1.62347
           1.38623
           1.57832
           2.72302
           0.17044
           3.04724
          -0.86546
           0.54908
           0.87364
           0.43437
           0.74631
           1.26594
          -0.04755
           3.51049
          -0.64712
           2.84950
          -0.65761
           0.65917
          -1.00974
           0.38055
           0.70840
          -2.98777
          -0.21683
           1.19405
           1.63419
          -1.24163
           0.79265
           2.88813
           2.16322
          -2.46464
           1.62564
          -4.68007
          -0.55559
          -2.58594
           1.88528
           1.82144
          -0.01789
           1.60796
           0.05450
          -0.39742
           2.53849
           1.55598
          -1.61554
               NaN
           2.53513
           0.98838
           1.09324
          -0.87314
           1.28703
          -0.23821
          -3.23530
          -2.38164
          -0.04528
           1.04892
           2.72296
           0.73097
          -1.41386
           0.58044
          -3.65364
           1.39946
          -0.79252
          -1.52875
          -0.88701
           1.14480
          -2.43488
          -0.36664
           3.23061
           1.26533
           2.44174
           1.24501
           0.54191
          -3.63102
          -0.64344
          -1.66157
          -0.91013
           0.51743
           1.52610
           0.91058
           1.64520
          -2.72895
          -0.88239
           0.76285
           2.57450
          -1.49413
           1.24742
           1.02604
          -1.23247
           1.86639
          -1.10965
           2.96709
           1.88354
           2.42143
          -3.42210
          -1.37982
           2.72790
           2.72976
           0.57118
           2.90389
           3.62742
          -0.40698
          -3.59704
           1.96141
           2.33215
           1.43547
           1.68542
           0.13920
          -0.20285
          -0.86966
          -0.19900
          -0.44878
          -0.20011
          -0.40721
          -1.91386
          -1.99788
           0.09905
           1.01357
          -2.83275
           1.00338
           0.19084
          -2.82140
          -1.12043
           1.52547
           2.40066
           0.80106
          -1.63546
          -1.85343
          -2.03820
          -2.13183
          -4.38496
          -1.96428
          -1.17964
          -0.26495
           0.19735
           1.18999
          -4.07762
           0.10179
          -2.92325
           2.41548
          -3.23139
          -2.94610
          -1.88856
           2.09797
          -1.43348
           5.14596
           0.05789
          -0.16150
           1.05098
          -1.79551
          -4.51625
           2.30450
          -1.70453
          -1.82651
          -4.00821
           0.84623
               NaN
           1.18105
           3.06170
          -0.31699
          -2.46026
           0.43519
           1.58599
           0.00438
          -4.30716
           2.88166
          -1.94539
           2.69993
           4.11128
           0.99958
           1.71519
          -2.85766
          -3.17052
           0.43978
           3.29327
          -0.02631
           1.62104
           3.24264
          -3.27523
           2.94430
          -3.44428
          -3.29521
           1.50852
           1.45469
          -1.74293
           1.73782
          -2.58669
           0.49321
           0.13233
          -1.56077
          -4.71310
          -4.94289
          -5.33782
           4.36287
           2.05435
          -0.76840
           0.32636
          -0.91575
          -1.37739
          -2.45168
          -0.76430
           4.52457
           1.26540
          -0.11791
           2.73509
           0.43212
          -4.78253
           3.29802
           2.62053
          -0.89534
          -0.24177
          -0.27664
          -4.79080
          -3.96661
          -3.14536
          -3.92061
           3.38506
           1.26777
          -4.88218
          -0.93497
           2.29377
          -2.59774
           0.08941
          -1.33591
           2.14375
           1.96109
           0.71267
          -0.99325
          -2.30930
          -2.70696
          -1.12489
           2.98220
           0.37171
           0.06911
          -0.66842
           0.51065
          -0.50920
          -0.11137
           1.86659
          -0.97666
          -2.30726
          -3.05249
          -1.21422
          -1.06407
          -2.52733
               NaN
           1.86861
          -0.51030
          -2.73940
          -3.04696
          -1.49575
           1.60442
           1.09433
           1.63960
           1.07185
          -0.13870
          -0.70553
           1.25908
          -0.34718
           1.35720
           2.65518
          -1.94050
           1.83818
          -3.03587
          -3.42602
          -1.03941
          -1.50790
           1.23219
           0.54381
           3.32718
          -4.74600
           1.81787
           0.78209
           3.93518
           0.06026
           2.04539
          -0.10393
          -0.30929
           2.14094
           0.57307
          -4.15785
           1.07409
           0.94618
          -0.27070
          -1.99368
          -0.55399
          -5.29053
           4.04549
           1.13256
          -0.41764
          -0.24447
           2.81016
               NaN
           1.78311
          -1.25883
          -0.66137
          -0.07493
          -2.52381
          -1.79927
          -0.36406
           1.67005
           2.00770
           2.24990
          -0.54637
          -1.16375
          -3.78331
          -0.11361
           2.72679
           0.23125
          -3.29906
           2.60583
          -3.08779
          -0.18557
           4.63372
          -3.66519
          -0.35354
          -2.89440
          -1.68139
          -0.30534
           0.98111
           0.19608
           1.83230
           4.31974
          -1.06437
          -2.78472
          -5.93939
           0.44977
          -2.93938
          -1.15815
           1.25353
           0.89965
           0.04587
          -0.35765
          -1.07134
           0.46049
          -1.18837
           1.07454
          -0.85969
          -1.14850
          -0.55122
          -4.43649
               NaN
           0.92082
          -1.55583
          -0.18393
           0.27038
          -2.66607
           0.94892
           0.75721
           2.62108
          -4.66320
          -1.51069
          -3.23505
          -1.22571
           0.40117
          -0.11107
          -3.51841
           2.89773
          -4.51528
           0.98879
           0.55685
          -2.90930
           1.90733
          -1.09834
           0.78006
          -0.85307
           2.23193
          -0.25790
           2.27741
           1.61839
          -1.97128
          -0.59256
          -1.05479
          -0.13371
           0.08947
          -0.15371
          -1.00733
          -2.27090
          -0.96579
          -1.42275
           1.27297
           0.46955
          -3.61638
          -3.85143
          -2.89505
          -2.14122
           1.29143
          -3.30753
          -0.35743
          -4.80461
           0.62620
          -4.21819
          -0.17956
          -3.91886
          -1.49153
           1.70747
          -0.86118
          -1.65319
           0.78469
           0.03657
          -1.88517
          -0.37810
           0.76807
           4.72094
          -0.78937
           0.48783
          -1.50980
          -0.55180
           0.48793
           0.83700
           1.29104
           2.53347
           1.39798
           0.56103
           2.82601
          -4.50283
          -2.67999
          -1.55185
          -1.46639
          -0.66598
          -2.06539
           2.16317
           0.34896
          -2.19041
           0.80842
               NaN
          -0.17727
           0.36995
          -0.57286
          -0.01264
          -1.89677
          -0.13649
          -0.05839
          -1.40381
           1.75287
          -2.65787
          -0.52652
          -0.56234
          -0.45997
          -0.98684
           2.15609
          -3.84564
          -0.69806
          -0.74906
          -0.47079
          -0.94111
           0.13481
           3.42340
          -1.84850
           1.38320
          -3.30858
          -1.29501
          -3.58191
          -0.10211
          -2.62363
          -1.55904
           2.52758
          -1.27441
           0.30843
           2.44762
          -3.99119
           2.22265
           0.46777
          -1.26737
          -2.24636
          -2.05775
           0.54359
          -0.21068
           2.50789
          -1.99083
          -0.30389
           0.78321
           1.06672
          -0.93073
           0.85051
          -2.68187
           2.78533
          -3.15015
          -4.06289
           0.53536
           1.15165
          -2.47526
          -1.20786
          -1.31387
           0.70931
          -1.42962
           4.72301
           0.99397
           0.64184
          -1.86506
           1.73962
           2.65673
          -1.87079
          -1.02128
           2.38461
          -2.97630
          -0.28351
          -4.49906
           4.36010
          -1.88901
           1.41684
           3.00699
          -1.39565
          -3.58131
          -0.45673
          -0.71720
          -2.25397
          -1.31964
           2.55683
          -0.23365
          -5.34027
          -0.79023
           1.15973
          -2.09234
           0.77253
           1.72093
           0.08260
           1.63255
           2.69619
          -0.95899
           0.54180
          -0.06650
           0.82977
           1.27146
          -3.27996
           0.24495
          -0.88434
          -0.95321
           1.89741
           4.09899
           0.18258
          -0.34613
           1.17451
          -0.06087
           1.67402
           1.27703
          -0.91547
           0.18521
          -1.30015
          -2.42564
           1.51871
          -0.52755
          -3.05999
          -5.28901
          -2.10300
           1.22920
          -2.54439
           0.70896
          -1.14891
           1.64218
          -1.88913
          -1.28174
          -0.61493
           0.41939
           3.12656
           2.49273
           3.32290
           1.88055
          -0.90674
          -2.23367
          -1.99604
           0.08834
          -3.04419
          -1.96861
          -3.19522
          -0.61531
          -1.70818
          -0.56070
          -0.32186
          -1.95075
           2.69712
           1.11073
          -0.94527
          -3.81151
           0.79460
           2.43276
               NaN
           2.78888
          -1.53645
           2.08456
          -0.76304
           0.18080
           3.72651
           1.02819
          -3.85699
           1.67417
          -4.63522
          -0.54797
          -1.83881
          -0.79699
           2.19661
           3.04755
           0.27206
           4.40217
           2.37313
          -0.23435
          -4.87183
           0.88323
          -3.86051
          -5.06668
          -2.68503
           0.50369
           2.69949
          -3.85425
          -1.19181
           0.19599
          -2.70590
           1.21894
           0.14423
          -4.56509
           2.27108
          -0.10698
           0.00667
          -0.70991
          -1.19217
           0.20201
          -1.59381
          -2.38786
           3.99872
           0.86446
          -1.76100
           2.13836
           2.95623
          -0.80855
          -2.09213
          -2.82026
           0.08808
           2.69445
           0.10273
           2.21844
           0.80888
          -1.46297
           2.36963
           0.24462
           1.22088
           1.02218
           0.19507
          -1.54957
          -1.95276
          -2.29147
          -1.23264
           4.18037
           1.42918
          -2.21174
          -0.67669
          -4.04044
           0.49595
           0.17383
          -4.14308
          -0.52636
          -1.60523
          -2.51766
           0.96919
          -1.34499
           0.42743
           2.29145
          -1.45389
           1.98874
          -3.14681
          -2.84755
           1.38036
          -0.79029
           0.86755
           0.82195
          -0.48644
           4.06812
           0.47909
          -3.57353
           2.37147
          -0.12773
          -1.73657
          -0.41118
           0.98945
          -1.07764
          -5.31422
          -0.48824
          -4.56200
          -1.02587
           0.11219
           0.74554
          -1.91246
          -3.99054
          -0.91892
           1.10833
           0.68236
           0.48087
           0.25525
          -0.40820
           0.98611
          -1.74649
          -2.90587
           1.34021
           1.57102
          -2.37321
           1.80538
          -4.55176
          -0.81729
          -1.54282
           5.02782
               NaN
           4.03051
           1.52009
           0.05163
               NaN
          -0.20402
           3.50248
           1.14589
           4.07260
           1.74579
          -3.46212
          -1.18123
          -0.31142
           2.19831
          -3.46986
           5.31313
           1.24486
           0.32098
          -0.96753
          -4.84744
           3.48974
          -3.35821
          -1.84644
           2.32894
          -2.69225
           2.64992
           0.96175
           0.11167
          -0.76249
          -1.37995
          -0.31562
           0.19665
          -1.29178
           1.43982
          -1.59208
          -1.49805
               NaN
          -5.80708
           1.63086
           1.18749
          -2.14422
           4.64619
           2.57348
          -0.87570
           1.97872
          -1.13996
           1.78884
           0.37118
           1.90407
           1.75612
          -1.73501
          -2.59378
           0.25233
           0.84648
          -3.13246
          -1.96496
           1.77333
          -0.69226
           0.51029
           0.52444
           0.78401
          -3.67054
          -0.52691
           1.93099
           1.55487
          -0.94550
           0.33883
          -1.63012
          -1.51112
           0.31475
          -2.49781
          -0.02521
           1.58329
          -1.30010
          -2.05301
           0.17269
           1.35427
           0.82770
           0.63178
           0.98216
          -0.37673
           1.79212
           1.04602
          -2.13183
          -0.89369
          -1.70899
          -1.47031
          -0.34402
           2.29340
          -0.54861
           0.36232
           1.38073
           0.75062
          -1.73122
           2.29496
          -0.59439
           0.57535
           4.48493
           1.47821
           3.19116
          -1.28419
           2.98433
          -0.07858
           0.86052
           3.77077
           0.51359
          -0.40613
           1.19842
          -3.89400
           2.05628
          -0.76014
          -3.74705
           0.75646
           0.66031
          -1.26765
          -1.13544
           1.27291
           2.90505
          -0.28680
          -0.68509
          -3.25398
          -2.67234
          -1.17516
               NaN
          -4.91562
          -2.72672
           1.38518
          -1.21523
          -0.52536
          -3.03233
           2.02743
           0.87586
          -1.63839
          -3.59026
           1.69430
          -0.31738
           0.00418
           0.35518
          -0.13062
          -3.21333
          -1.77059
           3.07954
          -5.39728
           2.84419
          -2.63995
          -3.52909
           0.34778
          -1.62202
           0.40714
          -0.95429
           1.30903
           0.44150
           3.88357
           3.92982
           2.90427
          -2.81099
          -0.28487
           4.75573
          -2.52843
          -0.26669
          -0.77709
          -2.85959
          -0.32617
          -2.49191
           4.87076
           4.88666
           0.83316
           3.12046
           0.12183
          -3.39654
           0.07843
           0.60196
           2.24852
           2.34971
           0.18747
           0.66238
           2.15234
          -2.34064
           4.74745
          -4.58263
          -0.52442
           2.35865
           1.67958
          -3.75562
          -3.90860
           2.49199
          -4.69111
           1.81498
          -1.20974
           2.90130
           0.78437
          -1.08256
           0.32444
          -2.55378
           0.61941
          -3.19531
          -1.82033
           2.16285
          -1.35064
          -0.53916
          -3.05221
           0.30708
           3.32962
          -0.96142
          -1.11284
          -0.35301
           0.74096
          -1.15761
           1.86065
           2.05033
           3.57766
          -1.45911
           1.28618
          -0.99572
          -4.28517
          -5.18399
           1.92145
          -3.99560
          -1.82383
          -0.75078
          -1.07032
           3.05611
          -2.94372
           2.40662
           0.89993
           1.20113
          -0.23369
          -2.30672
          -1.27314
          -2.50333
           2.84716
          -1.44923
           1.63690
           0.65776
           0.43003
           0.01601
          -2.32755
           2.25166
          -0.61598
           1.09631
           0.86673
           0.96471
          -1.49866
           0.91445
           2.67761
           2.43658
          -0.42077
           0.80942
          -0.26471
          -1.66216
           1.28626
          -2.40817
               NaN
          -3.38061
          -2.45929
           2.33719
           2.91249
          -0.69964
           2.28761
           0.17341
          -2.63730
           1.36463
          -2.63975
          -0.25739
           0.05350
           2.95081
           5.38850
           3.95743
          -0.35861
           1.84322
          -0.64310
           1.98630
          -0.24829
           0.05865
          -0.72026
           2.87560
           2.80947
          -5.71763
          -1.70338
           0.06841
          -0.69848
           0.13531
           1.67274
           0.52857
          -0.28913
          -3.06331
           0.04006
           1.46650
           2.16779
          -0.92922
           3.32110
           0.24422
          -0.31088
          -1.42888
           2.20987
           1.89227
          -0.68421
          -1.07914
          -0.40126
          -0.05422
           0.59834
          -1.96448
          -2.98159
          -2.47550
           1.22850
           1.09785
           3.11850
           0.57938
           4.16211
          -2.92269
           2.28176
           1.75312
          -1.37886
           1.45095
           0.06152
           2.16334
           1.74845
           0.77883
           3.90431
          -0.89927
           0.56256
          -0.57700
          -1.10289
           1.13518
          -3.29464
          -0.62308
          -0.38838
           1.30418
          -0.84510
          -1.91721
           4.92452
           3.23530
          -2.41040
           0.70470
               NaN
          -0.40066
          -1.90783
           0.21596
          -0.45264
          -1.24710
           0.73221
          -2.47226
          -3.01373
           2.32705
          -0.38836
          -1.30269
               NaN
           2.15478
           0.05185
           2.73116
          -1.12871
           1.33098
          -0.35687
          -2.78927
          -3.68833
          -0.07836
           2.05899
           4.24817
           0.49516
           0.59712
          -0.22494
          -3.10350
           0.63091
          -0.22480
           0.58836
          -1.86322
           2.77062
          -2.69165
           0.01344
           3.28632
           1.69123
           1.09630
           0.08512
          -0.79403
          -2.55290
           0.66719
          -0.61855
           0.40371
           2.33043
           0.90383
           1.11677
           3.19014
          -1.66142
          -1.60215
          -1.54969
           1.23017
          -0.85867
           1.73188
           1.36154
          -2.03712
           1.34681
           1.02511
           3.62989
           0.67951
           2.96692
          -4.86053
          -2.27938
           3.38103
           5.03369
           0.73776
           1.06783
           4.40866
          -1.39615
          -3.97358
           3.56335
           3.93965
           2.11325
           1.58962
           1.43539
          -1.16363
          -1.87514
          -3.11275
           1.70834
          -0.12635
          -2.00580
          -1.73847
           0.29799
          -0.34277
           1.67196
          -4.54225
           0.45309
           2.07358
          -5.18151
          -1.37015
           0.67250
           1.19555
           1.67482
          -2.64083
          -4.73811
           2.37434
          -2.27222
           1.85723
           2.83463
           1.32224
               NaN
           0.13248
           0.41097
           2.62194
           2.16994
          -1.38347
           0.90730
           1.76132
           6.55821
           0.75879
          -0.50260
           1.84080
          -1.46596
           2.99337
           3.31308
           5.52583
           5.92517
           1.40235
          -0.94993
          -3.87297
          -3.35820
          -3.68687
           0.17084
          -1.33480
           1.46996
           1.45263
          -0.90827
          -2.38952
          -1.28910
           1.27458
           3.31528
           0.83216
           1.58055
          -2.50956
           2.12650
           6.86200
           0.23706
           0.19462
          -2.42758
          -1.27590
           1.16424
          -0.82896
          -1.37504
           2.65542
          -0.43030
          -2.65294
           1.21070
          -1.18199
          -0.34570
          -0.64243
           3.97641
           3.27705
          -2.24139
           1.69165
           3.29433
           1.18224
          -0.25882
          -2.96851
          -3.07731
          -2.63641
          -2.92973
           1.04943
          -3.98194
          -2.97495
          -3.22408
           2.46771
          -1.54884
          -1.93156
           0.58186
          -0.81300
          -0.70142
           2.77124
           6.02277
          -1.64746
           1.05147
          -1.44815
          -2.28209
           3.45171
           0.79594
           0.82260
           1.66746
           1.36171
          -1.53257
          -4.45098
          -2.62718
           1.11468
           1.67537
           0.79829
          -0.05820
           3.97481
           3.94065
           0.64999
               NaN
           5.22256
           3.02967
           0.10974
          -1.72598
          -2.86115
           0.58677
           0.97624
           0.50021
           1.20252
           1.60757
          -0.29272
           1.35123
          -2.70438
          -3.24193
           3.19628
           0.69156
           0.65648
           2.57633
           2.83060
           4.24721
           2.54962
          -2.11270
           0.29942
           2.99343
          -1.00251
           1.83409
           1.85910
          -4.33288
          -0.80230
           1.49772
           2.32640
          -5.76689
           4.56534
           6.12297
          -1.04427
           1.69590
           1.23989
           3.66989
          -0.50894
          -3.42903
           2.14354
          -2.94071
           0.99242
          -2.07167
          -0.39653
           1.51864
           3.83684
           2.64256
          -1.00234
           0.06545
           1.11150
           1.34537
          -3.87655
          -0.21233
           1.57793
          -0.93024
           0.31021
           3.33763
          -0.32845
           1.55146
          -2.96267
           1.00858
          -0.25129
          -2.71749
           2.16227
           2.55750
          -1.94876
           1.83457
          -0.21278
          -0.55113
           2.49104
          -1.73614
           1.66223
          -1.56406
           1.15790
          -5.47185
          -0.18427
           0.52098
           0.81940
           0.78996
           1.32519
          -2.64557
           2.21507
           1.06943
          -0.32623
           2.30006
           4.00661
          -2.57606
          -0.26317
           1.15759
          -1.61152
          -1.50848
           3.16030
           1.64485
          -0.42295
           1.91640
           2.21898
          -1.88305
           1.95191
           6.23979
           2.72528
          -0.05642
          -1.10787
          -0.44342
           3.75873
          -0.50579
          -0.21845
          -2.90016
          -1.71678
           2.00544
           0.85722
          -1.00490
           2.97798
           1.99441
           0.58969
           2.78518
           2.31186
           1.65995
          -2.18688
          -1.54359
          -1.45135
          -3.14589
          -4.58821
           1.90408
          -5.43878
           1.21073
           1.29085
           3.17042
           1.32037
           1.39663
           3.19251
           1.06917
           0.78047
           4.09892
           1.36025
           1.04450
           0.40804
           0.23284
           2.09538
           0.71233
           0.35028
           1.69357
          -1.77486
           1.68777
           0.61742
           0.18067
          -0.33589
           2.03482
           0.54803
          -0.23199
           2.12660
           2.64917
           1.23055
          -0.96550
          -1.11959
           3.35088
          -0.83204
          -0.58388
           1.00636
          -2.01641
           1.92900
           2.58289
           0.57906
           2.38093
           1.30674
           1.68602
          -0.43684
          -0.12338
           1.83820
          -1.24128
          -0.74769
          -2.92133
          -4.41842
          -0.50201
          -4.36737
          -1.97695
           6.46248
           3.44656
           2.48655
          -3.81416
           1.49141
          -1.55929
          -0.72617
          -0.35549
           2.29389
           1.43761
          -5.11457
          -0.36310
           3.95260
          -0.86449
          -3.05983
          -2.44507
           0.11391
          -0.31012
          -2.21850
           1.53775
           3.65313
           0.10858
           2.84997
          -0.62224
           0.48042
          -1.21807
           1.31234
           1.24654
          -1.10447
           3.63428
           0.13431
           0.66647
           0.15855
          -3.69992
           0.07382
           2.47637
           6.53848
           2.39025
          -0.07608
          -3.96982
          -5.52234
          -1.73000
           1.82769
          -2.87740
           0.56259
           3.07539
          -0.33849
           0.31730
           0.81091
          -2.41362
          -0.64954
           5.99104
          -1.54231
           4.48349
          -1.56017
          -0.39769
          -1.46750
           1.63405
          -1.26942
          -2.38365
           2.28557
          -1.23875
          -4.57023
           1.03509
           1.50031
           3.55584
           0.97252
          -0.97018
           2.15296
          -0.88747
           3.38802
           2.91178
          -1.67334
          -2.24626
          -1.21651
          -1.88657
           0.68553
           1.44559
          -1.89610
           3.37356
          -1.98391
          -4.20888
           4.30390
           1.20228
           5.91159
           3.42848
           2.65412
           2.60657
           3.53007
          -3.50695
          -3.33156
           0.36976
           1.24700
           2.33227
           2.22485
           5.05060
               NaN
          -0.80931
           2.15263
          -3.02584
           2.06590
          -0.22971
           0.34425
           4.42236
           1.22716
          -1.82337
           0.31271
           0.27891
          -0.69796
           1.18599
           0.46834
           2.05380
           3.83725
           5.48736
           6.11423
           1.91080
           3.40145
           2.02503
           0.49447
           4.48468
           2.35242
           0.97951
          -2.67863
          -0.33100
           0.75789
          -4.39185
          -2.94811
           1.21203
          -4.65637
          -3.30117
           3.41549
           3.92952
          -2.44653
           3.28850
           0.08533
          -0.98758
          -0.21505
          -2.84506
           0.29606
           2.63623
           1.94475
           0.15899
          -4.26980
           0.90817
          -0.50493
           3.20962
           2.29070
          -3.25167
           3.01221
           0.86096
           0.78692
           1.91279
           1.89485
           3.38125
          -1.68339
          -4.56442
          -1.65675
           2.02386
           1.75812
          -0.65541
           2.04228
           4.65849
          -3.30614
           2.08877
          -2.23189
          -1.29743
           1.25727
           2.83397
          -2.48526
               NaN
           0.95182
          -1.23328
           2.77446
           2.15796
          -0.14495
           3.90037
           0.17465
           3.90431
          -4.47777
           1.78753
           3.18351
          -0.54432
               NaN
          -2.91813
           1.67401
           3.22624
          -2.89638
           1.61532
           0.85880
          -1.96795
          -1.77434
           0.03587
          -4.19710
           0.56690
          -0.40988
               NaN
           0.60874
          -1.34437
          -3.39270
           1.21264
           0.96616
          -0.62021
          -4.03880
          -3.40163
           0.59407
          -0.69737
           2.48145
           4.36968
          -1.63657
          -2.74134
          -2.75259
           1.89032
           2.60347
          -0.42625
          -1.43777
          -0.05175
          -1.30420
          -0.86273
          -3.46324
           1.70493
          -3.11442
           0.26379
           1.16548
           0.61589
          -1.78567
           1.10256
          -2.39145
           2.03835
           1.75913
           2.59424
          -2.59967
           0.94285
          -2.47130
          -0.99539
           0.45552
          -2.11977
          -1.55795
           2.37402
          -1.88206
          -0.22742
          -1.39630
          -0.23390
          -1.11514
          -1.63852
           1.47512
           4.04923
           2.40918
          -2.93987
           1.43542
          -2.43997
          -0.89111
          -0.30560
           4.18929
           1.14957
          -0.70693
          -0.25443
          -3.21838
          -5.79450
           0.02631
           0.46159
           1.29501
           0.78353
          -0.85056
          -0.01228
           1.32152
           1.84827
           0.27941
           1.03984
          -2.30026
          -0.63753
           3.19993
           1.57015
           1.33062
           1.05670
           1.07083
          -2.25418
          -0.58332
          -1.85913
          -5.30595
           3.96323
          -0.52211
           2.45713
          -1.54900
           1.99117
           2.18704
           0.10551
           5.38138
          -2.29165
          -0.30013
           1.81667
          -1.34541
           3.61003
           1.78409
           0.57588
           1.57987
          -4.37411
           1.02672
           0.64835
           0.33833
           3.02508
          -2.74290
          -2.06574
           0.53878
          -1.72090
          -4.30344
          -3.11385
          -3.36300
           1.60016
          -1.50280
           0.46117
           2.72160
           1.14593
           3.48496
           0.52674
           0.00914
          -1.18183
          -0.56579
           5.37176
          -1.23335
           0.79465
          -0.38171
           4.12333
          -0.43482
           2.90053
          -0.76201
          -3.70917
           0.94681
          -0.48148
           4.03610
          -3.54584
          -4.15977
           1.53216
           2.68803
           1.79863
           2.90336
          -2.94389
           2.45680
           0.99690
           0.41537
          -0.62073
           0.54105
          -1.33480
           0.13277
          -1.37223
           2.45842
           4.50327
           1.47912
          -1.27145
           5.54864
          -0.95397
          -0.43868
           0.50425
          -1.98385
           3.02142
           0.67680
           1.41090
          -1.12512
          -0.40308
          -1.91984
           3.01379
           4.78469
          -0.12274
           0.38980
          -0.83001
           1.68410
          -0.67827
          -0.97644
           0.58391
           1.86143
           0.33513
           0.63385
           1.47573
          -4.29377
           0.46612
          -0.52608
          -5.94445
          -0.20426
          -0.44234
           4.13332
           0.37180
          -0.98128
           0.24596
          -1.69976
           2.99791
           3.86502
          -0.34049
           2.56241
           0.15094
          -3.01029
          -2.14076
           0.96316
           0.18668
           0.24202
           1.03266
           3.77442
           4.02594
           5.26182
          -2.70292
               NaN
           2.74475
          -3.46169
           0.83296
           1.37267
          -2.67134
          -0.15149
          -0.80572
          -0.81621
           0.43685
           2.68926
          -5.42075
           6.29264
           0.54632
           0.96170
           1.20586
          -0.04237
           0.55378
          -0.54821
           0.87881
          -1.51523
           0.69425
          -4.38503
           0.51734
          -0.89339
          -1.71569
          -4.08973
           1.77732
          -2.91896
           2.28742
          -1.70988
           0.31989
           3.69523
           2.04221
           0.17706
           0.03348
           0.95409
          -4.44596
          -1.65400
           0.80482
           1.23203
          -3.92298
          -2.99488
           3.54879
           0.38684
          -2.94239
           5.71915
           2.94513
          -1.93125
           0.02161
          -2.42999
          -1.49724
           4.39206
           3.20188
          -0.83007
          -2.08928
          -3.95704
          -3.01202
          -0.16803
           1.46235
           0.17775
           4.31195
           3.28059
           3.08475
           4.87203
           0.80173
           2.69323
           0.51020
           1.83726
          -0.06371
           0.86845
          -3.91592
           0.15110
           4.61477
          -1.13914
          -3.85179
          -4.94369
          -0.98268
          -1.55535
           1.76981
           3.58979
           2.24882
           1.62369
           2.78233
          -0.76727
           2.67265
          -0.22521
          -2.36137
           0.48704
           0.48405
           0.87298
           0.11645
          -0.17813
           3.30473
           1.20883
          -1.71760
           4.09665
           0.84068
           0.79998
           1.67919
          -2.91242
           0.68057
           1.94420
           1.09477
          -1.24516
           2.60121
          -4.21810
           0.38496
           0.90749
           2.06117
           0.99264
           3.10131
          -1.03195
           4.03556
          -1.32370
          -0.95400
           1.26868
           0.55526
           1.37259
           3.58506
          -2.05498
           1.07527
          -1.45825
          -1.07263
          -3.01701
          -2.51853
          -0.31702
           3.70350
           0.86414
          -0.75891
           3.11259
          -1.87184
          -0.65921
          -3.58507
           0.02573
           3.88699
          -0.75749
               NaN
           5.37771
           2.00855
           3.85969
           1.25369
           0.71957
           1.82104
           1.17241
          -0.13378
           2.27905
          -1.32621
          -3.17814
           3.69023
           1.92627
           0.05818
          -0.78984
          -1.51541
          -2.13034
          -2.56298
           4.28362
           0.41686
           0.92293
           0.77334
           0.23918
          -2.14525
          -1.07061
          -1.90393
           3.38700
           1.32657
          -3.51417
           0.14928
           3.82875
           1.47067
           0.53708
          -0.44556
          -5.18204
           3.96429
           0.37298
           0.33197
           1.99130
          -0.71646
           1.73070
          -1.41093
          -2.56007
          -2.42284
           1.39463
          -0.89055
          -3.05126
          -1.56779
           1.55732
           4.81756
          -4.29178
          -0.29301
           1.61197
          -3.65945
          -0.94845
          -0.93142
           1.59634
           2.01797
           0.22313
           1.94422
           1.57439
           3.85422
           4.06046
          -2.94778
          -0.29527
           1.63211
           2.32729
           2.10651
          -0.46702
           1.30934
           2.34145
          -2.15189
          -0.49734
           3.26092
          -0.35212
           3.14345
          -3.49399
           6.25724
          -2.86995
           1.20521
          -0.28091
           0.80976
          -1.68432
           2.69300
           0.04312
          -2.50942
           0.41646
           3.66082
           2.14862
          -1.85976
           5.01692
          -0.28628
           0.49202
          -2.54919
           3.06126
           0.23926
          -0.79712
          -3.64301
           4.48749
           5.36639
           1.89826
           2.97311
           3.99335
           3.68101
           2.86808
           4.58691
          -2.10324
           3.09427
           3.12804
           2.44828
          -1.46003
          -0.47474
           1.21853
          -0.05323
          -3.93061
          -0.34472
           0.00629
          -0.52564
           0.34539
           1.09856
          -4.54866
           1.83590
          -4.51123
           2.59750
          -1.67752
          -4.82899
           0.63475
          -1.38959
          -2.03460
          -0.95911
           3.14376
           0.60143
           4.53906
           3.05310
           2.62443
          -5.31165
          -2.68652
          -3.28749
          -2.95822
          -2.30877
           2.49612
           0.58915
          -0.76311
          -4.39306
           0.23960
           4.36774
           4.67009
          -2.48470
           0.49222
           0.50304
           0.02188
           2.67635
          -4.43742
           1.93388
           3.76044
           1.57110
          -1.17980
           0.02245
           1.70977
          -0.86170
           0.31151
           5.76603
           2.40960
           1.13497
          -3.01008
          -0.53578
          -0.17370
           0.37890
           1.83476
          -1.88137
           1.29486
           0.69775
           4.34310
          -3.81139
          -0.31508
           2.08477
          -2.18727
          -5.57680
           0.78777
          -0.01277
          -0.16791
           1.86119
          -2.74405
           0.85765
          -0.73115
           2.85514
           4.27924
          -0.56101
          -0.06826
           2.64335
