           4.76863
          10.63790
          -0.69531
          23.35169
         -14.29161
          -6.27079
          -4.04217
          21.25879
         -13.44579
          24.82091
          46.14421
          12.63660
           9.05789
          -4.78639
         -21.68393
          27.47273
          21.21032
          -1.39566
          11.45007
          35.68728
          31.21517
         -15.59737
          25.82467
          -2.28167
         -23.93210
         -12.86102
         -24.41081
          20.54846
          40.73624
          19.02977
           9.70778
          -6.52097
           7.72712
          32.98793
           7.31199
          18.68494
          -2.48758
           4.15038
           7.65415
         -14.31129
          11.91778
         -22.66546
          -8.58877
           9.95690
           2.96808
          16.63975
         -11.04924
           5.51349
           6.67184
          -5.34811
          21.08867
          -8.87536
           8.94979
           0.67710
          20.74023
          19.84243
          -8.53062
          -6.66336
          41.07851
          -9.10683
         -12.72908
          -9.93594
         -12.67948
         -13.89030
          36.95681
         -11.59924
          14.77785
         -12.23117
          19.55049
           2.60853
          26.93960
          -8.23366
          15.93209
           5.29234
          19.34302
          31.86003
          29.07466
          11.46470
          -3.81194
         -16.77442
          -7.42058
          26.38677
          15.68304
          -6.67946
          10.33977
         -12.21607
          42.04169
           3.35887
          15.42592
          20.48181
          -4.76109
         -20.78729
          27.24831
           8.63829
          31.40364
          15.75539
          10.20254
          -9.15387
         -28.19932
          30.81356
          22.23321
          13.12394
          -3.83993
           4.88836
          25.77982
          15.97159
          10.00929
          36.20267
           6.57656
           2.94076
          14.20511
          -3.68966
          32.36985
          17.08388
         -20.73198
         -21.93332
         -14.98036
               NaN
           0.23934
          24.74609
         -31.51437
          14.61937
          11.45509
         -11.79966
          -1.98805
          12.15052
          14.41008
         -15.57015
          25.27397
          22.72504
          30.64708
           1.60206
         -30.96156
          17.52187
         -10.05667
          34.33129
          10.68809
           5.82402
         -32.96858
         -23.67393
          25.54494
          48.21124
           2.05067
          20.26842
          -1.59035
          26.54972
          -4.37696
          13.91378
         -33.23431
          11.59703
           8.91197
          18.85354
          -8.30430
           9.26451
          14.51116
          -3.40584
          24.37951
         -10.35739
               NaN
         -10.07715
           5.05643
          33.21069
         -12.70290
         -10.07455
          34.63828
          20.02557
           9.33822
           3.69669
           1.30518
          13.80752
          -9.68249
          19.62278
          -7.54132
          22.38392
         -12.18671
          17.51290
          29.18017
         -17.76687
           6.97916
         -13.73462
          20.13685
           5.48297
         -17.32695
          -3.90211
          15.87386
          -6.62557
           0.57759
         -23.08719
         -28.52261
          11.87302
          28.95429
          11.28382
          17.05724
           7.42939
           6.48443
          -3.84160
          -9.84334
         -15.89672
          -7.21900
           1.20185
          -8.16483
           8.17643
          37.80652
          13.08932
          -3.97331
          11.91696
          11.62064
           3.93520
          -6.21951
         -15.63095
          11.25465
          15.22681
           9.18611
          -3.53670
           2.36409
           0.02925
           4.97665
          10.02803
          16.11673
           9.16400
          -2.01894
          20.91016
          12.75761
         -17.76801
         -14.55544
          16.70118
          16.98282
          20.38988
           4.69631
           5.31495
         -36.98460
          11.16792
         -17.01884
           8.66322
          41.05978
          20.08298
          25.42205
           9.27860
           9.91314
          -0.84069
          24.68689
           4.60309
          34.21727
          27.87222
          20.06454
          25.55915
          11.64470
          16.86076
          -2.15796
          -3.67987
          23.66215
          24.85385
          10.64338
          -1.08522
          -7.92816
          32.99757
         -19.68385
           5.66501
          14.00379
          -9.28539
           7.00847
           9.09870
           3.86762
          24.11382
         -13.23468
           1.76239
          28.99741
          16.64382
          -1.15046
          31.83080
          40.57217
          -3.48382
         -11.20664
          17.15044
          26.26914
          -5.12850
          10.82108
          25.94787
           5.02558
          -2.93988
         -22.57842
               NaN
          -4.69066
           2.44393
         -16.56388
         -12.71161
          14.64083
          14.63621
          12.94992
         -24.29698
          28.90780
          43.04575
         -17.16763
          17.77274
          18.70418
         -17.24746
         -14.89672
           2.24095
          17.38546
          10.15306
           4.42894
           4.19615
          18.82019
           3.35970
          -6.52544
          -1.85552
          52.16667
          21.17573
           7.47642
          25.06640
          -0.92145
          -6.85172
          -0.85319
           4.97653
          32.52104
           6.39064
           2.77985
          13.35577
          26.72345
          11.16766
         -15.09185
          20.16621
           1.92891
           2.56771
          18.32475
          12.51954
         -18.19648
          13.82935
           4.25911
          13.03751
           2.62192
          43.60073
          -4.07459
          21.60016
           6.23532
         -16.93771
          -2.81442
          -3.79277
           8.79701
           2.96180
          -3.20785
          42.43433
          21.62891
         -35.99234
          21.40914
          17.53365
         -25.69481
         -30.22935
          14.75806
          13.40741
          -3.48235
          18.73287
          24.54073
           7.97437
          16.96104
         -18.49906
          -6.08992
         -34.54951
          37.51247
           1.55955
          13.19564
          -0.42553
          -2.55929
         -30.68243
          14.12529
          26.21375
           5.90959
           0.16530
           2.85439
         -15.78605
         -10.17667
         -11.98485
          18.06958
          38.34051
          -6.56276
           8.75924
          15.82734
          -3.37854
          11.09834
          -0.32408
          -4.46199
          13.15307
           1.64784
          -6.74464
           3.86243
          24.19853
          17.49424
         -11.32587
          28.74630
          15.99045
          12.10398
         -10.41467
          16.33402
          -5.94742
          -0.21849
           0.12953
          12.38648
          -0.08309
         -12.59351
          13.06338
          15.17837
          14.83648
          18.01194
          27.66538
          30.05104
          22.44583
          15.29934
           1.41214
          -4.92760
          23.77807
          -0.30579
          16.81589
          14.88994
           2.08114
          47.94780
         -18.96743
          -3.69045
           5.33210
           2.08630
          13.09574
          20.77909
         -22.23390
          27.20522
         -10.61914
          14.45247
          -1.92922
          -0.96697
         -10.73640
          42.34179
          14.06648
         -23.82476
           1.56827
         -34.12690
          16.66545
           3.05469
         -11.12903
          27.89541
          16.83086
           0.20003
          -6.62584
           2.79693
          -7.30502
          -5.76393
         -14.17413
         -10.55947
          -9.39238
          -9.63287
          -0.07691
         -20.57469
           4.60068
          27.79418
          17.94361
          14.40773
         -11.20326
          15.22587
          25.53587
          15.56263
          12.78037
          35.46605
          40.45867
          -7.57213
          37.12179
          27.86665
           2.79188
          21.06739
          13.25106
         -15.41166
           9.94308
         -11.08574
           8.16598
          20.77111
          24.27170
           4.02391
         -14.08139
           0.59747
          16.32685
          21.58508
          10.38911
          -9.23552
          -2.18919
           1.77290
           5.73662
         -28.98362
           9.56720
         -12.22467
          28.27105
          -2.80249
           2.93488
           3.91792
          14.97169
           3.26904
          17.26814
          -2.79085
          -7.78611
           5.89822
          -6.27490
          -9.98537
           6.56628
          -0.86239
          -8.12903
          22.69816
         -11.40340
          -6.16238
          32.75772
          13.09863
          18.22432
          47.87200
          33.96319
          -3.84692
          12.40990
           6.26427
           0.35100
          -2.81432
         -30.66884
           9.48329
          36.17701
          41.63774
          17.24255
          35.22926
          -9.93116
         -23.76238
           4.35065
           2.42370
          -4.12731
          11.10825
          19.45331
          32.81721
          13.04960
           9.00269
           1.97172
          25.77069
         -17.63901
          -8.15619
           0.04459
         -21.88222
          -3.71622
           9.95299
          12.18235
           4.38504
          -9.46987
          17.21197
         -12.28819
         -11.37786
         -32.72957
          14.36113
          24.01852
          24.02923
           1.71209
          28.87572
         -23.94479
          -1.49991
          32.02326
          36.67873
         -16.80194
          28.55803
           4.49908
         -35.98258
         -18.56930
          15.09368
         -20.50268
          -2.59142
         -17.08747
           8.73905
          25.98281
          16.69191
          -2.99343
          18.35088
          -7.51468
           8.11228
          -1.42506
           7.72719
         -13.78802
           5.96064
          26.59865
         -16.79556
           0.76426
          23.66258
          20.70851
          23.21783
          14.32460
          28.41637
          -3.19865
          -0.68498
          15.29312
          44.25847
          -5.85266
         -10.04296
         -10.39553
         -15.19508
          21.56237
          31.12111
          34.44509
          -6.72217
          -0.56434
         -10.74131
          21.96726
          12.73610
         -31.36348
          24.24441
         -12.11319
           7.91860
          19.01154
          -1.32242
          12.76323
           7.95940
          16.92204
          -1.51450
         -21.18806
           0.54086
          39.31549
          13.68232
          26.26376
           0.21243
          34.08523
          -2.52557
          28.11613
           7.97447
          46.21028
          39.79273
         -13.48099
          21.31729
          -4.45828
          -8.90255
          12.77499
          14.63068
           7.66060
           4.14616
          -5.19654
           9.80785
           6.46407
           4.88582
          32.04620
          46.65519
          33.13723
          -1.15577
          15.41682
          -6.06409
         -16.40737
         -19.61285
          31.38047
          23.39641
          38.24560
          28.81991
         -17.53947
           0.28887
           6.43976
          -2.37765
         -32.07873
         -13.17083
          -3.04930
           4.14700
          -6.50886
          14.71765
         -16.74109
         -35.08677
          -8.98952
         -17.37094
          29.85228
          31.20785
          25.30345
           8.39086
           1.18386
          18.10159
          14.30581
          19.07565
           7.45258
          29.18111
           0.18413
          20.27860
          11.80874
          33.45368
           9.78736
          -0.56686
         -25.92638
         -10.41742
          20.64782
          22.65024
          45.82346
          -1.64749
           6.08209
          28.05111
          22.20256
          25.15471
          29.00111
         -10.46554
          24.37677
          16.00702
           7.63094
         -24.00577
          18.09984
         -34.12605
         -14.07159
          15.79524
         -14.33206
          16.79907
          20.19710
           1.08748
          11.62710
          21.79512
           0.38764
          -3.09632
          25.79977
          -3.65607
         -22.74249
          36.04665
          11.53763
           6.10602
           5.65876
           4.63848
          19.34096
         -20.57869
           9.75811
           6.88618
          19.20930
          26.43976
          15.57935
          17.02170
          -4.98333
          17.94921
          16.86539
         -22.68371
          38.08967
           9.94851
          -7.57758
          18.96858
           0.06184
           2.01319
          21.89058
          15.10562
          17.34956
          -1.51318
          17.74449
           9.96599
           8.89245
          -7.85904
          19.62989
          -0.94874
         -32.47434
          44.61655
          -1.71020
          17.39976
          23.29132
           2.03210
          14.35456
          -5.66911
           3.53427
          17.54395
          16.39666
          25.77143
          -5.15747
           5.42992
          15.24747
          19.63011
          30.89384
          30.26427
          14.39724
          29.58318
          21.69271
          15.43693
          52.65610
          22.64272
          15.32537
          13.74020
         -17.15410
           1.47589
          12.64804
          -9.02838
          25.64372
          14.20275
         -37.44051
         -15.19897
           6.76413
           1.53792
         -10.27202
           4.90289
         -10.42942
           1.37704
          45.52600
          13.94719
          19.66877
           2.70822
          -5.86639
          17.58517
           6.94559
          20.04315
          14.72593
          -1.73961
           1.77461
          -6.32114
         -19.80529
           6.15868
         -20.33535
          27.99298
           9.19317
         -13.78548
          29.03367
         -14.25276
          10.84573
           1.87099
         -14.97955
          18.17448
          14.85575
          12.30222
          -2.40759
           9.28674
         -18.09462
         -38.65074
           1.37639
          23.69499
          19.81892
          39.35394
          17.32180
          33.04464
         -20.38937
          21.79398
         -27.51110
          18.36408
          -8.27530
         -26.63554
           7.03091
          -6.26354
         -11.25673
          10.17098
           4.46578
          -1.96728
          15.82842
          41.02448
          11.55381
          48.62751
          -8.76739
           8.97788
         -10.68079
           7.79657
           9.94803
           9.76328
          18.50531
          29.87819
           6.44302
          -7.30381
          -4.26139
          17.71476
          21.01932
           2.13702
          25.65014
          14.01590
          11.48072
          -9.91035
          29.62862
          18.31935
          35.58990
           3.49566
           4.72791
          18.33275
           1.00920
          27.60351
         -11.97797
               NaN
          14.06224
          36.37000
           3.05436
           6.12311
           3.71348
          42.53347
          22.05402
         -14.71971
           2.43426
         -20.73101
           9.88608
         -11.71854
          15.59987
           9.94983
         -22.19306
          14.39489
         -12.91917
         -14.51073
           1.05913
          18.18854
          27.92188
          22.65565
         -10.35369
          -3.43810
         -23.76756
           5.46096
          11.62830
          23.04114
         -10.44152
          46.35367
           6.30324
          12.56935
          10.33519
           5.53613
          16.27528
          33.18207
           3.10874
          -0.71624
          -5.35492
          25.86464
          19.80078
          12.53676
          -8.79640
         -16.09762
          26.01968
          25.00679
          30.52234
          52.13868
           8.25321
          21.01301
         -11.99242
          23.89726
         -16.92366
           8.25455
          13.19873
          25.72439
          25.68825
          11.20505
           7.57714
          -6.56863
          21.31327
          35.84261
          15.31629
           9.54451
          22.59901
          -0.59492
           5.41845
          26.17038
          -3.08218
          10.34734
          20.52042
          -6.37803
          53.69966
          34.99934
          17.48175
           1.88366
          14.09479
         -22.41499
          17.46335
          40.64950
         -30.58030
          10.05653
          10.02340
          35.48165
           6.94665
          43.77013
           4.11492
          14.73161
          17.86467
         -18.31141
          11.63766
          -0.39332
           5.75860
          -0.68632
          29.38037
          -9.40074
          -3.09109
           7.46545
          17.93062
          -3.27623
           7.20601
           0.90614
          14.09966
          17.28197
          19.92231
          11.41434
         -11.58174
               NaN
          -0.11826
         -21.11679
         -35.47341
          10.34262
           2.86279
          17.86443
          25.53629
           9.92068
          20.18307
         -20.60159
          17.31635
          16.22399
          10.38459
          25.03632
          20.08426
          15.26705
         -10.93603
         -17.37256
          32.97111
          -4.52320
          24.37010
         -16.98992
          43.08156
           3.32972
         -13.16776
          -2.77181
         -35.44981
          18.81514
          51.95789
          39.71059
         -13.75920
          17.05910
          -4.25986
           9.67278
          17.55395
          -5.79442
           1.39684
          -2.81191
          -0.13726
           0.91871
           6.01847
          -0.71743
          -8.53826
          -9.26945
           4.13303
          -0.15788
           3.86174
          -0.53405
           2.21116
           0.71028
          -1.69440
           2.25741
          -1.78233
          -6.95152
           9.53579
          -4.76246
          -9.03065
           1.37573
           1.99185
           5.85397
           4.71373
           2.96683
          -5.22210
          -5.85692
          -3.10496
           1.62123
           3.32881
           1.97143
          -5.35073
           4.46500
          -5.67047
           3.56600
           3.64648
           3.52024
           0.63188
          -1.72523
           1.34311
          -5.40705
           2.90558
          -3.95141
          -2.16664
           0.38254
          -5.29479
          -6.13404
          -3.56196
          -4.07447
          -1.24584
           4.97071
           5.46879
          -1.98406
           3.54889
           3.55847
           0.61508
          -4.40628
           1.01062
           1.66816
               NaN
           4.04983
           6.37601
          -3.95941
           0.82545
          -4.37874
           2.64853
           1.05973
          -4.76374
           1.43042
          -1.92426
          -1.40709
          -5.51488
          -1.58730
          -0.94081
          -3.43038
          -5.82598
           4.30540
           3.57132
           1.29182
           0.88777
           0.75578
           0.26560
           2.49079
           4.84865
          -3.42891
           1.44800
          -1.34054
           7.21819
           0.89839
               NaN
           4.27550
          -5.79368
          -2.78428
          -2.21954
           7.10659
           2.88461
           6.70802
           5.34818
          -8.67298
          -0.63580
          -9.31435
          -0.90835
          -1.77179
           5.21407
          -5.80581
          -0.24626
           0.50558
           5.55010
          -4.88866
           0.28284
           2.02668
           3.71462
          -5.37097
           3.55500
           5.31941
           7.70497
           4.28912
           4.06290
           1.92804
          -1.73630
          -1.37802
           2.28076
          -4.14196
          -0.84239
           1.71276
           9.08849
          -3.74336
          -0.87857
          -1.82554
           0.42379
           1.08689
          -2.97876
           4.14597
           0.18036
          -2.88038
           4.76019
           6.48506
           4.23229
          -5.26996
           5.32751
          -3.31826
               NaN
           4.08297
           0.35852
          -2.98627
           1.66944
           6.93867
           4.06177
           5.78335
           2.59872
           1.84203
          -1.07590
          -2.11390
           6.38442
          -4.11356
           3.25140
           0.33840
          -1.11277
          -0.09601
          -2.70944
          -1.20474
           5.60883
           0.48115
           5.70246
           0.47548
          10.02336
           3.12365
           2.34280
           5.41268
          -4.70131
           0.62709
           0.40380
           3.09759
           2.42572
           0.86128
          -0.08111
           1.60463
          -1.96414
          -0.50520
           3.40391
           3.67782
          -3.25276
           5.43628
           3.11096
          -1.63239
           0.94325
           1.36885
          -1.62969
          -2.05415
          -3.44746
           3.79077
           3.82067
          -1.22856
           3.64205
           6.07809
           4.41085
           0.22936
           1.71325
           1.31412
          -0.26913
          -5.68544
           5.07584
           1.64083
           1.45455
           1.40405
           5.92500
           3.69794
          -3.08124
          -5.46378
           0.35878
          -4.62566
           2.87568
           2.59945
           3.38852
           2.25146
           0.67612
          -7.20582
           1.83430
           0.73341
          -1.44436
          -3.53427
           3.98043
           2.35497
          -2.36400
           2.15805
           5.49163
           7.21717
          -7.94175
           3.93146
           0.38314
          -0.22472
          -4.92990
           1.17698
          -0.15517
          -2.80514
          -0.36479
           5.06680
           2.91778
          -2.27913
           5.59274
          -2.92524
          -3.79983
          -6.12408
           7.39960
           1.07106
           8.65359
           6.25333
          -0.48195
          -0.15622
           1.38638
          -2.15710
          -2.06286
           5.23619
           3.76610
          -2.18010
          -1.58160
          -2.21734
           1.57695
           2.08492
          -1.79172
          -0.84504
           1.92912
          -0.23040
           1.55802
           5.75096
          -0.41052
           0.13941
          -1.38876
          -1.58184
          -0.57838
           0.75682
          -4.85180
           0.05101
           1.03601
           1.97684
           4.88397
           2.34438
           3.89916
           5.67251
          -0.20943
          -0.34212
           4.78608
          -2.02100
           5.38061
          -0.28345
           1.30388
          -5.28744
           1.78401
          -0.74155
          -0.43221
           1.31264
          -1.51773
          -0.59469
           3.31269
           2.33821
           2.60598
           0.75865
          -0.51347
           2.55847
          -0.03827
           4.31158
           4.73040
           2.50478
          -2.22374
          -7.02492
          -0.87824
           1.48001
           2.62713
           0.05859
           1.77070
           3.38281
          -2.97009
           0.39263
          -0.62286
           3.56660
          -2.84357
           3.16850
          -2.75463
           4.24273
          -2.02745
          -2.08314
          -1.47950
           3.63265
          -2.13368
           4.29544
           4.08368
          -3.51367
           1.35430
          -0.07617
          -0.16119
          -0.44647
           0.04559
          -3.25415
          -0.71701
           6.96324
          -0.54166
           3.80773
           7.94155
           4.45600
           3.85419
          -0.46336
          -4.41192
          -4.85654
          -1.23147
           3.24348
           8.39089
          -5.76438
           4.38286
           1.56164
           1.43036
          -2.25493
          -5.56385
           0.37650
          -5.00677
           1.06115
          -2.10730
          -0.62728
           3.48116
          -1.12347
           3.65900
          -2.65948
           4.29862
           2.22090
           0.56147
           0.57666
           1.26762
          -2.62712
           6.62467
           0.59304
           3.07357
           0.12739
          -1.92883
           0.05683
          -4.88384
          -2.31272
          -3.45798
           1.40361
           5.84003
           1.82759
          -2.04234
          -3.09982
           7.98358
           3.55044
          -0.74388
           1.79650
          -0.67580
          -3.17663
          -2.08942
           3.91008
           2.98901
          -6.54377
           1.88927
           3.78895
          -3.19452
           0.18453
           0.33788
           1.58772
           6.00148
          -0.66648
          -5.22953
          -2.63579
           5.66611
          -4.11754
          -3.43518
          -3.37653
           0.72537
          -0.14603
          -2.26740
           2.18407
           5.91806
          -4.33561
           2.32504
          -5.38239
          -0.33300
          -0.79277
           2.79362
          -0.07524
          -0.54956
          -0.81414
           0.46303
          -3.41935
           4.54604
          -3.55663
          -4.18651
           7.48647
           3.40576
          -6.66380
           1.54982
          -4.00105
           3.05697
           0.02491
          -1.00038
          -0.24654
          -4.96770
          -4.16879
           5.42389
           3.53430
          -2.12553
           0.47235
           6.86405
           9.82133
           1.66322
          -2.07444
           0.51924
           0.08481
          -3.49348
           1.32133
          -5.79582
           0.59636
          -3.28051
          -8.93908
          -3.91465
          -2.22382
          -2.15206
          -2.79556
           8.02343
           0.68651
          -5.35516
          -4.12796
           2.45185
           0.21891
          -5.58061
          -0.40035
          -7.09322
           6.48714
          -3.19162
          -3.54113
           0.37497
           1.06928
           2.63929
           2.25466
           1.81388
          -0.04422
           2.40697
          -0.88674
          -2.87021
          -4.14464
           2.72938
           5.59135
          -0.77544
           6.83112
          -1.42247
          -6.57437
           3.10930
           4.44032
           3.13912
           0.53931
           3.60829
          -0.46959
           2.61596
           3.02241
          -1.32924
           3.27072
           3.54684
           0.17979
          -3.23823
           5.48222
          -4.57173
          -3.45025
           2.25840
          -0.39602
          -2.37709
           4.66223
          -2.84036
           4.83468
           2.02652
               NaN
          -4.14321
          -1.32062
          -2.44443
          -3.19510
           2.20897
           2.86645
          -3.34789
          -0.84347
           0.32458
          -1.18564
          -3.11905
          -0.30230
          -1.53380
          -1.51370
          -5.16418
           2.99361
          -1.60485
          -5.72361
           1.93533
           3.66937
          -1.08332
          -1.38546
          -0.66561
           1.56215
          -5.50899
           0.45240
          -2.58034
          -3.34821
           3.91908
          -1.88615
           0.55383
           3.94249
          -2.25720
           8.12705
          -0.00199
          -6.81274
           5.33365
          -6.29723
          -4.66316
           1.06114
           2.28871
          -6.91171
          -1.87268
          -5.56519
           3.22049
          -1.88351
          -0.21763
           5.54018
          -2.40153
           2.56154
           2.36677
           0.02570
           3.19054
          -1.48500
          -2.17832
           3.70981
           4.42792
          -2.21585
           1.81182
          -7.66523
           1.98808
          -6.87937
           4.37311
          -4.10030
          -1.62232
           3.97737
          -1.15562
           7.90273
           2.58175
           1.75268
          -0.88818
          -3.47388
           2.18259
           0.06225
          -0.00373
          -3.90190
           3.66303
           0.94196
          -9.00278
          -0.97977
          -4.51673
          -0.75845
           1.81855
          -2.41823
           3.71487
           1.22293
          -0.78836
          -3.62127
           1.57925
           0.80466
           4.34809
           2.81295
          -1.24771
          -2.19488
           1.70113
           7.13748
           0.62846
           6.99872
          -1.76427
          -1.59590
          -0.92081
           3.53309
          -6.80177
           3.51657
           0.20924
          -0.30239
          -0.14500
          -1.35928
          -0.24301
          -1.13704
           9.90389
           4.65598
           0.68758
           0.82014
           1.74069
          -3.96541
          -1.92499
           2.53719
          -5.31484
           0.06981
           0.53493
          -0.64887
           1.20347
          -7.86648
          -3.57856
          -6.56769
          -6.34731
          -0.71052
          -2.91571
           0.55148
          -6.12473
           0.26589
           0.45954
           0.53862
          -5.01902
          -6.85107
          -3.88491
           3.86568
           1.25490
          -4.58034
          -5.07144
          -3.12541
          -0.32041
           2.29864
           0.14362
          -1.81451
           6.35054
          -2.76651
          -0.84347
           4.23710
          -0.98913
           1.59679
          -6.85353
           1.42312
          -2.67313
          -2.99651
          -4.46714
           0.12563
          -2.89627
          -2.26952
           4.81127
          -2.19156
          -1.39530
           0.58170
           4.70117
           0.69617
          -0.79249
           4.29616
          -0.67638
           2.28505
           4.97383
          -2.47902
           4.06340
           4.13760
           0.35175
           6.04607
          -6.97866
           1.02742
          -3.93913
          -2.04344
          -2.64817
          -2.09491
           0.77962
          -6.22180
           1.13807
           1.54695
          -1.15116
          -4.44222
           3.64180
         -10.23797
          -3.73771
          -3.41097
          -0.29676
           5.96495
           2.87261
           4.81099
           1.16493
          -5.42884
           2.64483
          -1.78199
           0.34648
           4.70983
          -5.12823
          -2.52673
          -0.08231
          -3.49977
          -0.87384
          -8.11214
          -5.20185
          -6.56661
           0.17758
          -1.55603
           2.48299
           2.79730
          -1.73475
          -2.72550
           2.94407
           3.52061
           0.92658
          -2.53832
           3.06330
          -4.84008
           3.19635
           4.74727
          -1.34870
          -2.52427
          -2.60534
           2.43800
          -2.37994
          -3.92270
          -0.40350
          -6.40066
           1.26926
           1.83835
          -2.09117
           5.18336
           4.51711
           0.99092
          -0.62524
          -5.54944
          -2.91444
           4.70146
          -0.61118
           0.82001
          -1.30993
          -3.06878
          -5.98816
          -5.44506
          -0.31153
          -0.34818
           3.22462
          -6.84721
          -9.51123
          -0.19173
          -1.81759
          -6.68336
           0.46485
           5.92541
          -2.45381
          -3.01469
           3.73513
           2.98686
          -0.59699
           0.14708
           3.40706
           2.09020
          -3.61591
           1.26114
          -5.71076
           0.39885
          -6.16294
           1.55892
          -1.26095
          -4.97517
           5.35988
           0.12663
          -2.43308
           3.00793
          -1.67035
           0.57995
          -2.03974
           2.31293
           8.74939
           3.62476
          -3.62874
           0.51377
          -2.50509
          -1.59982
          -7.05948
           0.17478
          -0.52861
          -1.75081
           0.98947
          -5.30763
          -1.82165
           1.53036
           4.99056
           3.92928
           3.91734
           3.38003
           0.05044
          -2.35435
           4.84257
           1.70186
           2.12951
          -4.02691
          -2.42259
           3.40518
          -0.48409
           4.36297
           1.39275
           2.14234
           5.09419
           4.70546
           7.69957
          -2.30894
          -7.54518
           3.46908
          -6.89733
           1.17387
           0.83079
          -4.53713
          -3.21873
          -3.46270
          -4.14733
           0.14149
           3.36406
          -6.23387
           0.48184
           3.36699
          -4.03204
          -0.93072
          -2.82898
          -4.75064
          -4.24081
          -1.48218
          -2.27388
          -6.76007
          -6.50353
           0.24050
           1.57666
           2.97051
           1.70781
           2.63147
         -10.14991
           2.41303
          -3.05964
          -1.31223
           2.89035
           5.96994
          -0.30849
           0.91949
          -1.00202
           0.68965
          -4.57305
           3.69283
          -0.61213
           1.46336
          -5.59474
          -2.66706
           0.32186
          -0.47866
          -2.49878
           5.11934
           0.73506
           4.92839
           6.55678
          -6.40706
          -3.01993
           2.27016
          -4.87431
           7.66826
           3.19760
          -1.55007
           3.61699
           4.19254
          -0.39696
          -5.37395
          -5.10230
           2.30807
           0.62874
          -3.04811
           8.70277
           3.50765
          -1.72051
          -1.98833
          -6.33310
           2.28092
          -0.96943
           3.87390
          -1.26430
          -8.04694
          -8.91850
           1.04457
           0.46541
           0.56837
          -0.20895
          -0.58429
          -0.19410
          -3.48983
           0.36717
           3.49451
          -1.56611
          -0.39518
          -1.08520
           0.74135
          -6.71394
           2.24092
          -0.57725
          -3.14626
          -3.64161
           1.04484
          -4.66379
          -6.25051
          -1.26513
           1.75454
          -4.07820
          -3.15391
           5.87772
           2.34945
          -0.40882
          -5.59722
          -4.93236
           3.85456
          -4.59095
           1.99812
          -5.35021
          -6.18176
           2.25082
          -7.56288
           0.27306
          -3.42822
          -0.20986
          -2.93400
          -0.05946
          -3.18346
          -3.38762
          -1.51227
           6.58056
          -0.22075
          -7.78479
          -5.45073
           1.72281
           1.83305
           1.24707
           4.20920
          -0.42967
          -6.06613
           1.06635
           2.61731
           5.18409
          -5.20463
          -3.13676
          -5.43383
           1.06461
          -0.78167
           2.57138
          -1.72678
           4.16900
           2.39774
          -6.23778
           5.55542
           0.57351
           4.86496
           1.35805
           1.61831
          -0.95276
          -3.42578
          -5.06365
           4.05174
          -4.37053
           3.47473
          -0.44456
           3.60141
          -2.61218
          -2.96563
          -4.72251
          -0.86103
           2.18831
           0.22318
          -2.40231
          -3.73930
           1.94042
          -3.56740
          -6.95317
          -2.27005
           5.85361
          -3.61277
          -1.51337
          -2.44999
          -1.82781
          -4.71763
           0.72913
          -1.46432
          -2.84925
           2.86146
           6.58798
           0.41230
          -8.56673
          -8.42110
           0.48133
          -2.74855
           3.52420
          -2.00812
           2.39753
           2.52066
          -4.86073
          -0.32379
          -2.57807
          -6.54969
           9.90319
          -6.82524
          -8.26131
          -0.02275
           2.49122
           8.13489
           5.73860
           4.58068
          -5.83431
         -10.46176
          -6.04918
           0.50217
           3.28817
           1.53658
          -8.26768
           7.02758
          -6.44939
           4.25644
           4.53723
           3.22821
           2.98712
          -3.60973
           2.96538
          -5.29442
           1.38866
          -3.62816
          -4.21620
           1.18437
          -4.77702
          -6.53787
          -2.05857
          -3.21687
          -1.41059
           3.77430
           4.28682
          -4.59646
           0.88646
           4.04033
           1.60612
          -8.77964
           2.69101
           1.98521
          -9.99524
           5.21597
           7.08716
          -7.14659
           2.64181
          -6.66978
           3.76224
          -1.22114
          -5.92748
           0.50014
          -0.94356
          -1.02404
          -6.94608
          -4.05425
          -3.24219
          -4.50533
          -6.60314
           4.24388
           4.93954
           2.64783
          -1.03087
           0.32574
           2.51731
           1.29978
           5.23800
          -7.69118
           1.87300
          -2.77420
           5.80046
           4.40778
               NaN
           2.88410
          -7.40078
          -6.44196
          -4.27833
           5.71221
           3.22752
           9.15637
           5.36161
         -11.53963
          -0.89551
          -8.75688
           0.48807
          -2.81295
           3.79807
          -6.57346
          -4.87353
           0.91501
           4.87467
          -6.94550
           1.47046
          -1.10412
           1.01962
          -3.56256
           5.20710
           6.18683
          11.52891
           4.99182
           4.32960
           4.68420
          -3.07139
          -2.86027
           4.20687
          -3.30107
          -2.54128
           0.54959
          11.17886
          -4.44743
          -3.01180
          -4.65397
          -0.28936
           4.65128
          -2.89281
           4.11238
          -1.69933
          -3.01475
           3.35623
           9.43947
           6.43430
          -6.50957
           0.10428
          -3.99764
          10.12588
           4.55421
          -1.38419
          -3.17972
          -0.19623
          10.74855
           2.80631
           4.49578
           1.79837
           2.89314
          -0.94580
          -3.56215
           6.08999
          -6.77986
           5.02892
           5.49670
          -0.01284
          -0.80499
          -4.71725
           1.00262
           6.04329
          -2.28428
           2.88297
          -0.99827
               NaN
           2.51773
           0.15694
           7.05049
          -5.53264
           1.08769
          -2.45519
           4.56021
           0.66791
          -3.20418
           2.42114
           1.70145
           1.02384
          -1.93548
           2.24028
           4.93814
          -2.77104
           5.37673
           3.46596
          -1.20467
           3.06584
           3.40130
          -3.77018
          -5.96598
          -3.65630
           1.11515
           3.90348
          -1.94585
           3.61543
           7.16546
           6.04893
           0.01081
           2.88649
           2.58969
          -1.57187
          -8.69869
           3.14413
           1.76654
          -0.67067
          -0.26900
           5.19856
           5.68943
          -1.06018
          -6.85867
          -1.60745
          -6.07795
           5.87923
           1.39897
           2.53009
           5.19653
          -0.21192
          -8.77460
           0.15442
           1.28518
          -3.33586
          -5.39779
           5.83155
           3.97311
          -3.74771
           2.70095
           3.02104
           6.42759
          -6.58649
           9.35013
          -0.32291
           1.85513
          -6.79325
          -1.33336
          -2.49448
          -5.01834
          -2.19597
           5.63053
           2.11663
          -3.92265
           4.47474
          -2.96027
          -6.84808
          -7.25841
           3.89352
          -0.77226
           7.74551
           5.96317
           1.34911
          -2.77139
           0.56880
          -2.93741
          -1.52744
           6.20767
           0.14752
          -0.10101
          -1.91288
          -1.75766
           2.29765
           1.66478
          -1.48225
          -1.68413
          -0.01871
           0.12848
           0.69391
           2.87597
          -1.84271
           0.29428
          -4.30561
          -4.75511
           1.39963
           1.91479
          -6.49476
          -2.12211
           1.49524
           0.36806
           1.48983
           1.94462
           3.37058
           8.65510
           3.65961
          -0.50718
           4.47798
          -0.59750
           8.22472
          -2.75669
          -0.64940
          -6.32145
           3.94853
          -3.09078
          -4.85085
           2.75844
          -4.37408
          -0.45561
           4.08961
           3.55336
           1.95452
          -1.55451
          -2.31566
           2.95700
          -1.44934
           2.93591
           3.60549
           4.64891
          -2.92826
         -10.01800
          -2.08593
           0.43109
           1.15378
          -0.07963
           2.00228
           3.87257
          -3.13355
          -1.73050
          -0.72364
           2.25058
          -5.15105
          -0.00216
          -3.31116
           6.16612
          -4.96148
          -1.20807
          -0.92279
           1.60363
          -3.71057
           5.95759
           1.89140
          -3.69292
           0.90034
          -0.25234
          -5.29439
          -1.07613
          -2.76021
          -3.86939
           1.04124
           7.81253
           0.26440
           2.62830
           7.45549
           5.31053
           2.27637
          -2.64365
          -0.94459
          -6.90117
          -4.08814
           5.16643
          11.55753
          -6.83974
           3.74100
           4.44761
           1.76866
          -5.02313
          -5.73919
          -0.66789
          -3.92722
           1.22743
           0.56540
          -4.94367
           3.03453
          -2.67408
           2.64220
          -3.25722
           6.80164
           1.36900
           0.51425
          -0.65905
           0.75717
          -1.95348
           9.13377
           1.07810
           5.70104
          -0.36937
          -6.16813
           1.08993
          -6.76425
          -4.25027
          -4.07892
           1.82171
           6.06238
           1.77026
          -4.29757
          -4.12233
           9.07188
           2.78800
          -3.64664
          -0.67938
          -0.26190
          -5.26605
          -3.08151
           2.24226
           3.49173
          -7.65518
           2.68247
           3.33964
          -3.24265
          -1.28219
           1.72605
           2.45233
           4.60063
          -3.30840
          -6.44303
          -4.36991
           5.71994
          -6.32458
          -6.45726
          -5.60900
           0.84478
          -0.55255
          -4.55492
           2.53911
           3.96244
          -6.18934
           1.62159
         -10.96715
           3.64206
          -0.95163
           1.89861
          -0.10891
          -0.06874
          -1.34079
           2.89530
          -6.54236
           6.69980
          -5.15132
          -4.46283
           7.93231
           5.87358
          -8.49218
           0.72138
          -1.27177
           2.84820
           3.59599
          -1.81252
          -1.17474
          -3.75298
          -3.91466
           2.63616
           3.06150
          -1.77510
           0.20055
           7.60987
          10.06274
           2.78374
          -1.24457
           2.58829
           0.84609
          -4.49384
           4.65048
          -5.56413
          -2.53036
          -3.80060
          -9.15980
          -2.13900
          -3.59442
          -4.75843
          -2.82717
           5.56498
          -1.46523
          -7.37622
          -3.64073
          -0.32840
          -3.55562
          -6.26660
          -2.49704
          -7.65307
          10.29597
          -2.09352
          -3.05405
          -0.69963
           0.87423
          -0.05325
           1.14983
           4.46955
          -0.56884
           0.17530
          -3.01054
          -4.20514
          -1.79085
           2.87407
           5.23853
          -1.76576
           9.50005
          -3.16675
          -5.27449
           0.64440
           3.58632
           2.75163
          -0.19269
           1.09624
          -0.08566
           3.25678
           4.39991
          -0.42289
           2.05816
           3.62420
           0.90370
          -3.10429
           5.46580
          -3.67575
          -6.61013
           4.44373
          -0.23371
          -6.93908
           3.30495
          -3.13088
           1.62373
           0.37603
          11.63054
          -5.36266
          -1.69485
          -3.37354
          -0.41238
           4.59045
           1.65241
          -5.43017
          -5.44831
          -2.07690
          -1.86785
          -2.93784
           1.61119
          -0.63398
          -2.51296
          -4.12887
           1.11992
          -4.64658
          -8.05313
           3.03539
           3.88621
          -2.17009
          -4.03518
           0.59326
           3.01680
          -5.39628
           2.48857
          -2.33817
          -3.25731
           3.20301
          -3.39591
           1.23957
           2.49859
          -1.43678
          10.91458
           2.89407
          -8.04696
           4.91703
          -8.48584
          -3.84601
          -2.05717
           5.12738
          -7.75665
          -5.24293
          -9.04374
           5.17237
          -4.63403
           0.59331
           9.79331
          -1.16038
           1.53593
           4.97799
           3.07078
           4.30418
          -2.96294
          -4.33026
           2.80054
           6.75547
          -4.98805
           2.67992
          -9.49839
           2.34833
          -8.56841
           5.95712
          -4.57124
          -3.19230
           5.07915
          -0.61178
           6.36002
           0.71589
          -1.43346
          -3.08859
          -6.12577
           3.04515
          -0.48909
          -1.57667
          -9.56299
           3.98379
           1.61375
          -6.75490
           1.64924
          -7.40490
          -4.81601
          -2.75041
          -1.83643
           4.59043
           1.29245
          -2.64918
          -2.75148
           4.04250
          -0.60750
           7.22918
           0.84974
          -4.03151
          -2.80357
           0.74867
           7.28170
          -0.37702
           7.36088
          -0.21583
          -1.81201
          -4.68260
           1.83313
          -8.88743
           4.06068
          -1.98892
          -0.58842
          -1.58625
          -2.27267
          -2.54195
          -3.47440
          11.34484
           3.31532
           1.21185
           0.87188
          -0.62048
          -4.94022
          -2.56932
           4.30015
          -5.31422
          -0.63834
           0.49485
          -0.63391
          -0.96950
         -12.49768
          -6.55250
          -6.46229
          -7.95175
           0.43020
          -1.51749
           2.57917
          -8.73837
          -2.77271
          -4.43579
          -1.48886
          -2.78336
          -7.57003
          -4.81191
           3.36061
           3.72455
          -3.76337
          -4.44009
          -4.44453
          -0.28388
           1.39063
           0.93581
           0.93806
           7.36205
          -2.00092
          -4.48203
           2.70087
          -3.21327
           3.06251
          -7.27167
           1.36704
          -3.76831
          -5.07560
          -4.21389
          -3.34644
          -0.95963
          -2.64631
           4.15900
          -4.75611
          -1.72358
           1.18998
           7.55328
           0.94741
          -3.06737
           4.59447
          -4.57651
           2.54770
           3.13294
          -5.89688
           2.47058
           2.90876
          -3.20173
           6.18205
          -8.95301
           0.16000
          -5.00378
          -0.10115
          -4.78965
           0.46110
           2.93965
          -7.11500
           2.51561
           1.96581
          -3.94165
          -3.09470
           3.55981
         -12.75221
          -4.02883
          -3.90633
          -2.96919
           8.07729
           5.83330
           4.95003
           1.26027
          -5.19741
           1.16011
          -2.01208
          -0.45165
           8.74437
          -6.32366
          -2.75907
          -1.53080
          -5.83535
          -2.09083
         -10.26356
          -4.06151
          -8.15103
          -0.89625
           0.11932
           1.38857
           1.35105
          -0.97951
          -4.37145
           3.63537
           5.16409
          -1.11044
          -4.21751
           0.20629
          -3.82639
           0.55694
           2.67663
          -1.24367
          -2.52939
          -5.05815
           3.82977
           1.00672
          -4.95906
          -0.01510
          -7.93032
           0.60409
           2.77230
          -3.37350
           7.08855
           3.77643
           0.18614
          -1.37480
          -8.43065
          -2.95550
           7.53252
           0.36818
          -1.28157
          -2.54758
          -6.85082
          -7.20650
          -6.39318
          -0.38268
          -2.22238
          -2.91023
          -9.37088
          -9.85734
          -1.65628
          -0.78148
          -5.90443
          -1.80690
           8.03078
          -2.94976
          -3.89888
           7.43597
           3.50768
          -1.99879
           0.19412
           6.55108
           1.29888
          -3.62389
           1.03291
          -9.35061
          -1.83985
          -6.87758
           2.20917
          -1.75844
          -4.23455
           4.15949
           0.94186
          -3.43855
           2.84015
          -2.55558
           0.72974
           2.27131
           1.27296
               NaN
           1.13092
          -3.63477
           2.06635
          -5.34201
          -0.13460
          -7.47953
           0.01874
           0.18489
          -4.01754
          -1.22637
          -6.27469
          -2.02479
           1.58415
           7.24890
           7.13262
           3.34136
           0.90680
          -0.04172
          -6.01804
           4.76556
          -2.92080
           3.53690
          -4.65006
          -0.03477
           1.63481
           0.35519
           8.36260
           0.59152
           2.27930
           5.28572
           3.83453
           7.28257
          -3.15464
          -9.99727
          -0.28841
          -7.15812
          -1.94748
           1.24856
          -4.15259
          -1.14501
          -3.29986
          -4.08918
          -1.60096
           1.40163
         -10.32956
          -0.23241
           3.15915
          -3.56535
          -0.92844
          -4.45930
          -5.34784
          -7.04669
          -3.36783
          -1.86857
          -5.90615
          -9.92230
          -2.05731
          -1.79428
           2.73244
           1.62148
           2.02373
          -9.11820
          -0.15325
          -2.41595
          -7.95829
           2.27094
           2.61512
          -1.70502
           1.49348
          -1.91333
          -2.70239
          -7.19316
           4.59197
          -0.94999
           4.76759
          -5.89840
          -1.57072
          -1.21098
          -0.92615
          -0.10061
           4.48388
           1.41302
           5.97086
           5.65593
          -7.35371
          -4.94488
          -1.24485
          -3.15657
           7.73533
           4.93588
          -2.61869
           2.51025
           4.04060
           0.03200
          -8.84052
          -6.62130
           0.24995
           0.52525
          -2.16780
           5.60623
           0.69403
          -3.14418
          -1.74528
          -6.71886
          -0.33508
          -3.40404
           3.25223
          -0.34275
          -5.66278
         -10.02894
          -0.44824
          -2.61911
          -2.70069
          -1.15815
          -1.35398
           0.86629
          -5.61442
           1.83464
           2.90501
          -1.21928
          -1.56693
          -3.01713
           1.65499
          -7.95207
           3.89397
          -3.35649
          -7.53979
          -5.26777
          -0.52549
          -6.64939
          -6.56289
          -2.39561
           0.09495
          -3.62644
          -4.58060
           3.28389
           2.24180
          -3.64065
         -10.13775
          -6.63056
           4.11927
          -6.43119
           3.29104
          -6.27467
         -10.08750
           5.08305
          -9.10601
          -0.20249
          -5.64631
          -0.82026
          -7.64514
          -0.49246
          -3.60604
          -5.50523
           0.51788
           6.29995
          -1.15544
          -8.73112
          -4.47168
           0.56138
           2.00490
           1.10600
           2.95786
          -2.03434
          -6.14546
           2.01273
           2.51512
           3.70689
          -6.93315
          -4.45044
          -5.70300
           2.04685
          -7.61887
           3.95677
          -0.18719
           7.08573
           1.79980
          -6.74016
           3.80958
          -2.01939
           3.07604
          -0.44448
           4.56268
          -1.68677
          -5.01526
          -6.81121
           1.86626
          -7.40315
           1.09489
          -0.32667
           5.09099
          -5.64624
          -3.22250
          -7.56959
           0.68386
          -2.61863
          -0.47536
          -0.29965
          -3.81360
           5.89083
          -5.81319
         -12.89741
          -5.11114
           7.19318
          -5.29841
          -1.99101
          -2.66396
          -2.04241
          -7.47298
           2.43771
          -4.91260
           4.09032
          -2.10974
           5.13069
          -2.47851
          -8.49388
         -10.59189
           9.82546
           3.88058
           4.38790
           1.76380
           1.92064
          -2.11185
           3.24143
           6.28109
          -0.54189
          -7.57792
           8.96307
          -1.54689
         -10.22994
           3.55575
           1.21341
           2.29837
           3.11610
           0.45108
          -4.26776
           1.32131
           1.48464
           3.36567
           3.39216
           2.64929
          -0.80365
           0.47032
          -4.45625
           2.48971
           2.25795
           3.97548
          -3.03959
           1.21241
          -1.18577
          -5.58262
           5.27023
          -4.45531
           1.02831
          -0.86739
          -6.10191
          -5.50453
          -5.90551
          -5.41135
          -0.98902
           6.83573
           7.31131
           2.08827
           7.69921
           2.80734
          -0.92979
           2.41112
          -1.60886
           1.17391
               NaN
           2.23199
           5.26744
           1.00891
          -2.00597
          -0.80736
           0.91244
           4.61527
          -2.94966
           2.88060
          -3.45302
          -2.00420
          -3.28385
           2.25830
           2.64668
          -1.75470
          -4.61450
           4.40130
           1.43848
          -0.82200
           3.87863
           1.42614
          -3.24446
           4.34738
           4.24173
           3.21531
           0.78548
           0.89433
           9.42821
          -4.57220
           6.77681
           6.44449
          -3.28844
           2.91750
           0.98981
           9.28021
           2.35007
           2.89142
           5.32723
          -4.20433
          -0.23095
         -10.18335
          -3.08515
          -0.14878
           7.42140
          -4.60917
           6.96696
          -0.13267
           6.60300
          -1.68236
          -1.56848
           6.90713
           7.91571
          -8.19001
           0.97963
           3.96723
           1.74402
           3.19371
           3.64715
          -2.36839
           0.34490
           0.93259
          -0.72174
          -5.45278
           1.80592
           3.52597
           5.82993
          -2.64581
           2.44682
           2.58356
           1.53550
          -4.46944
          -3.11275
           4.19833
           3.11051
          -2.67091
           6.94875
           1.87957
           0.79969
          -3.33760
               NaN
          -2.25922
               NaN
           3.34838
           3.07514
          -2.68472
           4.57774
           0.99966
           6.01885
           7.79047
           3.84633
           0.20350
          -1.27871
           0.14371
           6.84338
           0.04279
           0.48052
          -7.70261
          -2.82738
           1.00919
           0.42044
          -4.64567
           4.93157
           4.79203
          10.09760
           2.77284
           6.04959
           4.06819
           5.75022
           2.85958
          -3.40540
          -0.09090
           4.86052
           0.81757
           5.16590
           7.19872
          -3.98174
           1.45370
          -6.62195
           1.72439
           5.21783
           1.71318
          -4.00368
           5.52910
           2.55758
          -2.29915
          -2.36554
          -1.79942
           1.70700
           4.04380
          -3.12190
           7.96165
           3.69158
          -0.11042
           3.68354
           4.38303
           1.85734
           0.57005
          -0.11566
          -0.67430
           1.76166
          -0.98825
           8.08708
           1.44486
           4.76744
           4.01209
           7.05741
           0.59353
          -6.23177
          -3.28936
           3.42383
          -2.36177
          -1.80640
           4.47082
           4.72667
          -2.33945
           2.06044
          -4.76032
           4.45299
          -0.12672
           1.50420
          -0.62933
           1.09481
          -0.16746
          -0.20700
           1.31175
           9.34291
           8.44801
         -10.05441
          -4.51543
           1.48376
          -3.46688
          -2.02522
           5.09020
           3.49144
           0.64490
           2.48974
           4.18803
           4.16665
           0.28286
           7.33554
          -2.87064
           0.95192
          -4.35582
               NaN
           3.94451
          10.06915
           6.70566
          -3.33628
           3.92043
           2.66086
          -0.94072
          -2.89750
           3.72180
           9.40692
          -5.42108
          -1.06519
          -2.93391
           0.45348
           2.73986
          -2.27414
           0.46298
           4.96549
          -0.78984
           2.90503
          10.23264
           1.82204
          -0.10202
           3.15816
           3.36480
          -3.66181
          -1.04827
          -2.29068
           3.43856
           0.32012
           4.48467
          10.17491
           2.96756
           4.72312
           1.02311
          -6.24069
          -0.08482
           5.26636
          -4.24002
           0.94707
           3.57195
           4.34874
          -3.67558
          -1.59014
           2.92055
           6.45578
          -0.94115
           2.93488
          -0.81150
           2.10160
           0.44398
           3.62149
           4.36452
           2.29587
           1.93723
           2.16138
           6.45604
           6.48398
          -0.83761
          -1.12549
          -2.35916
           1.00436
           3.11512
           4.92387
           0.27405
           1.40970
           2.61934
          -2.71527
           3.70226
          -0.46577
           5.61806
           0.75343
           8.11106
          -1.88709
           1.24446
           2.54626
          -3.44725
          -2.34733
           6.79558
           0.32445
           1.70442
           7.50111
          -3.23424
           2.06195
           0.19846
           7.84067
           0.53506
           4.41941
          -2.29507
          -3.45786
           5.63934
          -1.79817
           5.64627
           8.69926
           3.12392
           6.31378
           2.93539
          -9.81696
          -1.66926
           3.22166
           0.24590
           3.45458
          -4.08806
           5.38343
          -2.93714
           0.90301
           2.06027
          -5.29053
           2.00454
          -6.68963
           0.80195
          -6.27363
           6.10132
           4.17739
           1.29370
           5.24404
          -1.72769
           0.39679
           3.54887
           0.63507
           2.50294
           2.06332
          -3.67723
           2.71338
          -0.16310
          -1.02226
           0.90175
           4.67959
          -1.55362
          -1.95256
           0.70762
          -2.49002
           0.75187
           5.49342
           1.91696
           1.47322
          -1.50587
           6.28707
           4.73897
           3.78107
           5.65604
          -1.32101
           0.08045
          -0.54292
           6.50997
           2.20535
          -4.81126
           0.65279
           4.48937
          -3.11951
           2.47092
          -1.82608
           0.23992
           8.18520
           3.45187
          -3.33785
           0.06743
           5.58220
          -0.67709
           1.27578
           0.10354
           0.53925
           0.48766
           1.29851
           1.63062
           8.96657
          -1.44592
           3.42160
           3.32340
          -6.52952
          -0.54513
           4.18881
          -0.02274
          -1.29910
           0.00683
          -3.32851
           1.44895
           1.18866
          -1.07074
          -3.75578
           6.79148
          -0.44121
          -3.81364
           2.84122
          -8.25559
           3.38240
          -5.54187
           0.26562
           1.20038
          -6.86127
          -4.56495
           9.76954
           4.27132
          -2.67179
           0.89605
           5.70143
           9.44501
          -0.08349
          -3.36808
          -2.70610
          -1.10192
          -1.93408
          -3.86831
          -6.15699
           5.47045
          -2.46976
          -8.59502
          -6.68262
          -0.08726
           1.91087
          -2.74628
          11.85579
           4.04075
          -2.20464
          -4.88748
           6.78584
           6.10284
          -4.51126
           2.86808
          -6.22050
           0.54975
          -4.90339
          -4.30042
           2.05011
           1.37333
           6.83655
           3.97691
          -2.32590
           0.77359
           5.88578
           2.42393
          -0.78925
          -7.81383
           2.50384
           6.14135
           0.76832
           2.67067
           1.29660
          -8.60068
           6.95171
           5.77157
           3.74314
           1.68037
           7.52419
          -1.06806
           1.61703
           0.87510
          -2.74212
           5.16093
           3.42626
          -0.94868
          -3.44702
           5.50781
          -5.96842
           1.47553
          -1.14820
          -0.64904
           4.73436
           6.77801
          -2.38748
           9.84007
           4.59937
          10.13914
          -2.24226
          -0.73725
          -0.99610
          -7.53293
          -1.50339
           4.75895
          -0.10194
           6.33477
           4.06811
          -0.12218
          -3.40152
          -3.28514
          -2.93647
           0.04400
          -6.77807
           5.91442
           3.13675
          -2.09223
           0.22052
           3.33134
           0.61078
           2.74504
          -2.62800
          -0.70543
          -5.68468
          -2.72168
          -2.95784
          -3.48992
           5.03533
           0.46733
          -0.51513
           6.19330
          -3.53612
           3.78169
          -4.51649
          -4.88878
           5.98310
          -2.88551
          -5.93697
           5.92211
          -2.13635
          -5.59458
           3.38103
          -0.14267
           0.17780
           2.40411
          -1.48175
          -1.08980
          -4.33629
           4.16030
          -1.70374
          -4.72111
           1.45453
           0.81890
           1.17622
           5.12724
           0.79962
           2.10560
           0.45857
          -4.80760
           1.42650
          -4.24643
           1.90389
          -3.36619
           0.82505
           2.25986
          -2.00337
          10.30756
           5.49033
           6.71939
           2.54191
           0.66002
           0.83800
           0.92171
           2.44824
           4.92289
           3.16301
          -0.10525
               NaN
          -5.07799
          -0.01452
           5.56667
           8.94086
          -3.32518
           2.35002
           1.11456
           2.11238
          -4.97714
          -2.26059
           3.00599
          -0.14309
           5.87329
           3.09180
          -1.24603
           3.18587
           6.91267
           2.19584
           6.43417
          -4.17805
          -1.25903
           4.94326
           6.18307
          -3.55054
           2.66838
           3.63584
           0.14348
           2.10169
           0.06454
           3.34069
           2.50653
           7.65766
           6.74587
          -0.12968
           0.73947
           5.42139
          -2.44582
          -0.92058
          -0.21099
          -5.31581
           1.17370
           0.59742
          -0.67218
           4.59080
          -0.64716
           1.05737
          -6.73199
          -3.84623
          -2.48873
          -5.09532
          -2.60938
          -2.05047
           5.00261
           8.09062
           3.69915
          -8.50408
          -5.73033
          -2.43985
           4.65301
          -2.59490
          -5.85388
          -6.05562
          -1.06909
          -0.37735
           3.71409
          -1.09128
          -6.10534
           4.77374
          -3.95995
           4.82849
           6.63187
           2.47797
          -0.68804
          -6.20172
           1.51054
          -0.96590
           0.24447
          -4.86191
           5.53805
          -5.91519
          -1.68215
           5.82806
           1.80618
          -0.88357
          -0.36651
           0.25517
           0.30452
           2.75371
           3.83114
           5.40333
           1.87560
           7.84350
           2.84889
           6.54638
           6.05317
           5.89109
           5.83409
          -3.90095
           2.37959
          -2.27950
          -5.07119
           0.69008
          -6.07933
          -2.58752
          -4.82945
          -1.00931
           0.89401
           3.19880
          -6.54280
           3.76961
          -6.31867
          -3.28391
          -2.63879
           3.86915
           2.67214
          -1.74266
           4.59424
           1.01632
          -5.78960
           4.95928
          -1.42333
           1.59065
          -1.57942
          -3.26473
          -2.16455
           2.17566
           0.14106
           1.02326
          -4.75840
          -6.97945
          -4.09675
           1.85152
          -4.16764
           4.18904
           5.05177
          -2.91205
          -0.15971
           1.86644
           0.95867
           4.10198
           0.07928
           7.51695
          -6.42027
           7.31079
           7.97509
          -1.51243
          -2.51629
           1.21821
           0.26845
          -7.65922
          -2.30718
          -1.00895
          -4.01615
           2.30618
           0.38246
          -0.09221
           2.21346
           5.67170
           2.24544
           0.54321
          -1.05807
          -2.85042
           0.28827
          -2.13786
           4.09605
           0.61938
           2.82683
          -4.08895
          -3.96709
          -0.20061
           2.57341
               NaN
          -2.91320
          -8.97170
           2.09129
          -3.43272
          -7.89760
           4.00616
           2.64348
          -1.68069
          -1.63637
          -2.03392
           2.17496
           1.58821
           0.07374
          -1.49400
           3.32373
          -3.60348
           1.61692
          -0.03679
           3.88863
          -5.04893
           0.54526
          -0.48544
          -6.12969
           7.23111
          -1.14420
          -0.86572
           3.26949
          -0.29041
           0.34647
          -8.76001
           3.93408
           2.23518
           7.51228
          -3.61933
          -1.90647
           1.91723
          -3.88387
          -6.40467
           0.41801
          -1.64086
           1.78267
           4.44363
          -3.80013
          -1.50497
           1.44653
           1.47014
          -1.06424
           4.81522
           7.23543
           0.19410
           3.35679
           4.96262
           8.90790
          -0.06440
          -3.05551
          -6.14483
           6.16491
          -1.79240
          -1.87184
           2.64174
           1.92883
           4.79563
           6.06311
           8.34960
          -0.99061
          -3.72276
           9.32642
          -6.49080
           6.03957
           0.17955
          -5.13656
          -6.45136
          -3.71654
          -4.23797
           2.85770
           6.42318
           0.15068
           1.59525
           3.69099
          -4.75955
          -0.93427
          -0.28757
          -3.81970
           0.13314
           1.45727
          -2.90571
          -8.09121
          -1.17419
           3.82242
           6.83144
           3.34162
           1.84238
           3.57884
               NaN
           6.41348
          -4.06304
           9.04797
           3.85591
          11.19959
           1.86848
           0.02472
           0.41857
           5.97731
          -0.48871
           2.29121
          -0.08546
          -3.68745
          -5.12138
          -4.37608
           2.71131
           0.21890
          -6.23716
           6.10991
          -0.32176
           3.30334
           7.96108
          -4.93138
          -0.01922
           7.74952
          -7.55202
           7.56371
           0.48789
           0.11574
           5.34223
           4.42938
          -1.06563
           0.02990
          -2.73442
           5.51636
           0.79006
          -4.42037
               NaN
           7.89365
           0.49877
          -2.36720
          -5.73177
           6.35886
           2.82576
           4.84299
          -2.70086
               NaN
          -7.18751
           3.37163
           5.27371
           5.66434
           1.27071
           0.61553
          -1.84709
          -0.17790
          -1.92038
           4.41345
          -2.10676
           1.43140
           1.92637
          -0.68287
          -4.78388
          -0.33594
           3.75517
           3.70257
          -1.10669
           3.49276
          -1.56854
          -5.76356
           0.49711
           4.34159
          -4.78243
          -0.92991
           9.92111
           2.51727
           4.62912
           1.48078
          -2.28512
           3.44192
          -1.72228
          -0.01735
          -3.90914
          -0.09332
          -2.16419
          -5.15738
           1.01437
           0.02943
           0.74166
           4.40994
           0.61553
          -2.52471
          -0.08659
          -4.67696
           7.01800
           1.23628
          -6.30962
          -6.97692
           3.53330
           1.56516
           1.46699
           6.15984
           2.07176
          -5.94247
          -0.40891
           2.77662
           7.48683
          -2.51013
          -1.08892
          -5.01425
          -0.46656
           9.87650
           0.41178
          -4.12676
          -0.37774
           3.32985
          -5.45464
           8.27692
           4.61545
           7.65360
           4.16793
          -2.97152
           0.19144
          -0.94802
          -2.33947
           7.45858
           0.35687
           7.18452
          -0.62833
           1.27938
           2.11747
          -2.56520
          -0.28435
          -3.26928
           9.68159
           1.31211
          -5.68004
          -3.62348
          -4.21766
          -0.06657
           2.31300
           2.15877
           3.76543
          -0.98512
          -0.76878
          -2.11645
          -1.49327
