          -0.90684
           4.85630
          -3.87225
           2.77301
          20.99643
          -4.16055
           1.79090
           0.99830
          -0.04440
           8.49787
          -6.82227
          10.70653
          -7.79748
          -2.08331
           3.34158
          -0.13644
          14.61997
           8.00879
          -5.72245
          13.74961
           3.67992
           7.28270
           0.23150
           0.33260
          12.68811
          16.10158
           0.78995
          -0.61146
           3.17131
          14.18112
          -0.32643
          -6.16688
           6.37100
               NaN
          -4.21332
         -12.14773
          -3.95429
           5.90037
          -8.77992
          -2.39191
          -0.80977
          -1.68148
           1.64228
           0.13686
           7.68177
          -3.21344
          18.33211
          10.55318
          -3.15708
           7.87548
         -13.37561
          -4.91265
           2.68351
           1.64708
           4.83899
          -2.43764
          -7.01086
           4.22832
           7.65950
          13.53343
          -5.35157
          -6.68107
          -3.26330
         -10.55607
          -1.45824
           0.72327
         -11.00277
         -11.27089
          -3.91621
           3.69845
          13.51101
           4.20913
           2.78771
           2.30483
           6.17003
          -2.85053
          -0.91504
          -5.18197
          11.38015
          -2.28191
         -11.53841
         -11.47698
           0.63785
           3.27696
          11.06776
          -2.39212
          -1.12128
         -10.69169
          10.05488
          10.65544
           8.85995
         -14.79159
          13.57745
           2.71918
          -1.07120
         -13.22641
          -0.15593
          -1.95225
           4.27826
          -3.64884
          -0.18731
           2.44285
          13.47709
          -4.50702
          -5.08488
           1.98889
          -6.81774
           6.39390
          -2.44904
          15.49363
           2.19966
          -7.81896
          -0.50641
           3.95764
           1.91431
          -3.46142
           0.25499
           2.43001
          10.59647
           1.63678
           7.40255
           6.58258
           4.05845
          -3.01379
          11.58063
         -10.47730
          -9.24187
          -1.47716
           5.46194
           2.43408
          -6.08623
           3.60346
          -1.59737
           9.00974
           0.74578
          -3.66632
           4.94924
           4.44766
          13.31739
          -9.62173
           1.35271
          -6.42419
          -5.60862
          -1.08547
          -1.88073
         -11.39092
          -1.90019
          -5.19513
           3.55154
           8.12198
          -4.16244
         -11.75948
           0.19943
           1.96253
          -3.01677
           6.99325
           6.69772
          -7.28821
           7.72562
          -6.53035
           5.61901
          11.34434
           4.44326
           1.55207
           1.60388
          -4.08933
          -4.35481
           3.99209
           0.28459
          -5.70293
          -2.52982
          13.56132
          -9.52282
           6.25292
           1.78989
          -0.83336
          -3.24501
          -5.33136
           0.23535
          -4.48340
          -5.23344
          -1.83765
         -16.99958
          -0.83766
           3.78671
          -7.04223
           2.42424
          -2.86034
          -0.09954
          -5.81510
          -1.09014
           1.52885
          -1.12812
          16.24018
          -3.07147
          -2.40439
           3.30128
           8.74912
          16.19404
          10.43948
          15.95257
         -11.00808
         -12.15502
           2.95084
          -9.73348
          -0.28094
           1.20941
          -8.89273
          -7.69586
           5.37865
           3.67791
          -2.30024
           3.80718
           6.25574
           9.88046
           2.41524
           9.17322
           5.16791
          15.18123
          10.02421
         -17.39246
          -8.34386
          -8.55048
          18.09775
         -10.73435
           8.08188
          10.16120
           4.81896
           1.52913
          -8.23833
           5.72113
           2.02248
           1.55763
           5.59905
           6.91719
          -6.53007
          -3.59034
           7.98196
          -9.47914
           5.39610
           3.90044
           5.45818
          -2.34549
           7.66073
          11.92933
          10.77263
           0.92441
           1.34556
          10.72160
          -3.34232
           5.71900
          -3.59571
          -0.17863
           7.21185
          -6.59830
           8.20460
          -2.08718
           1.20811
          -6.13429
          -5.24674
          14.56114
          -0.41792
           7.89383
          -1.16259
          -7.80816
          -3.49889
           2.99797
           6.14421
           0.00596
          13.40071
          -6.84545
          -4.43656
         -12.07424
         -10.85830
         -10.73065
          -3.60209
          -4.21616
          18.55992
          -2.40794
           1.72563
          -0.21099
           6.36668
           2.84467
           0.19821
          -9.07691
          11.60233
          -3.58437
         -13.99011
          -9.02035
          -2.27830
               NaN
          -7.32743
          -0.29881
          -2.65492
           1.05184
           3.80331
          15.79271
          -2.73936
          13.83958
           1.69374
           2.68235
          -2.76122
           8.55744
          10.10217
          16.26293
          16.99120
           9.82265
          10.71522
          -4.18911
         -12.64787
         -16.30882
           2.48006
          -3.95627
          -9.28870
           7.37099
           7.51223
          16.74237
          11.34174
          -4.76882
           1.36990
          -9.68615
          11.63704
          -2.07286
           8.41418
           1.97720
          -3.49463
          10.93528
          13.10150
          18.04829
           8.32662
         -12.14808
           9.70827
           5.32103
           5.83235
          -0.41582
           9.30195
          -4.83058
           0.53389
         -11.40519
          -2.72376
           3.94598
           5.12465
           8.95898
          -2.68358
         -17.97302
         -17.20079
           3.12908
          -2.28561
           0.72487
           8.23278
          -1.72124
           2.17939
          -0.83473
           9.25750
           5.32442
         -14.18875
           9.19332
         -12.98799
          -4.87415
          -0.96920
          -1.35198
         -17.16166
           5.11603
          12.97845
           0.98763
          -6.21760
           8.19377
           9.16881
          -6.13555
           2.43644
          13.79577
         -13.54239
           6.21229
          -8.94052
           0.36133
          -2.19512
          -0.01388
           7.50504
          -2.07426
          -0.26948
          -1.38443
          15.15311
          13.26716
           6.60164
          11.76669
          -1.22682
          11.61058
          -1.48789
          -1.93137
           0.48349
          -4.52069
           4.10081
          11.75437
          11.54680
           5.82143
           1.09362
          -0.78202
          20.32128
          -0.04077
          -6.43862
           9.52078
          -4.12565
          -0.56055
          -3.89862
          -9.19877
          -5.68504
          -4.66011
          -7.50455
           8.33356
         -11.68250
          -7.67907
           7.24629
          -2.58397
          -0.34403
           3.09733
           0.38489
          -2.52589
           2.87656
           9.14301
           9.28896
           0.73160
           6.72162
           1.10113
          -3.48263
          -0.77705
          -7.73105
           4.40895
          -1.47602
          -0.33500
         -10.48860
           5.49474
          -3.35767
           0.42213
           7.09347
           8.72370
           5.63602
           0.86309
           6.39095
          17.11841
          -4.53956
           4.68305
           6.31943
          -6.53103
           3.50514
          -0.03450
           3.38757
           3.09557
          19.87989
          -1.82868
          11.77686
           4.39377
           7.89924
           2.08435
          -4.15653
          10.86474
          -7.30326
          12.75969
           1.32618
           1.98449
           1.17139
           8.43030
           6.74092
          -7.15425
          12.47301
           5.32183
           6.48161
           3.25350
           6.07725
          11.19360
          10.08021
           6.20270
          -2.14992
          17.39103
           2.43019
           0.59826
           5.98438
           8.03789
           5.77530
           6.40194
          -6.84407
               NaN
          -8.00419
           5.92127
         -15.46830
         -14.02896
          -2.08548
          -0.23960
         -10.45160
          -6.48611
           2.79932
           6.04945
          -9.31206
           6.81947
           5.38044
           6.15742
          11.39290
           3.47436
           3.20264
          -0.34802
          -2.62573
           2.82082
           4.75718
         -14.06813
          -0.20393
           9.16642
           1.11689
           5.07901
           4.51280
           2.15319
           7.65639
           5.93637
         -10.67216
          -4.27140
           0.73996
          -1.31155
          10.03933
          12.84176
         -13.79822
          -9.42864
          -8.57783
           7.59327
           3.44149
           2.27267
          -8.05712
           5.95420
           4.85752
           0.04371
           1.27522
           0.07432
           2.13371
           5.30126
           0.95218
          -0.82094
               NaN
           4.65528
          -8.44428
           8.45071
           8.54491
          -3.71576
          -5.02071
          -3.21269
           5.94826
         -10.04343
           8.88483
          -4.27064
           3.19616
          -5.38008
          10.84357
          -5.91887
         -14.20835
           7.33619
           6.90474
          -1.38390
          13.85981
           8.22638
          -3.64894
           1.78091
           6.25658
           6.30044
          -0.34552
          -1.63355
          14.64554
          13.90605
          -1.12132
           6.45324
          -5.92638
           9.34428
          -0.89746
           5.06294
           8.53533
          -6.56434
          -5.01103
          -7.44004
          -5.57376
          -2.78595
          -5.46168
         -14.35867
          11.55190
          -5.53137
          13.02931
          10.31956
          -0.00918
           3.96739
           0.24861
           8.27587
          -9.02330
           6.53725
          -2.64917
         -15.75825
          10.12736
          -1.97729
          -4.28200
          -1.67745
         -10.83992
          10.05289
          -2.95103
          -0.49899
           1.34255
          -6.46767
          10.43578
           9.34437
           6.12835
           7.26704
         -13.83317
          20.16772
          13.78000
          -0.58252
          -6.12252
          -3.76437
          -1.06185
           2.36235
          -0.34529
           2.39997
           2.91885
          10.47222
           5.96104
           7.82955
         -14.33895
         -14.54489
         -12.37870
          -0.80707
          -9.71490
           2.61900
          -2.52025
           4.35246
           7.28038
           5.32466
          13.88238
           3.85696
          13.62221
           1.69443
          -5.15635
           1.25326
           4.04479
           9.84521
          -7.52630
           4.27970
          -4.17202
           0.86700
           0.45262
          -5.76311
          12.29677
          -4.93662
          -3.81551
          17.87319
           2.28528
           5.88688
         -13.49113
           6.22935
         -12.61204
           7.40551
          16.51497
           5.48875
           0.49289
           1.35877
           4.51751
          16.68121
          -7.38228
           0.73607
          -4.11928
           2.70353
           5.00824
          -4.57375
          -7.17250
           1.44242
          -2.64504
           6.34849
           0.25894
          -0.41242
           2.70097
          19.40609
          -5.60408
          -2.74237
           1.99601
          -1.26532
          -4.52225
           5.21291
          -8.25146
           4.37156
          10.06477
          -6.05102
           4.79384
           6.97720
          -3.79888
          -0.01796
          -2.23420
           2.74727
          -3.70167
          11.62821
          -0.66105
          14.11386
           1.19676
          15.82488
          -3.89452
          11.48183
           2.54536
          15.77245
         -11.48942
         -10.27712
          -5.49435
          -8.84015
         -10.96116
           8.28127
           0.43426
          -1.86660
           4.73056
          -9.93572
           8.14843
           1.77137
           1.26616
          -3.70169
          -7.78125
          -1.88250
           1.85302
          14.09294
          -5.83662
         -18.66563
          -5.03548
          -3.60947
          -0.39969
           4.29229
          11.59105
          -2.57757
           9.15739
           2.76143
           7.34739
           2.41250
          -2.58576
          13.33924
          -8.29429
          11.38579
          -5.60107
           5.12129
          -2.56434
          16.52001
          -0.08268
          -3.29430
           4.11076
           7.86569
          -1.10876
          -0.57053
          -6.22475
           3.96629
           4.19291
          -1.71618
          -5.40794
          -3.87044
          -1.41743
          -2.46532
          -1.99344
          -0.93484
          -9.53913
          -2.79008
           5.13372
          -4.18786
          -2.25599
          15.74424
          -1.25517
          -0.60912
         -10.83163
          -3.64640
         -12.26340
         -14.16417
           8.92160
          -4.12245
          -6.97474
          -7.50705
           7.25788
           4.81975
           2.62322
         -13.05083
          -1.26329
           3.97465
           5.99299
           0.74714
           2.20576
           4.98658
          20.43694
          -3.86404
          11.26208
           0.86567
           6.77304
          -6.40235
          -2.85416
           4.72339
          -8.67478
          -2.00565
           6.15714
          -6.14123
          -1.83324
           3.01008
          -1.25444
           0.33279
           2.52564
           9.14448
         -11.12939
           0.90217
          -1.71614
          -4.27429
          -5.45630
           1.73101
           5.78545
           5.26139
          -7.91733
           0.23251
           7.06105
           9.98855
          -4.85209
           2.78610
          -3.02473
           4.73494
          -5.22527
          -0.53697
          -2.63436
           1.16256
         -12.19817
          11.49022
         -17.14344
          -4.86196
           2.57024
           1.51503
          10.78814
          -5.94651
          -1.71752
           6.41557
           1.35879
          -0.37904
         -16.42988
          -6.46819
           4.72096
           5.12944
          10.92132
           3.36275
           2.66834
          -8.13244
          -3.85639
           5.22530
           2.89880
           3.13410
          -6.25404
          -4.99588
          -3.29054
          -4.78652
           4.76478
           2.07358
          -9.43602
           2.85276
          20.38843
          11.59478
           8.26772
          14.93569
           0.49249
           0.35741
           7.70579
           2.89500
          -7.79710
           3.12524
          -5.81032
          -4.07315
          -8.64153
           4.94872
          -4.84120
          -5.56968
          -1.71888
         -10.26370
           5.24171
          -0.96954
         -13.29511
           1.22467
           1.41841
          11.57037
         -10.88412
           6.52184
           4.39728
         -10.29469
          -3.25706
           3.67762
           1.00840
          -5.07167
           7.26452
          -2.38280
          -3.17386
          -2.09542
          -1.14948
           4.58983
               NaN
           0.75736
           7.93474
          -6.30615
           8.83727
           9.97516
           0.14361
          -6.90114
          -4.83004
          11.53727
          -0.92676
           5.32765
           8.50542
           2.45017
           8.17139
          -3.26862
          -0.84447
           9.51016
           0.29690
          -2.34557
          -5.80051
           5.68485
           5.38695
          -0.67429
          14.23902
           2.50203
          -0.53085
          19.71927
           8.35571
          11.69880
           6.59493
           5.02736
           2.04034
           0.45392
           6.86738
          -7.25133
          -6.19848
           9.51478
          -1.42289
          -2.43818
          -7.08144
         -10.10409
           6.45794
           4.59345
          -0.63457
          -4.05986
         -14.87963
          -2.75445
          -3.20614
          -5.96534
           3.40332
         -10.45438
           9.11499
          -0.47687
          -9.19390
          13.53826
           6.13164
           0.21013
           0.83691
           3.16106
           1.78715
          -3.14432
          -5.33682
           1.70682
          -5.97608
          -4.64520
           5.16405
          -2.23307
           6.68707
          -5.79291
          -3.41690
           5.76941
          -0.88743
           4.85568
          -4.22230
           4.23943
          -1.14006
          10.53014
           6.35047
           3.57952
           2.05029
           1.83517
           5.92923
          12.84720
           3.87888
          -2.59188
           1.29299
          -4.56781
           2.93244
           3.22163
           8.44231
           2.30115
          10.35889
          -2.85083
          -1.77274
          -2.75781
          16.87162
           6.10655
           2.87533
           9.06154
           8.84266
         -10.67826
          -7.91281
          16.38183
           7.52065
         -10.54613
          -5.14682
           0.08032
          -3.20201
          10.42438
           5.15858
           5.06465
           4.73441
          -0.86549
          -0.41138
          -0.36620
           0.25769
          -1.33311
           1.22621
           0.52631
          -0.13135
          -2.07145
           0.35880
          -0.73826
           1.87168
          -0.51828
           3.13500
           0.87610
           0.37335
           0.42931
          -0.30694
           1.32332
          -1.60667
           0.85462
          -1.23363
          -0.04947
           1.54754
          -0.52218
           0.86364
           1.21641
           0.58511
           0.79780
          -0.54724
           0.49893
          -1.17333
           0.99218
           0.52762
           0.51127
           0.77663
          -2.14715
           0.81648
          -1.00372
           0.68310
          -0.38821
          -1.71226
               NaN
           0.38686
           2.22910
           1.25133
          -0.49115
          -2.36082
          -0.88528
          -2.57167
          -1.60043
           1.85183
          -1.13787
          -1.40504
           1.64284
          -2.60429
           0.84541
           1.15616
          -0.25960
          -1.37150
          -1.80657
          -1.22519
           0.44142
          -1.40972
          -1.15009
          -1.81452
          -1.22914
           1.31623
          -0.22223
           0.26026
          -2.11015
           2.49508
          -0.23216
           0.86881
           1.61688
           0.14397
          -2.13101
           1.42369
           0.53913
           0.74814
          -0.57545
          -0.88282
          -0.00681
           0.20576
          -0.21976
           0.72255
           0.64136
           0.52248
           0.21359
          -0.94074
          -0.78717
          -1.43476
           1.08548
          -0.49767
          -1.00788
          -1.07173
          -2.65622
          -1.29961
           1.80550
          -0.24585
          -0.30708
           1.46316
          -1.12950
           0.19540
           0.59460
          -1.37580
           0.24971
           0.51564
          -0.35772
           0.88428
          -0.04327
          -1.53701
           1.67814
          -2.10100
           0.75510
           0.77736
          -0.30127
           0.07246
          -1.20291
          -0.25050
          -0.57232
          -0.22890
          -0.42306
           1.07327
           1.04400
           0.05778
          -0.62193
           0.80277
           1.09185
           0.68525
          -1.96103
          -0.60774
           1.24213
          -2.31134
          -0.63661
          -0.25151
          -0.80521
           0.23390
           1.56884
           1.64844
           0.13984
          -0.49111
          -0.73187
          -0.78574
          -2.02533
          -0.53808
          -0.47275
          -1.38708
          -0.50560
           1.22062
           0.61529
           0.26798
           1.48389
           1.16405
          -1.15638
          -0.28730
           0.78841
          -0.41910
           2.20483
          -2.12659
          -1.58553
           1.90255
           1.56959
          -0.46530
           0.77319
          -1.51874
          -1.24442
           0.06125
           0.23629
          -0.63124
           0.30321
          -0.02018
           0.52176
           0.39641
           0.20826
          -0.03429
          -1.09409
          -1.34384
          -1.20166
          -0.49024
          -1.12336
           0.49812
           0.57768
          -1.11479
          -2.04777
          -0.11731
          -0.94662
          -1.12985
          -1.76056
          -2.95142
           1.08884
           0.20585
           0.54849
          -0.56220
           1.12903
           0.09496
          -0.90958
          -0.05660
          -1.11911
           0.97533
           0.47664
          -2.15149
           0.23501
          -0.14395
          -0.31163
          -0.64575
          -0.15120
          -1.13830
           1.03073
          -0.13955
           0.32322
          -1.85530
           0.98089
           0.37932
           0.20918
           1.58811
          -1.38848
          -0.22101
           0.60074
          -0.48875
          -1.60080
          -0.12366
          -1.95623
           1.09040
           0.30197
          -1.02825
          -1.10500
           2.72636
           0.09449
          -0.74637
          -1.95375
           0.44310
          -0.76665
          -0.37001
          -2.38152
          -0.52811
           1.24894
           0.93381
          -1.54787
          -0.21828
          -0.69200
          -0.91537
           0.61262
          -1.02890
          -1.16423
           1.33398
          -1.88068
           1.61131
          -0.21689
           0.47667
          -0.27863
           0.90015
           1.35659
           0.18245
          -0.61346
           0.24278
           1.31552
           1.46297
           0.49926
           1.65277
           0.63112
          -0.32826
          -1.83663
           1.50194
          -0.88232
          -0.68730
          -0.69251
           1.61733
           1.07925
          -0.24590
          -0.38559
           2.52154
          -0.63081
           1.19812
          -1.52945
          -0.06892
          -1.39502
           0.57992
           0.46065
           1.40096
           0.43761
          -0.36293
           1.59039
          -0.77440
           1.02537
           0.52053
          -1.62942
          -0.00046
          -2.41355
          -0.36461
          -1.31127
           1.47864
           1.25368
          -1.37535
           1.77932
           0.31954
           0.49831
           0.10112
          -2.16855
           1.28307
          -0.75239
               NaN
           0.35015
           1.67098
          -0.60845
           0.15524
          -1.27210
           1.21920
          -1.35875
          -0.68176
           0.33990
          -0.06427
           0.77481
           0.09451
           0.31435
           0.41508
          -1.04238
          -0.35822
           0.66512
           0.93104
           1.31135
           1.37172
           0.07785
           0.43325
          -0.54760
          -0.38197
           0.10471
          -1.81189
           0.82092
          -0.18292
           1.15818
          -2.14165
          -1.72991
          -1.33621
          -1.76923
          -0.68406
          -1.06985
          -0.30132
          -1.03281
           1.06301
           0.23293
          -0.48366
          -0.69424
          -1.45840
          -1.29216
          -0.33371
           0.03552
          -0.11149
          -0.71836
           0.40791
           0.86510
           1.96819
           0.64269
           1.00792
           0.39277
           0.48091
           1.73068
          -0.40577
           0.23841
          -1.70411
          -0.65635
           2.86800
          -0.29833
          -0.14313
           0.09970
          -0.44188
           0.34481
          -1.16708
           2.23768
          -1.01070
           1.22873
           0.11604
           0.51788
           0.02865
           1.57461
          -0.73184
           1.41935
           0.60420
          -1.88654
          -0.91829
          -0.23235
           0.38822
          -0.88110
           0.26520
           0.40086
           0.76366
          -1.02912
          -1.01072
          -0.84402
           1.67270
           1.06965
           0.52549
          -1.03221
          -1.06722
          -0.15841
          -0.43274
          -0.67393
           0.53079
          -1.45847
           1.28725
           0.11534
          -0.24556
           0.14444
           1.99266
           2.15005
          -0.13998
           0.28640
          -0.69632
           0.16556
          -0.41091
          -1.52758
           0.99076
           0.89407
           0.93527
           2.58342
          -0.15564
           1.36637
           0.29819
          -0.11388
          -1.53664
          -0.58572
          -1.11623
           1.53825
           0.10713
           0.23880
           0.38129
          -0.15688
          -0.40375
          -1.50566
          -0.96332
          -0.92157
           0.04246
           2.13523
           0.01831
           0.36039
           0.21420
           1.48805
          -0.40256
          -0.48544
          -0.98064
          -0.49832
           0.14056
          -0.09344
           0.20099
          -2.41727
          -0.34545
           0.92912
           1.98390
           1.87387
          -0.28933
          -0.01564
          -0.53122
           0.34239
          -0.67791
           1.46807
           0.40194
           1.95810
           2.52370
          -0.92283
           0.15053
          -0.30753
           0.73641
           1.03186
           1.31745
          -1.98280
           0.20614
          -1.82900
          -0.52663
          -2.06762
           0.14072
           1.08370
           0.97358
          -1.52175
          -1.19565
          -0.21151
          -0.52314
          -1.18746
           0.35615
          -0.22653
          -0.35741
           0.66987
          -0.90991
          -0.32246
           0.46880
           0.32020
           0.09462
           0.47661
          -0.43452
           0.15672
          -0.48875
          -0.00920
          -1.46536
          -3.08092
           2.32428
           0.34198
           1.35152
           1.76984
           0.90654
          -0.43872
           0.85516
          -0.58108
           1.38832
          -1.53807
           0.24582
          -0.11903
           0.20200
          -2.22094
           0.74809
           0.51351
           0.65120
           1.54212
          -0.37971
          -0.07045
          -1.23464
           0.28706
          -0.91293
           0.45418
           0.75385
           1.36531
           0.90298
          -0.12683
           2.02685
           0.49419
           3.01272
          -0.69365
           1.59990
           0.38138
           0.61059
           0.42487
           0.73561
           1.62199
           0.43853
           0.98911
          -0.85667
           0.91082
          -0.24482
           0.68329
          -1.03211
          -2.76100
           1.35613
           0.20363
          -1.13399
           0.29754
           0.85310
          -0.92519
           0.54647
           0.03164
           0.05724
          -0.54102
           1.17792
          -0.91245
           2.25047
           1.31396
          -1.77224
           1.79442
          -0.81296
          -1.66683
          -0.01999
          -0.46123
           1.71112
          -0.24705
          -0.98603
          -0.97602
           1.87629
          -1.86789
          -0.17671
           0.12163
          -0.19996
          -1.06245
           1.17276
          -0.75460
          -2.11100
           0.62485
          -3.20007
          -0.45061
           0.22049
          -0.17455
          -1.06105
           0.10141
           1.49574
          -1.40879
           1.89724
           0.40180
          -0.65796
           0.12770
           0.86056
           0.46685
          -0.90391
          -0.00331
           0.98923
          -0.97492
           1.45659
          -0.45409
           1.78736
           0.68393
           0.01839
           0.66252
          -1.24826
          -0.94336
          -0.99478
          -0.27957
           1.46019
           1.61684
           0.84255
          -3.26156
          -0.46523
           0.87953
           0.77941
          -2.69284
           0.71350
           1.37684
           0.81912
          -1.17007
               NaN
           0.42397
          -0.51163
          -1.28007
           1.39578
           2.19844
           0.73133
          -0.81614
           1.30883
           1.01828
          -1.50847
           1.77133
          -0.02333
          -0.21578
           1.04504
           1.12928
          -1.78770
          -1.82627
          -0.17630
           0.58579
          -0.09133
           0.21067
          -0.61258
          -1.12019
          -0.76812
          -1.94320
          -0.98281
          -2.49002
           0.82125
           1.26601
          -0.41259
          -1.49148
          -1.00548
          -0.67218
           1.77421
           1.44713
           1.00299
           0.29802
          -2.24382
           0.74531
          -0.07403
          -0.27182
          -0.05329
          -1.42999
          -0.27508
          -0.73142
          -0.71301
           1.44997
          -0.94297
           0.32365
          -0.12356
           2.74277
          -0.44198
          -1.53562
           1.51523
           1.55051
           0.17050
           0.41827
           0.80745
           1.32155
           0.13273
          -1.32895
          -2.66210
           0.13388
           0.33164
          -0.66638
           0.64547
          -0.29271
          -0.46979
           0.25851
           0.75495
          -0.37580
           1.53784
          -2.49477
          -0.47795
          -1.20457
          -0.86454
           1.49047
          -0.25388
          -0.14206
           1.10801
          -0.48332
           1.12063
          -0.84638
          -0.22679
          -0.40025
          -2.27256
           0.91635
           0.11653
          -1.08593
          -0.88309
          -0.25781
           0.61842
           0.21933
           0.56603
           2.20818
           1.22989
           0.64194
          -0.65122
          -1.79901
          -0.60721
           1.35749
          -1.39684
          -0.29122
           1.18547
           0.22236
           1.79541
          -1.38138
          -1.19949
          -3.03376
           1.02625
          -1.12059
           1.21149
           0.04063
           0.39099
           0.22043
          -1.61535
           1.69611
          -0.42926
           0.03246
           0.53195
          -0.49766
          -0.40755
           0.96225
          -0.57596
           0.04186
          -0.87881
          -1.16805
          -0.12689
           0.72199
           0.72235
           1.92488
          -0.31894
          -0.46198
          -1.81962
           1.47008
          -0.26265
           1.38386
           0.20242
           0.61288
           1.16222
           0.55574
          -1.71691
          -0.66650
           0.29895
           0.40367
          -0.28603
           0.46516
          -0.75917
          -0.00831
           0.72202
           0.59848
           0.09880
           0.43038
          -0.12509
           0.76830
          -0.15994
           1.04874
          -0.86538
          -0.61473
           0.49905
          -1.24341
          -0.09086
          -0.58852
           0.55736
          -1.30646
           0.94516
          -0.52831
           2.16253
          -0.60252
           1.81040
          -0.02080
          -1.23141
           0.53299
          -2.21224
           1.51339
           0.03350
          -1.15144
           2.12177
          -1.09804
           0.66680
          -0.53567
          -0.65589
          -0.54851
          -0.03347
           0.95455
           0.25737
          -0.25132
          -2.31792
          -1.69641
           1.47822
          -0.46096
           0.31483
          -1.37898
           0.54949
          -2.22339
          -0.31491
           1.04346
           1.10095
          -0.02509
          -1.87745
          -1.15953
          -0.19558
          -0.30908
          -0.80246
          -1.13272
          -1.04103
          -1.28264
           0.05597
          -1.31228
           0.16016
           2.48445
           0.26246
           0.11051
          -0.37973
          -1.24627
          -0.19659
           0.67954
           1.52126
          -1.05921
           0.39024
          -1.54972
          -0.71866
          -1.61372
          -0.33861
          -0.55496
          -0.01020
          -0.43469
          -0.05989
          -1.99745
           0.02293
          -0.61162
          -2.35392
          -0.52027
           0.03689
           1.02763
          -0.41317
           1.82812
           0.12947
           0.52256
           0.42186
           0.06509
           0.62491
          -0.63767
          -1.58654
           0.03365
          -0.06754
           0.80578
          -0.40744
          -0.04621
           1.70008
          -1.90693
           2.28799
           0.33587
          -1.03217
           0.87163
          -0.11963
           0.14762
           0.89367
           1.69661
          -1.17524
          -1.55422
          -2.65810
           0.95167
          -2.88797
          -0.48665
          -0.84933
          -0.30168
          -1.67080
          -1.73935
          -1.16464
           0.43728
           0.17337
           1.01435
           0.26238
           0.59094
           0.01511
           0.63493
          -0.41469
          -2.97266
          -1.35694
           1.16635
          -2.29424
          -0.56437
           2.99687
          -0.75707
          -1.15226
           0.71894
               NaN
          -0.93015
           1.10354
          -0.65889
          -0.05392
               NaN
          -0.37690
          -0.52165
           2.37011
           1.65140
           0.50103
           0.50113
           0.04851
           2.44982
           0.79968
           0.27966
          -0.21390
          -2.15086
          -2.46366
           1.33831
           1.21064
           0.50311
          -0.85424
           1.06693
          -2.12479
          -0.91185
          -2.54679
          -0.73801
           0.22720
           0.00825
           0.94434
          -2.08132
           1.41399
           1.21606
          -1.35266
           0.13487
          -1.49250
           0.82500
           0.63329
          -1.44871
          -0.91123
           1.46904
          -0.63684
           0.70987
           2.53761
          -0.58077
          -0.29546
           0.72705
           0.19487
           1.60950
           0.16200
           2.07981
          -0.95671
           1.84830
               NaN
          -1.11552
          -0.76952
           0.62219
          -1.64141
          -0.47955
          -0.32283
          -0.37066
           2.05170
          -1.39429
          -0.61314
          -1.14785
          -0.60876
          -1.98894
           2.16302
          -0.55186
           0.82792
           1.10763
           2.17762
           0.28804
          -1.91712
          -0.83016
           0.06694
          -1.76713
           0.73713
          -1.11844
           0.74383
          -0.05537
           1.35318
           1.09064
          -0.93857
          -1.30112
          -1.85002
           0.21330
          -0.99313
          -0.02116
          -1.08200
           0.07178
          -0.48104
          -0.62400
           1.00169
           0.32588
          -1.19452
          -0.08617
          -1.08007
          -1.27423
          -1.72824
          -0.62407
          -0.18184
          -0.96676
           1.23527
          -2.06466
           0.51692
          -2.50664
           0.14642
          -0.35085
           0.44135
           0.06646
           2.31052
           1.57925
           1.33266
           0.44509
          -0.07712
          -0.30280
          -2.75515
           1.13511
          -2.10611
           0.09807
           0.77438
          -0.40991
           0.69512
           0.02248
          -0.86870
           0.56911
          -1.22449
           0.54676
          -2.96684
           1.03787
           1.16453
          -0.03186
          -1.52752
          -1.55499
           2.19076
          -0.65075
           0.83496
           0.71916
          -1.73944
               NaN
           0.32442
           2.26093
           1.24320
          -1.25751
          -1.89016
          -2.81146
          -3.73856
          -1.30065
           1.08720
           0.17083
          -1.50263
           0.97893
          -3.28803
           0.09577
           1.61070
           0.58373
          -2.22007
          -2.13613
          -2.83069
           1.52967
           0.24578
          -0.82484
          -1.01201
          -1.16649
           1.00488
           0.65592
           1.63746
          -1.59840
           2.04420
          -1.83775
           0.75263
           1.59604
           0.93384
          -2.31883
           1.73668
           0.40037
           1.41036
          -2.24433
          -1.03476
           1.34537
           1.42118
           0.05004
           0.56374
          -0.39537
           0.58193
           0.34238
           0.12404
          -1.72159
          -2.75519
           0.63257
           0.88022
          -2.69167
          -1.67477
          -2.77547
          -0.19201
           2.11635
          -0.04571
          -0.68802
           1.89986
          -1.25738
          -0.10635
          -1.01327
          -0.51199
           1.06814
           0.76835
           0.10947
           0.21895
           0.49028
          -3.55608
           0.95694
          -1.42283
           1.19879
           0.32456
          -0.40652
           0.10072
          -1.72786
          -0.91798
          -2.16749
           0.37390
          -1.26394
           0.37009
           0.79977
          -0.27082
          -1.99142
           1.78809
           2.46314
           0.76846
          -2.80204
          -0.92593
           1.61699
          -2.60126
          -0.20747
          -1.17672
          -0.02693
           1.58832
           1.71622
           1.15397
          -1.85648
           0.59211
          -0.95678
           0.37867
          -1.24648
           0.85654
          -0.61185
          -0.79019
          -0.81322
           1.27615
           0.13897
          -0.86610
           1.33808
           2.37184
          -1.01902
          -0.28071
           0.93983
          -1.13839
           1.84761
          -1.60194
          -1.91229
           2.05313
           0.64457
          -1.14758
           0.21057
          -1.22211
          -1.50076
          -0.17333
           0.28820
          -1.18246
          -0.15099
           0.72284
           0.49289
          -0.78208
           0.64745
          -1.22877
          -1.58016
          -0.81459
          -1.20483
           0.64908
          -1.30164
           0.91467
           1.00310
          -0.79954
          -0.31338
           1.38871
          -1.00597
           0.64286
          -2.39139
          -2.65564
           1.48291
           1.86308
           1.29398
          -0.13710
           1.32379
          -1.20174
          -0.20935
           0.13912
          -1.05725
           0.13818
          -1.23928
          -3.52386
          -1.07704
           0.84543
           0.99699
          -0.82274
           1.10189
          -0.15367
           0.54283
           0.74349
           1.86318
          -2.47290
           0.60402
           0.90421
          -0.13775
           1.96008
          -2.02268
          -0.43638
          -0.31808
          -0.99530
          -2.70921
          -0.49119
           0.22052
           1.38146
           0.77975
          -2.38415
           0.14852
           1.07854
          -0.80117
          -0.98773
          -1.91694
           1.27891
          -0.37690
           0.08313
          -2.80062
          -1.47970
           1.72115
           2.08279
          -1.38283
          -0.99889
           0.08456
          -1.86028
          -0.21112
          -1.26253
          -1.17979
           0.25675
          -2.47162
           0.34337
          -0.54985
           0.29702
          -1.78668
           1.49216
           0.38197
           0.51094
          -0.38875
          -0.93702
           2.48182
           0.27695
           0.37675
           2.19180
           1.02108
           0.05073
          -3.43301
           1.34817
          -1.43957
          -0.50617
          -0.21210
           1.78350
           0.98470
          -0.66917
          -0.98799
           0.27743
          -0.63905
           1.73966
          -0.73508
           1.98677
          -0.19486
           1.34904
           1.05957
          -1.29033
           0.86322
           0.97576
           1.75661
          -1.26036
           1.09764
           0.52206
          -0.69448
          -1.42856
          -1.84992
           1.40065
          -0.57696
           1.93941
           3.58436
          -0.88760
           1.93085
           0.23749
           0.01365
          -0.42006
          -3.66628
           1.99903
          -1.14678
          -3.51706
          -0.00483
           2.59574
          -1.71971
          -1.14397
          -2.70811
           1.09802
          -2.28715
          -1.23417
           0.95540
           1.35741
           2.76433
           0.35468
           1.08662
           0.76762
          -1.92096
          -1.66805
          -1.14040
          -0.61092
           1.89817
           1.27139
           1.51748
          -1.13112
          -0.52220
          -1.08659
          -0.34181
          -0.57897
          -0.50491
          -1.42309
          -0.32589
          -2.85483
          -0.60028
          -1.84197
          -2.37748
          -1.61223
          -1.48797
          -1.45710
           0.28875
           1.25108
           1.00652
          -0.24305
          -1.13972
          -1.74038
          -1.51747
           0.67573
           2.55332
           2.15891
          -1.58684
           0.97700
           0.36422
           0.48943
           0.77191
           0.87604
           0.52703
          -0.47810
           1.37389
           0.66513
          -0.41613
          -0.95494
          -0.39558
           2.90099
          -0.48363
           1.24642
          -0.38825
          -2.24041
           0.54069
          -0.28282
           2.32409
          -2.14987
           1.49525
          -0.41476
          -0.53877
           1.11941
           1.12650
           0.11709
           1.45375
           1.21447
          -1.81478
          -1.65809
           0.08220
           0.50331
          -0.97958
          -1.07721
          -1.30242
           0.58155
          -2.84550
          -1.04583
          -2.15013
           2.63602
           1.35857
           1.03819
          -0.40416
          -2.16070
          -1.49239
          -1.41322
          -1.89983
           0.41009
          -1.30288
          -1.63366
          -0.22100
           1.54450
          -0.34406
           1.92656
           1.83564
           0.34977
           0.43757
           0.04783
           1.11702
           0.89362
          -2.26533
           2.61050
           1.56339
           0.43719
           2.74697
           0.19811
           1.33044
          -0.19030
           0.36865
          -1.63590
          -1.56529
          -1.98330
           2.08629
          -0.84583
          -0.54946
           1.17680
          -0.71462
           0.56331
          -2.00130
          -0.63452
          -0.97554
           0.76999
           1.52277
           0.75261
           0.58338
          -0.60599
           0.41558
          -0.57115
          -0.66089
          -1.75283
          -1.32334
           0.20889
          -0.83954
          -0.37889
          -1.48085
          -0.91258
           1.21389
           1.56033
           2.30087
          -2.90498
          -0.25577
          -0.95070
          -0.15669
          -1.28616
           1.26986
           0.64896
           1.10838
           3.01295
          -2.85957
           1.11933
          -0.03651
           0.99041
           0.76926
           0.88221
           0.10741
          -1.28987
          -1.75730
          -0.05239
          -2.04071
          -0.39764
           0.73000
          -0.06740
          -1.06986
          -0.79822
          -1.85724
          -0.91357
          -0.76189
          -0.06371
          -1.31064
          -0.28068
          -0.08357
          -0.18161
           1.68079
           1.81847
           0.06202
           1.54170
           2.09126
           0.03826
           0.82347
           1.07515
           0.68873
          -2.28861
          -3.98465
           3.76428
          -0.33477
           0.92748
           1.46164
          -0.52088
          -0.20338
           0.21795
          -0.57746
           1.77119
          -2.12184
          -0.56501
           1.90187
          -0.04452
          -3.02936
           0.59332
           0.36093
           0.05942
           1.96034
          -1.11844
          -1.02121
           0.34711
           0.74925
          -1.37551
           1.50139
          -0.22054
          -0.07322
           3.03358
           0.88609
           2.60699
          -0.98523
           2.05140
          -1.09012
           1.86548
          -0.33335
           0.07090
           0.34136
           0.55023
           1.30329
           0.17582
           0.45682
          -1.29751
           1.48233
           1.39837
           0.20697
           0.53629
          -3.07187
           0.92489
          -0.00513
          -0.39561
           1.67095
          -0.00453
           0.55239
          -0.40771
           0.21108
          -0.48791
          -0.13211
           0.19884
           0.31813
               NaN
           1.06853
          -2.99246
           1.74552
          -2.62851
          -2.10079
           0.29744
          -0.83268
           0.73212
          -1.41033
          -0.86730
          -0.74764
          -0.15935
          -3.79103
           0.10404
          -0.52609
          -0.01071
          -1.70613
           0.97826
          -0.64005
          -2.02140
           1.34928
          -2.98848
           0.67628
           0.74334
           0.27732
          -0.62066
           1.37149
          -0.06797
          -0.48566
           0.51589
          -0.70466
          -0.08676
          -0.20663
           0.78858
          -0.62230
          -0.26464
          -0.70180
           2.55613
           0.07018
           0.16656
           0.01361
           1.77573
           1.07984
           0.96803
          -0.51441
          -0.48350
          -1.30044
          -1.29517
           0.30533
           0.45104
           0.34938
           1.25099
          -3.40854
           0.79569
          -1.29183
          -0.55158
          -1.96448
           1.39481
           1.92548
           1.13228
          -0.52643
           3.51082
           0.76637
          -1.18047
          -1.92145
           0.20565
           1.08041
           2.04414
           1.55685
           2.38703
           1.17892
          -0.39448
           1.34466
           0.72626
          -0.88203
           0.84587
           0.40744
          -3.30697
          -2.03913
          -1.61461
           0.42612
           1.28065
          -0.09046
          -1.42906
          -1.61026
           0.52250
          -2.29534
          -1.00578
          -2.67675
           0.77057
           1.88741
          -1.63984
          -1.18406
          -0.31134
          -2.75804
           1.65684
           1.38477
           2.21159
           0.17164
          -0.58177
          -0.06066
          -0.89398
          -0.57384
          -0.34891
          -1.45781
          -0.78956
          -2.16254
           0.13000
           1.73310
          -0.32707
          -0.67135
          -0.70348
               NaN
          -0.36330
          -1.76565
           1.77392
           0.76847
           0.35771
           0.73619
           0.64323
          -0.32357
           1.70821
          -1.37986
          -3.30804
           0.64061
           0.72569
          -1.26919
           1.59350
           0.09081
          -1.52171
           0.88730
           0.41185
          -1.26123
           2.30824
          -2.46796
           0.11577
          -2.04201
          -1.02503
           0.18422
          -0.73080
          -1.59088
           1.32608
          -2.09613
           1.77200
          -1.47657
          -0.17825
          -1.55723
          -1.06174
           2.29911
           0.81189
          -0.61838
           0.17576
          -0.85151
           0.21289
           0.54391
           0.21022
           3.16755
          -0.25910
           0.83989
          -0.66241
          -1.64894
           0.17135
           2.04280
          -1.90156
          -1.84239
           2.25024
           2.00256
           2.48538
          -0.67922
          -1.09818
          -3.91926
          -0.78234
          -0.72611
           0.77773
           0.07818
          -0.28885
          -0.91539
          -1.13060
           0.30193
          -0.00258
          -1.07821
           1.15556
          -1.32694
          -0.41850
          -0.61204
          -0.56217
           1.00264
          -1.38780
          -1.21449
           0.75123
           0.96173
           1.72262
           1.35289
          -0.40224
          -0.14621
          -1.32156
           2.65754
           0.34668
           1.38261
           0.77617
           0.16271
           1.93137
           0.61591
          -2.18421
          -0.01420
           0.27673
          -1.69774
          -0.77167
           0.49922
           0.19316
           0.21642
           2.16305
           1.91520
          -0.71363
           1.40611
          -0.07174
           2.19939
          -0.72863
           0.39234
          -0.92474
           0.19545
           0.04758
          -1.98926
          -0.25330
          -0.50372
           0.10217
          -1.28631
          -0.78353
          -0.45667
           1.14633
          -0.84178
           0.95315
           0.65755
          -0.65014
          -0.10429
          -1.74258
           1.75450
          -0.97176
          -0.22891
           2.42368
          -1.54228
           0.49793
          -0.07961
           0.21602
          -1.28341
           0.76138
           0.89548
           0.47522
           0.27766
          -1.41440
          -1.72045
           1.01890
          -1.35317
           1.54686
          -1.43387
          -0.69564
          -3.38924
           0.24109
           0.54706
           0.71900
          -0.42328
          -0.62229
          -1.54620
          -0.05720
          -0.18764
           0.24222
          -2.48905
           0.70869
          -0.65959
          -0.58297
          -1.83849
          -0.92943
           3.59722
           0.45927
          -1.01370
          -0.09837
          -0.58302
           1.64601
           1.16642
           1.22925
          -1.67763
          -0.44817
          -1.76720
          -0.81362
          -0.41446
          -0.34723
          -1.57211
          -0.38775
          -1.19836
           0.40638
          -1.56692
           0.89094
          -0.10609
          -2.96719
          -0.40081
           1.03944
           1.06302
          -2.59503
           0.49982
          -0.95255
          -1.08050
           0.39435
           0.00900
          -0.19897
          -0.78474
          -0.91095
          -0.23362
           0.36822
           1.72164
           0.67057
          -0.56202
           2.10052
          -1.81095
           2.67126
           1.29766
          -0.85806
           1.38319
           1.20353
           0.33116
           0.42527
           0.47252
           0.00104
          -2.44499
          -3.59667
           1.47082
          -2.66866
          -0.60460
          -0.19271
          -0.48038
          -2.90441
          -0.79227
          -0.79174
           0.12276
           0.33261
          -0.04320
           2.13924
           0.22897
          -0.04396
           0.76458
          -0.57428
          -3.84041
          -1.72697
           1.26823
          -1.55967
          -1.89850
               NaN
          -1.57663
          -1.42472
           0.84560
           2.69860
           0.05819
           1.12256
          -1.32193
           0.90078
          -3.19541
           0.33944
          -1.06782
           1.96365
           1.30561
          -1.47273
           0.66433
           0.61730
           0.59264
           0.27299
          -1.37018
          -0.40899
          -2.25923
          -2.56283
           0.99898
           0.55617
           1.33135
          -0.60103
           0.40169
          -1.82967
          -0.67675
          -1.84470
           0.13977
           0.09523
          -0.79889
           0.36597
          -1.81310
           3.48058
           2.00371
          -1.13518
           0.82633
          -2.08787
           1.99877
          -0.45875
          -1.01669
           0.35061
           0.10967
          -1.39570
           0.51166
           2.45413
          -1.00942
          -0.75326
           1.34027
           0.47910
           1.71970
           1.26260
           2.63641
          -1.39922
           1.93208
           2.46310
           0.25870
          -0.55221
          -0.22621
          -1.85484
          -0.45345
           0.05920
          -1.28045
           1.51399
          -3.01362
          -1.23041
          -0.71744
          -0.52988
          -2.54501
           1.53747
          -1.41774
           0.82455
           1.23878
           2.32968
           0.64479
          -1.46822
          -0.40903
          -0.55359
          -2.27253
          -0.80922
          -1.22841
           0.83026
          -0.04317
           0.20626
           0.19484
          -0.88019
          -2.32975
          -2.50476
           1.27791
          -0.30444
          -1.63477
          -1.28565
           0.88278
           0.27791
          -0.38840
           1.15086
          -1.01591
          -1.54887
          -0.36881
          -1.70298
          -1.18643
          -1.42817
           0.03577
           0.94286
          -1.90419
           1.21210
           4.56523
          -1.14191
          -1.39306
           0.68988
          -1.34218
           4.10137
          -1.42981
           4.42024
          -0.22000
          -1.12206
           0.40473
          -0.66521
           3.85820
           0.18364
           0.41737
           0.12642
          -0.27947
           2.75279
          -0.69719
           1.12634
           3.07755
           2.85137
           1.15430
           0.50848
           0.42436
           1.62249
           0.92095
          -0.46523
           1.35792
           4.36844
          -3.07023
          -1.32582
          -1.55394
           0.44637
          -2.11443
          -1.66989
           4.65969
           0.48421
           2.17949
           1.26401
           0.70349
          -3.09451
           2.11732
          -0.75265
          -2.06774
           3.04378
          -3.17792
          -1.25291
           2.67778
          -1.53842
           2.01399
           0.44761
          -1.57422
          -0.04870
          -1.29283
           1.27753
          -1.25500
          -3.99038
          -1.65711
          -3.06552
          -1.32682
           1.80159
          -1.59112
          -1.88659
          -2.90790
           3.19793
           2.27072
           1.04992
           1.64937
          -1.08731
          -1.83821
           0.93579
           0.75544
          -0.28417
           2.02608
          -0.64599
          -2.11465
          -1.68891
          -0.64032
           0.97010
           2.25748
           0.42981
           0.01284
          -2.60057
           0.66945
           0.62358
           1.79150
          -2.64559
           1.61689
          -0.13169
          -2.47033
          -3.02619
           1.32094
          -0.55783
           0.28674
           0.78240
          -0.93016
           0.66579
           3.10101
          -2.72235
          -1.02610
           0.12172
          -1.08600
           1.92142
          -0.87499
           1.61040
           2.80237
          -3.15818
           0.06346
           1.48321
          -0.13720
           0.02839
          -0.38460
           0.79001
           1.91431
          -1.16857
           0.88775
           2.16941
           1.42472
           0.57003
           1.51291
          -0.73319
          -1.04578
           0.55553
          -0.65003
          -0.11173
           0.65777
          -1.85939
          -1.30559
           1.19075
          -2.01843
          -1.87744
           1.33911
           2.41925
           3.25180
          -2.17968
          -0.38127
          -2.60088
          -3.23943
          -2.71209
          -0.25592
          -2.31753
          -0.02608
           1.13406
           1.35781
           2.03585
           1.71119
          -0.71871
          -1.37050
          -0.29758
           0.55237
           0.70215
           2.76168
          -2.94444
          -1.07617
           1.66782
           3.01155
           0.59826
           1.65024
          -1.98114
          -0.84483
           0.42692
           0.15539
           0.22802
           1.01124
          -1.17845
           0.56678
           2.23349
          -0.47636
           1.82771
          -0.33638
          -2.16887
          -1.19671
          -2.26627
          -0.84544
          -0.15122
          -0.08549
          -1.60621
          -4.75142
          -2.46496
          -0.85410
          -3.89324
          -0.77719
          -3.41249
           0.47455
          -2.37751
          -0.61361
          -1.22488
           0.82541
           2.11632
          -2.00113
          -0.36171
          -1.21554
           2.28031
           3.15149
          -0.01218
           2.28030
          -1.68624
          -2.35158
          -0.36986
          -2.10457
          -2.67317
           1.79129
          -1.51607
          -2.07735
          -0.89254
           1.56839
          -0.43890
           0.75000
           1.00827
          -0.39985
           0.11471
           2.03306
           0.30088
           0.12703
           0.44927
               NaN
           0.63668
          -0.44283
           1.08540
          -3.05905
               NaN
           1.49070
          -0.37012
          -2.01112
          -0.85980
          -1.37422
          -1.07638
          -1.72820
           0.95527
           0.51284
          -0.85728
          -1.80513
           0.99858
          -1.90255
           0.55760
           1.89671
          -0.66471
          -1.13997
           3.01322
          -0.95951
           3.58784
           0.30216
           0.75673
           2.07219
          -0.02270
           2.87588
          -0.32962
          -0.96376
           2.08191
          -0.50257
           3.31179
           0.69023
           0.81250
           0.02324
          -0.91905
           0.65189
           1.74165
          -0.01365
          -0.96967
          -1.44139
           1.35830
           1.22665
           0.41392
           0.55347
               NaN
          -0.61795
           0.35393
          -2.76775
          -3.27344
          -3.26589
          -0.61902
          -0.47297
               NaN
          -0.22585
          -2.44976
           1.33128
          -0.01688
           0.91271
           0.51815
          -3.08686
           2.22572
          -3.29215
          -3.11638
          -2.45594
           0.76036
          -2.37950
          -2.13569
           1.54311
           0.44746
           1.25381
           0.91356
           0.16619
           0.16701
          -0.13760
          -2.87935
           0.90350
           0.22943
           1.12384
           2.18051
           0.96642
           1.40811
           0.08847
           0.17937
          -0.61955
          -2.28045
          -2.32653
          -0.31105
          -0.88950
          -0.13449
           0.32719
           1.68360
           3.47964
           3.33472
           0.39660
           1.52813
          -2.16631
           2.87187
          -0.58720
           0.71642
           0.80076
          -3.73383
           2.88769
           1.75032
           3.47162
          -1.02991
          -3.49082
          -0.54780
          -0.82105
           0.76281
          -0.41806
           1.50036
          -3.09293
           0.76985
          -0.97297
          -0.85873
           0.00019
          -1.01885
          -0.94095
          -1.90729
          -3.88934
          -3.65069
           0.63548
          -0.47921
           1.64589
           4.27336
           0.44127
           1.21350
           0.18348
           1.97587
           2.28687
          -2.07514
           1.25873
          -2.87196
          -1.06286
           2.81657
          -0.00947
          -2.30924
           0.86034
           2.36175
           0.03946
          -2.54550
           2.10299
           0.76508
           0.81326
           0.94347
           2.16503
          -1.67167
           2.27316
          -2.05519
           1.36571
          -0.34712
          -1.99839
           0.23496
          -0.72269
           0.20880
          -0.72759
           2.35782
           3.05601
           1.04755
           1.80234
          -0.95599
           1.19199
           0.17101
           0.61928
          -0.27374
          -2.01126
           0.63735
           1.92105
           1.09566
           1.23706
           0.71895
          -1.70101
               NaN
           0.63964
          -3.03600
           0.90592
           2.09570
           2.64017
          -0.90344
           0.05075
          -1.85634
          -1.31762
          -2.44447
          -0.37754
          -1.53417
          -0.14931
           1.71169
           2.32848
          -0.70707
           1.42238
           1.05966
          -0.86607
          -1.38191
           0.94128
           0.23540
           0.68395
           1.59266
           1.46758
          -0.85878
           0.71254
          -1.91126
          -0.73303
          -1.47587
          -0.83743
          -1.09163
           3.08998
          -1.12636
           0.01280
           1.49277
           3.15985
          -0.13975
          -0.21193
           0.22308
           0.78775
           0.03404
           1.06962
           1.10495
          -3.87702
           0.53861
           0.48522
           2.64417
           1.20826
           3.78808
           0.35869
           0.12269
           1.12038
           0.27025
           1.77706
           0.01687
           3.28267
           1.76103
           2.09625
          -1.35968
          -0.73000
           0.34047
           1.44122
           1.99592
               NaN
           2.53818
          -1.94076
          -1.26591
          -2.10957
           0.97994
           1.63507
           2.59631
          -2.22618
          -1.81519
           2.35394
           0.08546
          -1.85087
           1.01064
           1.46344
          -0.47702
           1.84436
          -2.04521
          -3.44522
          -1.63513
           0.72268
          -2.16115
          -2.04040
          -1.17153
          -0.88263
          -2.92664
          -1.09716
          -0.18205
          -1.67214
           0.07954
           1.39694
           2.01252
           2.25027
           3.13168
          -0.80559
           1.84847
          -0.58672
           0.79148
          -0.62807
           1.50978
          -3.26932
           0.58628
          -0.96074
           0.98936
           0.75135
           1.57370
           0.89016
           0.77186
           1.41165
          -3.70034
          -0.43342
          -0.19183
          -1.17827
           2.27277
           3.60777
          -2.41830
          -1.70582
           1.12248
           2.80039
           4.51128
          -0.07561
           1.18590
           1.49554
           1.45188
           0.55505
           1.02460
           2.11879
           0.84806
           1.81888
          -0.16948
           0.01992
          -2.80632
           1.42580
          -3.47701
          -2.27639
           2.02836
           0.52908
          -2.28501
          -1.84339
           2.19003
          -3.22852
           2.03390
          -0.24807
           0.90704
          -1.17845
           2.70416
          -2.83074
          -0.28554
           1.69655
           0.12990
           1.87066
           2.01720
          -0.99035
          -0.51483
           0.11781
           3.23723
           1.56632
          -1.17109
          -1.33203
               NaN
           1.13000
          -0.61437
           1.13133
          -0.49498
          -0.05904
           1.47595
          -0.93315
          -2.25068
          -0.50441
          -3.52990
          -2.20726
          -0.59454
          -0.87895
          -1.74756
          -1.87845
           3.93333
          -2.84780
           4.05054
           2.12660
          -1.54837
           0.64888
           0.97278
           2.16468
          -1.90044
           1.08552
          -1.45334
          -2.60406
           3.46754
          -1.18318
           1.80549
           0.06678
          -1.46195
           2.49717
          -2.44040
          -0.38671
          -0.52653
          -1.19134
           3.03330
           3.59262
           0.20586
          -3.03243
          -2.43081
           4.26434
           2.85420
          -3.82825
          -0.34856
           0.52160
           0.33095
          -2.17342
           3.88975
          -0.10978
           0.53098
          -0.28027
           3.25100
           3.94129
          -1.31514
          -4.51527
          -0.37192
           0.76787
          -3.24501
           2.43645
          -1.19183
           0.82280
           1.35552
           2.25450
           0.58061
          -1.49446
           2.06580
           0.83469
          -2.23004
           0.68009
           0.66020
          -0.35625
          -2.78001
          -1.39426
          -0.94701
          -2.19893
           0.90024
           0.29735
           1.50050
          -1.97070
          -2.08755
           2.57936
           1.95717
           1.54434
          -0.88105
           0.49503
          -4.83471
           2.00170
           1.20416
           0.19899
           0.40752
          -1.38661
           0.52691
           1.49947
          -2.02713
           1.00863
          -1.90306
           1.87470
           0.78046
           0.89169
          -0.56462
          -1.17704
           1.11198
           2.76958
          -0.12133
          -0.07734
           1.06346
           3.88605
          -2.32320
          -1.24959
          -1.65518
          -0.65603
          -0.28263
           0.27331
          -0.83238
          -0.89056
           1.17000
          -0.72169
           1.28980
           1.00446
           0.33691
          -2.53655
          -1.40348
           0.10088
          -0.61437
           3.52672
           0.48956
           2.11643
           0.76806
           2.03081
           0.10526
           0.13598
          -0.30247
           1.40330
          -4.16005
          -1.23915
          -0.96743
          -1.81477
          -2.53368
           0.66768
           1.25058
          -0.28664
           1.12069
           0.71267
           3.55100
           0.33337
          -0.63379
          -2.03294
          -1.82086
           0.28919
          -0.61005
           2.12682
          -0.47434
          -2.55270
           0.71986
          -2.47595
          -1.35742
          -1.65339
           3.84556
          -1.73552
           1.88764
          -0.01789
           1.45076
           1.99100
          -2.37101
           3.86942
          -1.09439
           1.76382
          -0.44017
           0.79508
          -0.39047
           3.41632
          -0.59745
          -1.45584
          -0.08536
          -1.09567
          -1.49574
           0.34829
          -0.83691
           2.81651
          -0.18909
          -0.95422
          -2.59603
          -0.38100
          -1.21250
           1.38581
          -0.69196
           1.31463
          -0.03676
           0.46195
          -0.98846
          -1.68333
           0.33360
           3.67946
           0.47100
           0.41208
          -2.24370
          -0.35862
          -1.52432
          -1.45408
           1.36525
          -1.09065
          -0.20825
          -1.46255
           0.72657
           2.07196
          -0.77285
          -1.87768
           1.20282
          -0.08074
           0.16236
          -0.72071
           1.26694
          -1.33787
           3.63992
          -0.63999
           3.74664
          -0.22955
           3.14674
          -1.07826
          -2.13752
           1.52641
          -2.94435
           1.13753
           1.60055
          -2.58954
           1.65114
          -0.40553
           0.93003
          -1.24660
          -2.01506
           0.59708
          -1.27252
           1.04663
          -0.08224
          -1.07592
          -3.72637
          -1.65894
           2.19424
           0.92986
          -1.60571
          -1.29342
           2.49045
          -0.40600
          -1.18162
           1.81728
           1.69635
           0.59563
          -3.83405
          -0.55677
          -0.41129
          -0.49839
          -2.43096
           0.98159
          -3.76858
          -2.25388
           1.05199
          -0.49200
           1.85866
           0.74981
          -0.04433
           1.86299
          -0.81833
          -2.28019
          -3.06893
          -0.07944
           1.97646
          -0.09518
           1.69720
          -1.21070
          -0.57062
          -3.48319
          -0.32517
           1.03062
           0.57834
           0.75576
          -0.78672
          -2.66857
          -1.33015
          -1.39966
          -1.39792
          -0.70649
          -1.52595
           0.97246
           2.98803
           3.89874
           1.81617
           3.02149
           0.46473
           0.15252
           1.90922
          -0.40841
          -2.63969
           0.45028
          -0.74683
          -0.62189
          -2.08789
           0.75786
           1.07586
          -2.05656
           1.69052
          -1.16340
          -1.30358
           0.07418
          -2.18224
          -0.13849
           1.62383
           3.60477
          -3.00887
          -0.16563
          -1.19501
           0.14239
          -3.22983
          -0.30278
          -1.87291
          -0.02311
           0.25221
          -3.21569
          -1.74593
           0.92757
          -0.07488
           2.66292
          -2.66335
           1.15521
           0.10719
           0.43281
          -0.16591
          -1.61997
          -0.78012
           1.00755
          -3.43931
           1.51533
           1.60814
           0.52049
          -0.72754
           0.52150
           4.74474
          -2.47082
           1.07388
           0.37470
          -1.54216
          -3.77800
          -1.49356
           0.32974
           3.00373
           2.19043
           3.57782
           0.24671
          -0.83816
               NaN
           1.62071
           2.85152
           0.09023
          -1.98192
          -2.30905
           1.86728
           2.23086
          -0.78799
          -1.24896
           2.10394
          -2.58485
          -1.27834
          -3.64125
          -2.10633
           0.43293
           1.26647
           1.84592
          -2.49944
          -1.80752
          -0.01176
          -1.69169
          -0.94301
          -0.56441
          -1.00473
           2.33561
          -2.12217
          -2.87825
           3.58810
           0.54610
           1.01885
           2.66774
           0.08744
           0.41818
          -0.22887
          -0.24821
           1.43770
          -1.55367
           1.21214
          -0.26692
           1.71769
           4.47626
          -3.25773
          -1.10826
           1.94472
          -1.30869
          -0.52025
          -0.91834
           1.04757
           2.88992
           1.12999
           0.34908
          -1.81880
          -0.73172
          -1.12211
           3.13814
           0.79793
           0.83317
           0.90320
           1.94057
          -0.26807
          -2.61688
          -1.48663
           1.03427
          -0.97929
           3.14766
          -0.94701
           0.60911
          -0.07440
           3.14104
           2.48706
          -1.02959
           0.30236
          -0.82940
          -1.44627
          -2.06668
           2.49422
          -0.76454
          -1.19245
          -1.66411
          -0.99127
           0.76916
           2.41753
          -0.64214
           0.35442
          -0.10904
          -1.41109
          -2.19600
