           3.24495
          -5.29696
         -11.31509
           4.29542
          -1.35979
          -1.62686
          15.12553
         -10.22893
          16.45056
          -0.05195
         -30.94682
          14.20588
          16.96000
           8.42775
           0.69192
           7.97930
           9.47346
          17.55757
               NaN
          19.59658
          -8.54819
           1.31422
          10.13877
           6.72439
          12.37435
          -5.74239
          19.93641
         -10.69547
          12.00055
         -12.62909
          16.76060
           8.74215
          -8.56637
          11.74904
          15.79309
          -4.15096
           0.75993
           2.45185
         -14.57769
          -7.26115
          -7.09709
           0.87451
           3.61333
         -21.40868
          -3.30155
           4.19520
          -9.70792
           1.47457
          10.71854
          -1.13086
          14.15382
         -13.63611
          -5.96103
          19.60428
          11.56108
          -5.18963
           9.45293
          12.40662
         -23.54378
           6.92061
           8.11201
         -21.82639
          -1.25553
           3.24496
           7.58234
         -19.90147
          18.87069
           3.52348
         -21.44219
           3.41246
          -8.64330
          13.83538
          -4.04977
           3.32241
           2.95267
          28.97321
         -11.67883
          -8.89873
          -8.01242
          29.27242
           1.24065
          29.29035
          -0.39081
           6.35034
           4.36748
          -4.66584
          19.34147
           1.31029
          -2.31546
         -10.37780
          -6.67945
          11.42585
           9.65277
          -0.28943
           5.14741
           8.58638
          16.71342
          -6.60259
          11.28218
          10.86177
           9.87707
          -7.34803
          16.06850
         -13.22992
          18.39472
         -18.44415
          -4.38204
           3.10479
           6.43814
         -14.43046
         -17.19635
          12.98392
           6.46301
          27.94525
          15.75090
           4.75608
           4.35348
           9.36090
          31.23709
          -3.44684
         -14.65836
           2.80852
         -16.21838
          27.71823
          -2.76486
           4.22521
           1.59156
          11.48729
          -7.86760
          -8.57696
          -9.96597
          26.56967
          -8.61701
           4.11540
           9.18705
          11.66091
          -8.88106
          -3.89844
           0.42395
         -10.13958
           4.72920
          15.48943
          -0.37185
          10.30062
           2.69227
         -27.37578
          34.15670
          -0.43162
          21.96747
           3.16736
          21.68230
           4.33074
          25.72500
           1.07986
          -2.34644
          10.77091
          -9.09942
           6.95881
          -2.66813
          29.00419
          -9.88772
           4.07340
          -4.61957
           8.36063
          13.90919
         -30.38448
           9.69115
          18.17634
          18.34042
           5.08590
          37.25151
               NaN
         -15.17769
         -17.79770
          -1.30805
          14.49569
           8.41851
         -11.03934
          21.10865
          13.68699
           4.30349
         -16.13020
         -10.39617
           7.32806
          -5.95233
          -4.67261
          25.86372
          13.98990
           1.63863
         -13.85843
          -5.41241
          11.40544
          23.60737
         -20.55604
          10.01924
          -5.25896
          -8.21449
          -6.01079
         -13.06590
          21.73965
          10.61342
          -8.63799
           4.14067
         -10.51626
         -11.11594
          13.51897
           8.01751
               NaN
          -8.08793
          20.33994
          16.80242
           9.50203
          19.15756
          12.34376
          13.80034
          10.55200
          11.16013
          14.90135
          -7.85110
          -5.00064
          15.95655
         -11.58233
          -2.68668
           7.26107
          -8.25128
          -3.33055
           1.64153
         -11.99128
          -7.72195
          -1.49870
          11.77987
           9.65674
         -30.47467
           6.91662
           1.48585
          17.81549
          29.26852
           6.17099
          15.53500
          -7.86504
          22.94930
          17.67591
         -20.82288
           3.47079
               NaN
          -5.01321
          -7.44684
          37.59941
          15.70503
          -2.10219
          -2.31633
           3.99500
           0.94785
          -0.17362
           9.90556
           0.14432
           4.96008
         -10.92964
           0.71923
          20.18527
          21.42598
         -29.41252
          -9.88821
         -14.28582
           3.57551
           6.06176
          -6.62389
          -2.61359
           3.74918
           4.95378
           5.57043
           5.15305
           4.69227
           1.41445
          -5.57435
           8.15382
          11.73009
          11.69953
          13.41536
          -3.87061
          -1.20531
           3.91979
           3.33743
           6.35903
           9.67586
           2.20875
           6.59212
           8.42915
           3.33811
           8.46313
          20.65676
          -6.41188
          18.55312
           6.29495
          -8.38817
          29.96575
          -7.55480
          -8.38622
           9.53270
           0.99530
         -15.78449
         -12.57442
         -22.40165
          29.21735
          12.12118
           3.05830
         -12.71783
          -9.78117
          -3.34937
          20.56138
         -17.65168
          -6.56186
          18.21753
         -25.51776
           6.97341
         -10.98942
           6.46644
           2.50245
           5.51551
         -18.71418
           5.65912
          -5.55887
          13.11077
           4.16797
           1.97778
          12.92335
           8.03095
         -26.76156
           5.25923
          -2.18017
           0.13956
          32.42017
          11.05522
          -0.32296
           0.07782
          -1.22989
          13.28590
          -4.25282
         -28.64813
          -0.54038
          13.46719
          -1.53783
           2.41042
         -18.67035
           0.66507
           0.51342
         -16.09525
          17.27178
           6.73718
          12.79990
         -20.15243
               NaN
          15.60296
           3.71717
          -4.51445
          -2.63304
           3.43169
          13.13899
           2.29202
           4.94597
           7.50367
          17.85529
          20.21069
         -10.45109
          -3.19148
          -1.62813
          23.94756
          29.64208
          26.51923
           0.32717
           0.65397
           9.62319
           7.79723
          -1.76932
          -3.69407
          19.86204
          25.58453
          -0.84958
         -11.88497
          23.72453
          16.77372
           3.81779
           0.48226
           2.50646
           6.09239
           6.75542
           5.23756
          21.45692
         -10.20854
               NaN
          -7.40702
           2.76872
          13.26413
          -1.64432
          22.07939
          -6.65198
         -13.87997
           2.60475
         -11.11569
          20.87861
           4.97928
           0.71491
         -12.35483
           4.51858
           6.01370
           7.22765
           4.21379
          20.65378
          -0.95646
           6.95988
          26.16728
          16.29725
          -9.47256
           9.86862
           0.26491
           7.17495
         -14.83144
           2.14677
          -1.55636
         -17.98899
          10.14226
         -12.26442
         -15.75620
          11.24028
         -17.59848
           8.64274
           4.76048
          -4.81950
          -4.80636
          12.79763
           2.63474
           4.27251
           3.43661
          -1.02762
           4.58800
           4.69982
          23.81584
          10.04563
         -15.05742
          -3.20013
          -1.59056
          14.88171
          -3.65507
           8.16587
          21.66621
         -15.41653
           0.28584
           3.55759
           8.88491
          10.80723
          11.00527
         -14.19702
         -16.82798
          11.27927
          20.65827
          -8.57459
          -6.86063
          17.99041
           1.21963
           3.22515
          32.30215
          21.11634
         -12.42316
           9.61938
           6.41720
           0.65836
         -14.68955
         -12.14568
          28.99057
          -5.39367
          -0.30375
          10.35369
           8.31088
           3.12214
          14.08391
         -20.27835
          -5.72273
         -15.06963
          -8.58457
           5.78057
          -6.56949
          15.99945
          -0.53531
          11.03587
           6.48940
          -0.36497
           0.26740
           5.07636
          12.28496
           8.13141
          -3.24664
         -17.09601
           7.19306
          15.65488
          -1.30558
          -0.23926
         -20.87202
          -4.79246
          11.90079
           8.08025
           4.77354
         -12.53600
          -0.37474
          -9.05996
          11.78378
          13.51279
          -8.69437
          -6.33781
         -14.82011
           1.94087
           3.93591
          21.27293
               NaN
           6.30445
           0.39220
         -12.60616
          18.62646
           8.48598
           0.49773
           7.23952
           1.17831
           8.80379
           1.25662
           3.69982
         -25.00539
          -3.40108
          10.96862
          -3.35334
          20.04256
          18.89171
          20.58334
           1.27466
          28.62022
          15.65002
          15.19566
          -7.93936
           3.35144
           7.38476
          19.89972
          24.88946
          10.82688
          33.66537
           2.87584
          -5.79067
           2.43213
          26.58921
           0.85965
          17.22202
          -2.19517
          -4.32282
          -0.43704
          -2.60315
          16.42521
           1.68815
          30.86256
          20.67433
          12.03651
           5.23658
          24.49985
          -2.45067
          11.39746
         -17.46898
          10.80872
           3.16567
          -3.59719
           2.03668
           6.76599
          -7.50296
         -14.40588
          17.97131
          -9.74811
           5.22245
           9.76385
           7.64878
          12.63424
           0.95553
          17.81104
          -0.90108
         -17.38141
         -14.33264
          -3.77421
           4.14237
          10.16455
           6.79754
           0.58174
           1.16112
           8.40812
           4.01096
           8.13553
          12.61283
         -16.45243
          27.06702
         -10.64179
          -5.24822
          12.93449
         -14.47258
          12.97029
          -6.47603
         -17.37642
          -7.64170
          10.39693
          18.82333
         -10.79129
          26.75911
          14.20364
          -7.10147
           2.46611
          -1.94199
          -6.79633
         -29.53665
           1.23995
          22.05806
          12.85449
         -11.22730
          -1.84423
          12.83035
          -4.31214
           0.02169
          11.67602
          14.01103
          -8.23246
          17.93329
         -17.73075
          16.08328
          -9.86552
           7.93528
          -0.97028
         -19.18845
          10.97075
          -9.56824
           8.29764
           9.48788
          -1.19035
          -7.94130
           1.17637
          20.29527
           0.23929
          27.68393
         -13.94075
          -6.30932
          10.61695
         -15.28779
           3.06599
          12.06694
          -2.71107
          20.30576
          -6.89195
          31.31979
           2.21710
           9.95840
          26.91263
         -10.19887
          25.72478
           0.33211
          -4.46463
          21.46655
         -17.85024
           9.44899
          -5.14651
           5.34756
          16.84840
          -8.87329
         -15.66155
           5.81635
          19.03396
          -5.03104
          12.29862
           6.20998
         -22.08189
          -5.82423
         -16.94086
          16.86699
           2.36367
         -11.99917
          23.68581
         -10.63012
           3.37822
          16.18181
          16.38681
          -0.08469
         -12.39399
           7.03441
          12.27626
           2.17320
           2.49819
          15.08567
         -12.16209
          22.08494
           3.03084
           8.73165
          -3.46465
          -4.15510
           0.02232
          28.14797
           9.30667
           8.85622
          -9.16029
           6.68674
          16.67598
         -13.98870
           4.72226
           9.92244
          -1.86740
         -22.94629
           5.87014
           3.09019
           6.40011
          29.93244
           4.35887
           4.28177
          -3.69271
           1.08901
         -18.27316
          -5.55563
          17.93372
          14.02757
          20.25007
           3.23905
          -3.32859
           9.05232
          18.71865
         -12.79603
         -10.54440
           6.53331
          -5.36585
          -0.82220
          30.76041
           1.58401
          -0.58956
          -5.43622
           5.85208
           0.01025
          -2.57268
          11.32613
          10.21286
           0.34613
         -15.66555
          11.74181
          34.95366
          10.40969
          -1.27923
         -23.19015
         -12.81134
         -17.56089
          10.00903
         -15.69958
          -7.30189
          -2.12068
          -5.51511
         -28.61610
          22.85185
           5.69601
         -11.18344
          -7.66252
          -7.55978
          14.79143
           4.37620
          -1.78471
           5.13378
          11.78988
         -28.98202
           7.26491
               NaN
          11.26387
         -12.14343
          18.32273
         -15.00064
         -18.61227
          -0.79999
          27.70791
          12.20688
           3.09703
         -13.81189
          17.63153
          -2.72399
          30.12822
         -14.33642
           6.93151
           8.71164
          11.18700
          -5.14313
           6.76096
          -5.38799
          18.88435
           5.18569
          -0.09660
          13.78038
          10.33313
          -2.85482
         -14.77396
           1.61832
           7.50934
               NaN
          -0.47772
          -8.80326
          -2.24847
          14.17314
         -10.64551
           4.18053
          16.52091
          -5.05010
           1.10523
          13.98110
          -5.98378
          22.26353
         -16.84732
           1.52279
          10.23133
          -2.32645
          17.39381
         -13.41521
           6.11935
          17.33206
          17.53483
          10.78766
           1.18294
           6.98207
          25.05541
          18.32415
           5.67660
          16.52240
          16.75575
               NaN
               NaN
           0.78645
           7.26483
          17.05685
           5.51517
          -8.75222
           8.75286
          18.13235
         -10.41021
           3.40002
           7.41066
          17.74088
          -5.52657
         -16.00825
          17.65632
          14.14900
         -13.44497
           9.43666
          -7.26417
          16.23657
          -0.63435
          -8.25745
          -1.26165
           1.30602
           4.31071
          10.08711
          -0.38248
          23.41085
         -12.26696
          -8.17120
          20.31175
           3.01430
          14.54146
         -12.96151
          13.59242
          20.54062
         -10.45209
          19.30572
          19.75662
           3.87175
           3.76185
          21.94542
          12.53341
          12.66611
          31.75597
           0.23467
           3.87380
          -9.71219
          -9.62327
          21.80615
          -4.60102
          10.68964
         -22.17316
           8.95215
         -11.96211
          19.65198
           7.29312
           5.42921
         -27.25980
         -14.68890
         -16.89293
           7.60790
          -1.56429
           6.31249
           5.00743
           6.27235
          -4.64321
          10.71393
           2.42518
          16.77022
          -6.73550
          -9.72216
          16.89517
          -5.08704
          10.30335
          -1.33223
          11.58954
          -1.79855
          -3.54504
         -15.13179
           6.92014
         -13.37350
         -26.01879
          18.90759
           4.21579
          -4.40771
           4.62808
          12.47475
          19.95108
          -6.22519
          -1.09054
           6.81982
          -6.51225
          -7.58796
          -7.13769
          15.06818
          -6.73330
          13.78300
          -8.16963
          10.31276
          19.15274
         -16.38594
           5.24391
          -0.91869
          -1.85531
          -7.90857
          -1.16910
          -3.01133
           9.17141
          31.20052
          -3.74856
           6.80430
          -7.13153
          31.93654
          22.77727
          -2.91027
          23.01744
          -1.41642
           2.97765
          17.77511
          21.83541
         -11.09894
          -5.98554
          -3.19263
           3.99749
          -7.46100
           6.12008
          -3.35258
          28.10735
          -5.10124
           6.43773
         -16.31655
          24.71328
          17.61192
          24.80148
           5.62310
          16.85058
           2.75295
           4.94097
          31.85207
           5.98225
           1.35464
         -21.80499
          11.14701
          -0.63028
          -4.42147
               NaN
          -3.08621
          13.91916
         -14.64611
           8.24460
          20.61462
           5.44823
           5.05188
         -22.13812
          28.20367
          14.58774
          -0.76795
           4.52943
          10.45774
         -29.87779
          -0.39236
          21.24998
          -0.67857
          16.76927
          -7.11343
          15.95901
          16.09855
          15.13520
           9.38134
          14.42157
         -13.43178
         -10.59889
           1.40412
          16.19511
           2.58591
           0.92144
           0.53326
           0.20568
           3.28501
           4.92857
           5.77088
           5.23022
           2.61275
          -2.50322
          -0.96957
          -3.98559
           4.49663
          -3.28684
           4.40084
           6.80063
          -0.22180
           5.08509
          -4.04303
           3.35910
           7.62856
          -1.39119
          -5.03628
          -2.37498
           0.87666
           3.10337
          -1.55318
          -1.48003
          -3.62937
           7.03842
           0.49393
          -1.11685
          -3.81490
          -0.24986
          -3.12180
          -3.98762
          -1.99692
           1.74872
           0.52847
          -1.85940
           4.76843
          -4.06748
           0.81104
           3.92766
               NaN
          -0.57951
          -0.56692
          -1.21681
               NaN
           2.01974
           7.69423
           1.64431
          -1.37354
           3.79181
          -3.63660
          -6.80388
          -1.12161
          -2.28392
           0.18829
          -0.40888
               NaN
          -6.28549
          -4.51497
           3.23084
           2.20880
           0.27842
           0.84322
           4.12686
          -2.51733
          -3.05158
          -1.34497
          -2.62291
           3.19669
          -3.99864
          -1.42588
           0.24951
          -0.81075
          -3.31653
           1.64510
           1.01732
           0.87863
          -3.75638
          -4.72115
          -5.14416
          -0.41704
          -2.61374
           0.80543
           1.57073
          -0.31032
           4.07225
          -2.11537
           0.25003
           3.75578
           0.90668
           2.91476
          -5.18414
           1.34609
          -0.86338
          -7.30923
           4.14301
          -1.10484
          -5.20305
           3.37981
           6.02196
          -4.41013
           1.46024
           1.62471
          -4.90751
           6.78553
          -1.87335
          -1.20366
           0.95620
           2.80185
           5.38126
          -3.16250
          -1.46704
          -5.50674
          -4.61037
           2.17236
          -3.70351
          -1.77287
           4.10333
          -0.35877
          -1.95970
          -2.93472
          -1.89662
           0.86739
           0.02814
           7.34194
          -3.06825
          -6.28570
          -2.76153
          -2.70236
           5.02131
           6.58052
           7.45362
          -0.42393
          -2.72412
           0.99338
          -0.01336
           2.58355
           2.86690
           0.50546
           0.96399
           2.27161
          -3.49494
           0.99428
           6.13708
          -4.45854
           3.25353
           0.57116
          -1.77788
          -0.51557
          -0.33644
          -0.00749
           1.31680
          -2.39527
           2.53904
           5.68582
          -0.05813
           2.01916
          -1.76278
           7.54293
          -1.59279
          -0.76401
           2.96881
          -0.51818
          -3.58391
           3.77618
          -1.17866
           3.23265
           4.00392
          -0.01175
           2.43623
           4.17132
          -4.19083
           0.76444
          -2.04520
          -4.07099
           0.04692
           0.02117
           0.38418
          -3.73536
           0.78129
           4.21601
           1.15147
           2.56989
               NaN
          -1.17044
          -0.71186
           3.91932
           0.26284
          -2.41807
          -8.48001
          -3.03373
           2.09310
           2.04795
          -2.14362
           0.33330
           3.58618
           3.63531
          -2.55693
          -1.26664
          -2.13114
          -0.79040
          -2.25074
           3.94568
          -4.37831
           0.73323
          -0.82949
          -1.01738
          -0.24517
          -2.02901
          -4.54455
          -2.09101
          -2.61551
          -4.20976
          -6.05194
           3.40575
           0.32665
           1.78246
           6.92290
          -1.76800
           1.97289
          -5.47714
          -1.72965
           2.10993
           1.64439
          -4.09333
           1.91605
           2.43308
           0.31157
           1.08818
          -1.44563
           1.06391
           2.45350
          -4.33063
           4.24018
          -8.17079
           2.01969
          -5.41890
           4.11331
           0.78360
          -0.62889
           2.39045
          -2.42472
           4.35628
          -2.24105
          -2.94214
          -3.33214
          -2.27482
           1.95294
          -0.84389
          -3.89073
          -0.26587
          -0.76410
          -1.14677
           1.33470
           4.87150
           1.76661
          -2.67945
          -2.53374
          -3.15973
          -1.22894
           2.56258
          -1.67050
           6.86605
               NaN
          -0.33186
           0.00232
           4.65708
          -6.87898
          -6.55080
           1.25933
           2.89415
               NaN
          -0.27177
          -4.61931
          -1.13304
          -1.71541
          -1.10943
           2.20479
          -2.81766
           8.40925
           0.43343
           1.51471
          -1.86757
           0.58833
          -3.58385
          -7.54243
           0.28928
           5.29523
           2.34061
           4.36477
           2.26259
           0.20916
           2.26799
          -2.27466
           1.50238
          -1.01450
           1.40116
          -1.65173
          -3.59129
           3.05905
          -2.01495
          -5.34187
           3.42588
          -1.80368
          -2.25137
          -1.90742
           2.45688
          -2.55516
           4.01284
           1.23986
          -4.06690
          -1.14241
          -2.02935
          -4.58175
           3.52825
           4.96749
          -3.26189
          -0.13653
          -3.83735
           3.70507
          -0.67222
          -2.08711
           0.27917
          -4.64576
           5.50424
               NaN
           2.65217
           3.49168
           0.92763
          -2.43880
           1.78584
           1.25783
           4.47144
          -0.99046
           3.58023
          -0.69488
          -3.19860
          -2.35686
          -0.83045
          -1.46872
           4.44571
           3.94365
           2.98252
          -4.99725
          -3.92730
           2.86306
          -2.72563
          -7.49353
           3.56943
          -2.68031
          -0.50750
           5.14837
          -7.36105
          -3.38291
           5.08605
          -2.14784
           0.75943
          -3.95451
          -4.12139
          -0.32151
          -2.18659
          -1.78969
           2.03707
          -2.92807
          -3.17769
           2.75025
           2.40197
          -0.29717
          -2.35865
          -2.58078
           2.38891
           3.00707
           0.72205
           7.63288
          -3.18747
          -0.95440
          -4.22189
          -1.71994
           1.64502
           1.89280
          -1.36307
           2.35244
           2.43966
          -0.65662
          -5.06821
          -5.15664
          -2.04657
           2.93778
           2.41533
          -0.84584
           3.12493
          -3.13149
          -1.66077
          -0.09834
          -1.94964
          -0.61129
          -1.90582
           5.40948
          -4.10374
           7.91340
           7.84222
          -1.73465
           5.85363
          -2.21160
           3.42503
          -1.24263
           2.46247
           3.40414
          -1.92615
          -5.06686
          -1.86479
           0.30901
          -4.21029
          -5.25132
          -2.49543
          -4.06107
          -2.71612
          -1.45021
           2.48012
           6.17963
          -4.68208
          -6.18076
           1.08094
          -5.49503
          -2.04697
               NaN
          -7.47403
          -4.43082
           0.32863
          -2.84671
           1.58925
           1.12769
           0.49156
           2.64440
          -4.82884
          -0.33210
           1.64200
           1.52900
          -2.51496
           0.21846
           0.16812
          -4.66965
           2.55060
          -0.23693
          -6.01553
           5.77574
          -4.23936
          -2.06136
           3.71724
          -1.87872
          -2.12642
           0.46138
          -1.24480
           0.60250
           2.93516
          -0.94409
          -5.65318
           3.36109
           0.55289
          -5.56962
           2.66844
          -2.79385
           0.12703
           3.47305
           3.51178
           0.18548
          -0.38243
           7.54119
           0.64917
           1.71406
          -0.11359
          -3.60869
           2.72089
           6.60098
          -2.83136
          -1.56374
           0.42381
           1.74950
           4.41468
           1.61795
           0.84335
          -3.29666
          -0.71753
          -0.97768
          -0.33712
           0.63420
          -1.93487
          -2.24711
          -1.94266
           0.39733
          -1.11353
          -3.74121
           1.39757
           2.23433
           0.00230
           0.60592
           2.24957
           0.74312
           1.32091
           4.09974
          -5.11970
          -0.14887
          -4.66634
          -8.95160
           2.24661
          -1.03208
           1.10305
          -4.10886
           0.32014
          -5.14285
          -4.75114
          -3.62725
          -1.08220
           7.73385
          -5.65679
           0.08000
           1.37455
          -1.63309
           0.07739
          -2.39608
          -5.00958
           1.78285
           5.03992
           6.47660
          -5.89884
           1.49582
          -1.04118
          -4.13713
          -3.14792
          -6.68453
          -0.58357
           2.79529
           1.45927
           1.93502
          -2.06002
           1.26274
           5.21409
          -8.43406
           2.96882
          -1.81914
          -3.17671
          -2.12302
           3.54635
          -0.72569
          -0.04071
          -1.56373
           1.30446
           2.03067
          -0.53324
           3.25608
           3.69450
           3.12029
          -0.67866
          -4.74521
           1.03331
          -5.25148
          -0.62180
          -0.23274
           4.14644
           2.86641
           0.16437
          -2.66443
           6.36359
           6.36320
          -0.90180
           2.18871
           1.73703
          -2.05175
          -1.42118
           0.03170
           0.87749
           3.00682
          -0.68286
          -0.37899
          -2.01887
           3.69843
           0.56593
           4.20440
           4.60522
          -0.14077
          -3.78395
          -1.30070
           1.72625
           1.06922
          -0.47368
          -5.14668
           1.62614
          -0.56087
           4.48201
          -0.09916
           1.26845
           1.73031
           3.84984
           0.32351
           0.18740
          -3.52258
          -2.01651
           0.70431
           0.61358
           2.15870
          -3.26684
           0.53170
          -0.68757
           5.30724
           1.59572
          -1.54818
           0.84148
           1.98059
           3.18876
           2.18306
           1.51268
           8.64649
          -4.87594
          -0.66073
           2.18981
           1.71318
           3.25211
          -5.56427
           6.05999
           2.30857
           2.30887
          -2.97771
          -3.93103
          -5.09089
          -0.67593
           3.28745
           1.06358
           3.08051
           3.68320
          -2.31996
           1.28007
           5.41086
          -0.03209
          -2.60604
          -3.25288
          -6.88424
           3.69509
          -0.57274
          -2.37102
           0.42225
          -7.87181
          -1.78052
           5.44512
          -1.09445
          -3.70390
          -3.03722
           6.35843
           2.33509
               NaN
           6.93727
           0.63203
          -2.22475
          -0.66659
          -0.93105
           0.63405
          -0.45528
           0.09758
           0.89746
          -4.16940
           0.78504
           0.17827
          -0.25410
          -3.20315
          -2.15695
          -1.12388
          -7.61155
           2.06769
          -1.02701
           4.14048
          -4.05308
           5.51664
           6.60825
          -2.54797
          -3.01034
           0.19234
          -0.55535
          -3.19769
           3.59601
           0.57936
           1.32360
          -3.44709
           1.02517
           5.04986
          -5.97146
           6.75595
          -4.52695
           3.01980
          -3.03095
           0.63349
          -0.06785
           0.47468
          -3.39417
          -8.48112
           5.98333
           1.60241
          -1.04287
           2.19263
           3.67605
           1.74476
          -5.13611
           4.61821
           0.48853
           4.89950
          -2.56060
          -8.13979
          -2.74024
          -0.12615
          -0.68039
           0.81172
           0.86200
           4.56873
           5.08262
           0.59536
           3.39077
          -1.36166
          -4.82940
           3.02281
           0.19196
          -1.74430
           6.17815
          -3.54503
           0.28676
          -0.41616
           3.13786
          -5.06425
           2.99652
           1.44948
           6.84248
               NaN
           3.10283
           2.03630
           3.80495
          -1.05060
           0.62484
           4.44861
          -2.48243
               NaN
          -1.86630
           6.26441
           3.61924
           0.87973
           0.16343
          -1.33052
          -3.70955
           0.95860
          -1.43145
           5.14352
           0.16694
           0.21439
           0.73071
           2.19502
               NaN
           5.43758
          -2.11214
          -0.26232
           3.59556
          -0.43609
           6.08809
           1.06801
          -0.97312
          -5.85941
           0.01999
           2.36264
           4.18657
           3.32723
           3.59261
           2.01226
           2.75251
          -3.51564
          -8.19470
          -0.85759
           3.79129
          -0.46213
           1.15917
           2.03885
          -3.65599
           1.44815
           6.25657
          -1.28886
           3.11297
           1.61195
          -4.14648
           1.77224
           1.33193
           1.11400
          -1.50662
          -2.05210
           1.08020
          -1.32629
          -1.04371
          -0.66484
           6.05029
          -2.39199
          -0.05740
          -3.50589
          -0.25283
           6.11434
           1.91493
          -0.44869
           1.63247
           1.18596
          -1.69583
          -7.73940
          -4.74763
          -1.37619
          -3.28650
          -0.60135
          -2.46021
           0.10320
          -5.21948
          -6.99570
           2.00482
           0.40290
          -3.11714
          -0.97189
          -7.01545
           1.40587
           0.93222
          -4.69545
          -2.12187
          -1.79027
          -0.64077
          -1.67859
          -0.58435
           2.87559
           4.52922
           2.33587
          -1.71291
           1.49987
          -2.85840
           2.77092
          -1.45597
           2.04585
           9.02729
           4.12701
          -0.74468
           4.91454
          -7.84282
           3.46271
           2.93222
           5.24832
          -1.51416
          -0.03848
          -0.73945
           2.14529
          -0.83582
           2.97210
          -1.20483
          -3.29984
           3.55912
           1.39373
          -0.75048
           1.89011
           2.96465
           3.60658
          -1.59917
          -1.24071
          -4.91402
           2.90089
           0.10454
          -3.59700
          -3.17701
          -6.95924
           0.19719
          -4.15337
          -2.82485
          -1.00108
           1.65044
           2.45950
           5.82580
          -2.61026
           4.30743
               NaN
           1.10490
           4.06225
           0.28712
           2.84585
          -2.02234
           4.50040
           8.20952
           6.47895
           0.84470
           2.47894
           2.89442
           0.37654
           2.72201
          -4.93808
           3.54529
          -5.01717
          -3.75370
          -5.45365
          -1.73104
           5.57069
          -3.20055
           7.01286
           0.90840
           0.98636
          -4.33358
          -2.36710
           6.69977
          -3.25346
          -2.42694
          -0.42185
           0.11420
           0.59645
          -1.82256
           9.16049
          -6.13463
          -3.60229
           4.25705
           3.01060
           2.86027
          -3.95742
           4.08008
           3.28144
          -1.58499
           1.28554
           6.86593
          -1.80478
          -2.82826
           0.85475
          -3.01763
           5.27022
          -0.66297
           0.16006
           0.48729
           1.33463
          -0.31838
           4.76803
          -8.91924
           3.28257
           4.14711
           3.08786
          -0.21467
           2.36880
          -5.60255
          -2.07814
          -0.26437
           2.02949
           0.63283
          -1.72768
          -5.70289
           2.52053
           0.32118
           0.85898
           1.73356
           0.84658
          -3.03951
           1.07896
          -4.47571
          -1.82657
          -0.28334
           6.56704
           1.50694
          -3.08954
          -1.51028
           5.00569
           4.22500
          -3.49292
          -2.33455
          -4.85367
           0.66676
          -0.56503
          -1.10238
           3.42427
          -1.96976
          -5.18755
           2.01522
           2.11457
           1.39374
          -1.00125
          -3.30332
           5.81584
           3.21018
          -1.50041
          -0.62464
           2.45660
          -1.05330
           1.59112
          -6.19194
          -0.01557
          -1.26360
           0.54884
           0.28280
          -2.71635
          -5.82357
          -1.78435
          -1.64402
           1.29376
          -3.29699
           0.99700
           2.17568
           0.53725
          -0.06627
           0.90327
          -1.59378
           0.32731
           1.80362
           0.75662
           0.80902
           4.10805
           5.60103
           6.09068
           6.33409
           0.21458
          -1.00795
          -2.79792
          -3.35440
           7.36781
          -5.02956
           2.70297
           6.92499
           0.34305
           4.67546
          -5.35416
           1.79870
               NaN
          -3.56676
          -4.74728
          -1.46527
          -0.36700
           3.01089
          -2.26029
          -1.32067
          -4.96814
           7.86748
          -0.86415
           0.41763
          -5.25644
          -0.53721
          -2.61645
          -5.23663
          -4.06667
           2.46739
           0.17936
          -2.66868
           5.65086
          -3.00741
           1.32939
           3.21230
          10.15506
           1.15834
           0.33831
          -1.51588
               NaN
           1.33981
           5.71307
           2.23738
          -3.15598
           6.29209
          -2.16158
          -7.78046
          -2.42849
          -2.62178
          -1.12230
          -1.69263
               NaN
          -7.29163
          -5.39372
           5.28104
           1.74846
           0.03712
           0.69695
           5.74607
          -3.97055
          -3.71715
           1.22998
          -2.97199
           3.16932
          -4.44422
          -1.00624
           0.73305
          -0.65749
          -5.14436
           4.02461
           2.17635
           1.56217
          -6.85243
          -4.42693
          -7.53846
          -0.66100
          -2.60324
          -0.21030
           1.70245
          -2.59812
           4.38238
          -1.88376
           0.99018
           4.92219
          -0.92449
           3.28809
          -4.28806
           0.38755
          -1.15028
          -9.16602
           4.32153
          -2.47821
          -5.16490
           2.13516
           6.60740
          -4.87944
           2.89604
          -0.65354
          -3.32425
           7.12029
          -2.03742
          -2.51350
           3.67279
           4.01198
           4.40813
          -3.39318
          -3.92216
          -5.80534
          -3.89551
           1.57952
          -4.84074
          -4.86556
           5.11148
           0.62005
          -1.84228
          -1.42215
          -4.30514
           1.21580
          -0.45742
           7.82338
          -5.02526
          -5.91580
          -2.42024
          -0.92661
           1.41300
           7.88119
           7.44787
          -1.74287
          -3.74739
           2.07260
           0.43416
           2.25965
           3.45790
          -0.00043
          -1.57651
           1.62617
          -4.70593
           2.70970
           9.17121
          -4.46216
           3.86855
          -1.04982
          -1.96110
          -2.80023
          -1.02720
          -3.16907
           1.61835
          -2.12357
           1.59033
           6.51974
          -0.60516
           2.07863
          -4.83141
           8.78953
          -2.35353
          -0.75796
           2.16536
          -0.27183
          -1.13689
           3.12155
          -2.76778
           1.36984
           2.76665
          -3.28756
           5.74570
           6.24081
          -2.81621
           1.90387
          -3.68728
          -5.07705
           1.13252
          -2.37528
           0.89911
          -3.30368
           2.28366
           5.02274
          -0.21156
           3.52536
          -8.35598
          -3.80778
          -0.17559
           4.15805
           1.40716
          -2.06641
          -9.24928
          -4.78344
           4.07090
           1.19008
          -1.32538
           1.07780
           4.01113
           4.79551
          -4.94461
          -2.37242
          -0.48584
          -1.58887
          -1.10712
           4.52388
          -5.58305
           0.31385
          -4.49494
          -0.10974
          -1.49944
          -3.44422
          -5.28067
          -4.27477
          -4.47836
          -5.93439
          -7.36043
           2.54233
          -1.39703
           2.65010
           8.44561
          -3.69202
           2.96090
          -5.57293
          -2.26659
           2.96448
           1.90339
          -4.08167
           2.84565
           3.07844
           0.07339
           0.02755
          -2.67136
           3.79993
           1.77273
          -5.05668
           1.92571
               NaN
           2.06978
          -7.19564
           4.30523
           0.53717
          -1.72337
           4.54972
          -2.39446
           7.74247
          -1.74039
          -2.71886
          -6.06535
          -4.72092
           2.38168
          -0.62315
          -3.58597
          -1.10940
          -1.35119
          -1.79467
           1.04638
           5.14221
           3.19445
          -3.11429
          -4.69059
          -5.21037
           1.37488
           5.58542
          -0.30656
           6.32224
          -9.99838
           1.01775
           0.59473
           4.76743
          -8.20380
          -6.83892
           0.80403
           2.58321
               NaN
          -0.05147
          -5.95028
          -2.50071
          -2.51733
          -3.22667
           3.26006
          -3.25773
           7.01246
           0.33696
           0.40167
          -2.50707
           0.36870
          -2.78997
          -8.15934
          -0.33989
           5.51661
          -0.13145
           5.51859
           0.40260
          -1.01907
           2.85954
          -5.81996
           1.83013
           0.81026
           0.52562
          -1.97374
          -2.91682
           4.16735
           0.66779
          -7.69344
           2.36541
          -2.70660
          -0.64990
          -0.97121
           3.12347
          -3.69835
           5.78131
           2.43934
          -6.66446
           1.14931
          -2.93095
          -3.38616
           2.85651
           4.62877
          -3.89390
           1.48382
          -4.02351
           4.49124
          -1.62425
          -1.51677
          -0.44296
          -5.83333
           4.89347
               NaN
           2.57851
           3.26076
           0.21268
          -5.51052
           1.24031
           0.94214
           4.02546
          -0.31354
           2.13453
           0.03667
          -0.47809
          -1.97365
          -1.82137
           0.68266
           4.17581
           5.40624
           2.55261
          -5.02855
          -2.37050
           0.58880
          -2.53016
          -8.59100
           5.90983
          -6.90004
          -2.14156
           5.50292
          -7.08998
          -1.13045
           5.35042
          -2.91858
           0.96344
          -3.01472
          -4.29077
          -1.89658
          -3.67760
          -1.07488
           3.12323
          -2.24790
          -5.43935
          -0.33914
          -1.01931
           0.79778
          -1.60894
          -4.28874
           1.49700
           4.01064
           1.89752
           5.34204
          -5.71366
          -0.91110
          -1.98584
          -3.75743
           0.99910
           0.85832
          -0.06323
           2.88947
           2.80157
          -2.21159
          -6.00436
          -7.06748
          -0.95727
           6.85104
           3.21148
          -0.81749
           1.77770
          -3.34996
          -3.92465
           0.72431
          -0.41018
          -0.83635
          -0.55494
           2.68278
          -3.99211
           7.47608
           8.32207
          -1.65638
           5.61829
          -1.79204
           2.84477
          -3.17124
           2.65184
           2.80094
          -3.57840
          -5.62803
           0.62625
          -0.56351
          -4.33926
          -6.68622
          -1.27911
          -4.38163
          -2.79999
          -0.36308
           0.85331
           7.44106
          -3.87334
          -7.62565
           2.55395
          -4.87900
          -1.80272
               NaN
          -7.51574
          -4.44431
          -0.59533
          -4.13054
           0.47511
           1.23070
          -0.30830
           2.04035
          -6.63130
          -1.15693
           3.12646
           2.39864
          -2.53918
          -0.72721
          -0.10031
          -5.39483
           0.36287
           1.64495
          -6.62839
           5.40783
          -4.57679
          -2.88149
           1.58387
           1.37608
           0.25120
          -0.37093
          -2.25174
           2.09593
           4.49887
          -3.27929
          -4.91402
           2.78582
          -2.24081
          -7.83193
           3.86660
          -4.25700
           0.29735
           2.75946
           5.07060
           1.36315
          -3.01069
           7.94385
           1.21128
           0.25312
          -1.36127
          -4.30850
           1.89457
           9.86540
          -2.63213
           0.41276
           1.35294
           2.51460
           5.59986
          -0.21010
           0.46578
          -4.18056
          -1.07501
          -0.38828
          -0.12378
          -0.15709
          -3.30615
          -3.26291
          -2.05901
           1.48316
          -0.90475
          -5.44912
           1.09414
           2.94476
           1.89664
           1.08431
           1.26480
          -0.75428
           0.84946
           4.95694
          -4.07619
           1.79846
          -5.77193
         -10.43968
           4.04531
          -0.34328
           2.68022
          -3.98753
           0.19064
          -5.80251
          -7.00676
          -4.14917
          -0.89237
           8.66164
          -8.25326
          -1.07861
           2.02510
          -1.91652
          -0.54837
          -3.54276
          -5.56597
           1.72690
           8.00883
           6.72837
          -6.92758
           2.70948
          -3.96029
          -6.37471
          -4.53938
          -6.90077
          -4.42366
           0.80267
          -0.45378
           2.58704
          -1.15812
           0.96881
           3.20380
          -9.53800
           1.57703
          -5.09860
          -2.28803
          -2.14377
           3.29259
          -3.01076
           0.21050
          -2.96133
           1.27372
           2.31008
          -1.32911
           2.63788
           1.75602
           3.37314
          -2.51595
          -6.89403
           0.07724
          -6.02851
          -2.45686
          -0.61340
           4.21717
           5.56748
          -0.12960
          -3.02964
           7.48697
           6.24032
          -1.74854
           4.04863
           3.68436
          -3.89003
          -1.01471
          -0.62658
           1.28222
           1.68221
          -1.86960
          -0.03386
          -3.82277
           3.02755
           2.40609
           5.32697
           4.98877
          -1.06192
          -5.17521
          -0.77547
           1.38160
           0.70220
          -1.74831
          -5.41148
           0.53469
          -0.38762
           7.22852
          -2.77970
           2.87258
           2.59829
           3.10202
           2.02557
          -0.89469
          -3.23622
          -0.49929
           1.78134
          -1.10531
           0.41377
          -2.27613
          -0.91066
          -2.53643
           6.63139
           2.34078
          -1.91084
           1.18506
           5.29312
           2.89323
          -0.90228
           0.18079
               NaN
          -5.58373
          -1.93136
           2.74267
           2.43796
           1.36917
          -7.41075
           6.90242
           1.59077
           5.36070
          -4.19167
          -3.02197
          -5.14767
          -0.56036
           4.41599
           1.51065
           4.15833
           2.88369
          -3.15677
           1.71231
           5.14401
          -0.91389
          -5.24493
          -3.69709
          -9.39389
           5.49612
          -0.70332
          -3.88976
           1.95972
          -7.76455
          -2.85658
           6.55758
          -2.64292
          -2.07466
          -5.91667
           6.85926
           1.32327
               NaN
           8.57167
          -2.42993
          -1.92146
           0.74423
          -3.72019
           2.63747
          -1.74556
           2.71818
           0.21727
          -5.85858
           2.32705
           2.34345
          -0.88659
          -5.03876
          -1.98820
          -2.54018
          -8.07247
           4.03548
          -0.75612
           6.00298
          -4.43500
           4.89703
           8.11443
          -5.47345
          -1.83913
           0.47980
          -2.02155
          -5.04941
           4.05668
           1.85955
           1.05055
          -5.17768
           0.96249
           4.34990
          -6.01995
           8.23522
          -6.93348
           2.34788
          -2.72621
           2.13378
           0.22907
           0.51353
          -4.34320
          -7.78247
           4.77026
           2.22483
          -0.86983
          -0.38954
           4.45677
           1.33497
          -5.16302
           4.94566
           2.24934
           4.80387
          -2.89186
          -8.99367
          -5.90840
          -0.55626
          -1.28788
           0.66036
           1.68455
           6.06933
           6.16404
          -0.89312
           2.34856
          -3.00339
          -5.01728
           3.45983
          -0.82944
          -3.97701
           7.96453
          -2.72114
           0.03346
           0.05173
           3.06431
          -7.99495
           2.89858
           1.53327
           7.27698
           9.60623
           2.89850
           2.47918
           3.26976
          -2.14478
          -0.00463
           5.53090
          -3.63784
               NaN
          -3.68933
           7.07332
           6.31893
           2.51992
           2.14915
          -2.29738
          -2.18786
           1.97898
          -0.60465
           6.20738
           3.07421
          -1.91067
           0.00624
           3.96149
          10.39004
           6.01511
          -3.30104
          -0.31672
           3.85623
          -1.66387
           4.60383
           3.39539
          -1.32003
          -8.95494
          -0.73652
           4.50346
           1.43016
           4.56288
           5.68625
           3.23364
          -0.53896
          -4.67325
          -8.19569
           0.54710
           1.74220
          -0.07091
          -2.26043
           3.46130
          -3.91250
           0.56619
           4.89896
          -1.79527
           2.90012
           1.85775
          -6.88921
           1.19165
           1.26006
           0.34727
          -2.69734
          -2.39140
           2.44435
          -1.73286
          -2.06840
          -4.39313
           6.63661
          -0.83107
           0.04424
          -5.89368
           0.96919
           5.79431
           0.15337
           0.54875
           0.99832
           1.25073
          -1.56751
          -9.09660
          -3.60775
          -1.80229
          -3.39915
          -0.32977
          -2.49240
           1.46554
          -6.17575
          -9.24893
          -0.25944
           0.33696
          -3.28176
          -1.92495
          -9.92494
           1.38294
           0.09144
          -6.35831
          -3.96192
          -6.07015
          -4.44330
          -2.07693
          -1.97949
           0.92982
           4.19725
           2.76691
          -2.47155
          -0.49728
          -2.47756
           2.12939
          -2.81093
           2.02664
           9.58997
           5.85882
          -2.88776
           3.02799
          -6.07914
           2.04192
           3.43490
           3.43524
          -1.28185
           0.44256
          -1.01475
           1.51156
          -0.45361
           1.37527
          -1.52966
          -5.37203
           5.78207
           2.65996
          -1.93982
           1.08357
           1.14992
           5.58811
          -2.99594
          -4.11685
          -3.88847
           0.45356
          -1.48156
          -3.99737
          -2.96901
          -8.94136
          -0.91778
          -5.15667
          -5.81524
          -0.29941
           1.39953
           4.15645
           7.13404
          -4.51564
           4.82259
               NaN
           2.90064
           3.18831
           1.79106
           0.26863
          -2.23523
           4.14599
               NaN
           7.61018
           2.01359
           2.31391
           4.38672
          -0.23951
           3.01918
          -5.87489
           4.21144
          -5.94793
          -3.68266
          -6.73937
          -0.96791
           6.02724
          -5.47641
           6.62652
           0.36306
           1.30169
          -5.69892
          -1.86867
           7.26959
          -2.10183
          -3.60932
           1.82298
           3.56885
          -1.46429
          -1.16187
           9.21771
          -6.58290
          -5.02756
           2.65320
           3.56305
           3.46130
          -4.73458
           4.07709
           3.62756
          -0.98385
           0.73793
           8.55411
          -2.16127
          -2.25593
          -0.13563
          -5.02738
           6.86081
          -1.10510
          -0.26218
           0.31284
           1.93369
           0.03142
           4.37875
          -9.50674
           0.83313
           4.31619
           2.61024
           0.62999
          -0.56259
          -7.50256
          -1.83419
          -3.31249
           2.32654
           0.89720
          -3.29274
          -8.38542
           4.81160
           0.38244
           0.69310
           2.37169
           1.16509
          -2.11576
           1.39007
          -7.79933
          -1.44820
           0.99902
           9.16890
          -0.34031
          -4.58914
          -3.29557
           4.31372
           1.90445
          -3.79739
          -2.87765
          -8.26833
           0.70689
           0.20137
           1.35499
           2.16795
          -1.37825
          -5.63675
          -2.59111
           3.15595
           1.90595
           0.22859
          -3.99087
           4.48384
           2.63689
          -1.26387
           1.84635
           0.48144
          -1.60722
           1.65739
          -5.55383
          -0.69322
           1.48233
           1.07202
          -1.38689
          -2.28967
          -7.71395
          -1.49189
          -3.41525
          -0.19754
          -5.43848
           0.78462
          -0.28465
           2.22238
           1.36828
          -0.20906
          -1.89830
           0.36443
           1.71303
           0.18506
          -0.73484
           2.00202
           3.88029
           5.27235
           3.50946
           6.35113
          -4.83412
           1.88054
          -4.96953
           0.02090
          -0.57020
           7.04755
           6.60677
          -1.10231
           5.72364
          -1.99919
           5.79152
           1.53422
           2.00019
          -5.48679
          -3.79307
           2.81532
           3.24755
          -0.45092
          -1.72846
          -1.54243
           5.74604
           2.61097
          -3.50885
          -1.56777
           0.19809
          -3.90958
          -2.04061
           1.22949
           0.62842
           1.07268
          -0.59785
           3.39285
          -5.71996
           0.00300
           5.04280
               NaN
          -3.28856
          -1.97804
          -0.75060
           7.78826
           3.07965
               NaN
           0.71980
           1.40502
          -0.10576
          -5.93592
          -5.28155
           0.91563
          -1.75724
           2.23129
           1.59228
           7.12113
          -4.71707
          -3.14513
           0.03488
           2.92642
           0.65456
           1.07122
           1.60276
          -0.25199
          -2.01406
          -5.35892
          -2.07875
           3.23934
          -3.30404
          -2.08003
          -0.50424
          -1.04967
          -0.46723
          -2.06418
          -0.78943
          -0.18691
           1.06989
          -5.17978
          -1.41180
          -0.03675
          -2.63011
           2.38881
           1.36539
           3.25602
           3.58881
          -2.47640
          -0.90376
           1.93753
           3.76118
           2.33280
          -6.58098
           2.84032
          -0.41615
          -4.41478
           3.86473
           1.03603
          -5.26251
           5.32004
           5.10935
          -3.67854
          -0.77795
           5.17616
          -7.37558
           6.26368
          -1.61758
           0.83818
          -3.27856
           0.91545
           6.89821
          -2.80291
           2.36012
          -5.04127
          -5.72472
           3.09652
          -1.93073
           3.04817
           2.53179
          -1.88459
          -2.14273
          -5.29261
           1.85790
           0.32427
           0.78505
           6.59143
          -0.01757
          -6.86231
          -3.29355
          -5.47050
               NaN
           4.55297
           7.46257
           1.63209
          -1.12900
          -0.68897
          -0.71099
           3.08846
           1.94561
           1.29406
           4.92425
           3.27775
          -1.60719
          -1.67980
           1.40732
          -4.45290
           2.29480
           3.09801
          -1.49227
           3.04588
           0.74036
           4.92095
           0.84673
          -2.81881
           4.01793
           4.38586
           0.79460
           1.92645
           3.02074
           5.59968
          -0.40690
          -0.77344
           4.22127
          -0.90221
          -7.39846
           4.79664
           1.29854
           6.13649
           5.93264
           5.09474
          -2.72273
           0.94532
          -6.33364
          -1.01178
           0.51456
          -2.50270
          -1.64538
           3.75687
          -0.41851
          -4.40829
          -1.56067
           2.95843
           3.27621
           1.08046
               NaN
           2.94077
          -1.54782
           3.54717
          -1.52099
          -2.96627
          -7.28083
          -0.30620
          -0.98999
           3.38524
          -3.41912
          -0.82726
           2.92375
           1.82673
           1.16510
           0.45710
          -4.69591
           0.45428
          -4.03346
           3.04436
          -2.50029
           1.38697
           4.88441
          -2.43224
           1.71005
           0.17709
          -3.39705
           1.31314
           0.28840
          -1.52133
          -4.01222
           4.75168
           3.01360
           0.42995
           4.54921
           1.23126
           0.43273
          -5.32781
          -0.89265
           0.77781
           1.24066
          -4.11151
           0.46695
           1.42706
           0.68285
           2.74154
           0.46510
          -3.20112
           3.51473
          -3.19882
           7.84810
          -3.57598
           1.94159
          -2.64925
           3.81414
           1.16775
           1.07724
          -0.97553
          -2.47189
          -0.92227
          -3.02150
          -3.29020
           0.92851
           1.53827
           1.28460
          -1.18797
          -4.36579
           1.04905
           0.15110
          -0.13681
           1.78415
           4.44949
          -0.45919
          -2.00160
           0.82846
           0.03689
          -5.28790
          -2.14955
          -3.79668
           7.71376
          -8.11421
          -2.43570
          -0.92114
           4.48507
          -4.81378
          -6.10166
           1.96907
           3.37886
           9.27549
          -0.61520
          -2.54453
           0.99895
          -0.46534
           2.19104
           0.55978
          -2.13165
               NaN
           0.58381
           3.24975
          -0.87070
           0.93071
          -4.82138
          -6.58076
           1.27006
           4.95012
           6.19417
           2.56612
           5.16204
           2.12378
           1.34585
           3.25192
           0.99147
          -3.85903
           2.76599
          -1.14976
          -4.64268
           1.33138
          -6.19695
          -1.67614
           5.07898
          -0.39617
          -4.74782
          -3.36682
           1.41776
          -0.77309
           1.25607
          -0.62995
          -0.01771
          -4.71484
          -0.62389
          -6.44550
           4.57538
           5.49551
          -2.27669
          -2.66242
          -3.54714
           2.47955
           0.81184
          -2.97617
           1.40485
          -2.79453
           6.45633
           4.50125
           2.76699
           3.85165
           2.04214
           2.34954
           2.63624
           1.74994
           5.16666
          -2.04568
           5.83385
          -1.83525
          -7.43945
          -2.95423
           0.71423
          -4.82239
           4.86644
           1.66370
           3.65269
          -4.94846
          -6.35411
           6.40829
          -3.03035
          -5.78273
          -0.07891
           3.89761
           2.03976
           4.59569
          -7.78361
          -6.89415
           4.67395
          -0.94638
           0.44141
          -5.41949
          -3.85736
           2.13378
           0.13767
          -2.90397
           0.34392
          -3.98836
           0.34789
           7.56614
           7.73522
          -2.00403
          -3.52734
           0.08166
           3.77927
           1.44266
          -1.11033
               NaN
           0.75047
          -1.02190
          -7.70755
           1.45620
           2.65192
           3.50540
          -3.38932
           1.51529
           1.87549
           1.76733
          -3.60889
          -2.17792
          -3.74462
          -3.16241
           1.17425
          -0.89003
           5.22505
          -2.79094
           1.86828
          -1.38072
          -4.34942
          -0.26047
          -4.01164
           9.66000
          -4.27775
           8.59511
           7.09422
          -1.85664
           6.22050
          -2.86563
           4.32956
           1.76379
           2.16726
           4.34444
           0.64944
          -4.19209
          -5.74794
           1.66914
          -4.00925
          -3.01452
          -4.39150
          -3.56138
          -2.58538
          -3.14489
           5.01608
           4.21326
          -5.94277
          -3.92841
          -1.21525
          -6.45532
          -2.42771
           5.48440
          -7.40901
          -4.40978
           1.76893
          -0.84540
           3.32603
           0.96711
           1.73841
           3.58603
          -2.01908
           0.95368
          -0.67203
           0.17337
          -2.47720
           1.69261
           0.58656
          -3.53921
           5.96094
          -3.17050
          -5.06018
           6.34925
          -3.71336
          -0.78290
           7.04284
          -6.95247
          -5.83277
           1.75882
           0.32488
          -1.72553
           0.49757
           2.69612
          -6.80541
           4.25784
           4.90784
          -2.04303
           0.80069
          -0.51302
          -0.13848
           4.58542
           1.08182
          -1.65032
           3.71464
           6.91351
          -0.22707
           3.99145
           1.83135
          -2.51780
           4.00898
           1.51225
          -3.14193
          -4.64481
          -1.02456
           0.55682
           2.56717
           4.46761
           1.43192
          -1.91878
          -0.16027
          -1.89646
          -0.66969
           1.86770
           0.20275
          -0.66362
          -1.76129
          -1.29532
          -1.43899
          -1.07885
           1.87058
           1.12688
          -2.95069
          -0.13983
           3.78469
           3.07736
           2.05584
           2.76350
          -6.74636
          -3.18447
          -2.94288
          -6.63192
          -0.55730
          -2.10582
          -1.35550
          -4.29800
           0.52202
          -4.11453
          -1.23496
          -2.81366
          -1.37812
           6.28756
          -1.60929
           1.88610
           0.36044
          -1.19125
           1.05284
          -0.60857
          -4.14226
           1.87007
           0.41185
           6.08411
          -4.29521
          -0.39610
           3.50926
          -0.64908
          -0.97884
          -6.34745
           5.40256
           5.90146
           4.44144
           0.91861
          -3.46595
           1.72093
           8.34782
          -6.71318
           5.13842
           3.29306
          -4.56202
          -2.09067
           3.94194
           2.83639
          -0.43232
           0.61490
           1.35237
           1.59512
           0.70739
           4.21976
           6.71631
           2.72614
           2.18540
          -1.39552
           2.52369
          -4.04020
           2.23877
           0.36065
           4.03618
          -1.34417
           0.62261
          -2.09511
           4.61242
           6.55473
           0.41814
          -0.71063
          -1.29855
           0.81384
          -2.05480
           1.05788
           0.24659
           5.07168
           1.16710
          -0.91699
           0.79312
           4.74422
          -2.30261
           2.45450
           4.00732
           1.29517
          -1.61521
          -2.11947
           2.26350
           1.64134
           1.51328
          -4.73391
           3.32754
          -0.83093
           0.20062
           4.07939
          -1.23214
           0.37725
           5.01558
          -2.32974
           1.87422
          -3.96898
          -4.38161
          -0.97461
           3.29306
           4.87879
          -4.81120
           2.78013
           2.19451
           3.24309
           0.43427
          -0.98285
           0.30588
          -3.18315
           3.64945
           6.99264
           3.58890
           5.09491
          -3.77259
           1.31998
           1.32798
           0.58336
           6.18733
          -2.68590
           4.74676
           3.42751
          -2.44845
          -1.08532
          -5.34812
          -5.00237
          -0.85608
           1.52822
           0.36665
           1.40036
           4.92951
          -1.01549
           0.60629
           5.82685
           1.34249
           1.50759
          -2.56041
          -2.97207
           0.88754
          -0.36918
          -0.00353
          -1.97443
          -8.03901
          -0.10309
           3.71096
           1.31938
          -6.24363
           1.45140
           5.57772
           3.91235
               NaN
           4.38950
           5.40516
          -2.69754
          -2.86583
           3.41680
          -2.48898
           1.55608
          -3.98755
           1.95776
          -1.53622
          -1.61873
          -3.19692
           0.73186
          -0.34171
          -2.42000
           1.08390
          -6.89305
          -0.99979
          -1.44930
           1.23711
          -3.45773
           6.48252
           4.26034
           2.01241
          -4.83608
          -0.25576
           1.73025
          -0.31113
           2.87791
          -1.41628
           1.74925
          -0.74936
           1.12288
           6.14100
          -5.89588
           4.45000
          -0.77555
           4.06722
          -3.50598
          -1.70524
          -0.53070
           0.41412
          -1.91477
               NaN
           7.87432
           0.63214
          -1.31262
           6.21783
           2.45901
           2.38356
          -5.09415
           4.10776
          -2.25630
           5.04858
          -2.04422
          -6.80872
           2.19844
           0.54432
           0.26659
           1.04767
          -0.42024
           2.22952
           3.39686
           2.91567
           5.01542
           1.19754
          -4.53652
           2.34156
           1.78418
           1.73615
           3.39346
          -4.82935
           0.68162
          -1.14552
           3.25250
          -0.49573
           3.14919
           1.31887
           6.16516
               NaN
           3.42135
           1.34592
           4.63922
           0.65504
           1.60609
           2.76149
          -0.68132
          -8.24429
           0.97553
           5.00345
          -0.58916
          -1.67709
          -2.93202
           0.17666
          -6.08165
          -0.63202
          -2.72031
           3.48512
          -4.36505
           3.52705
           1.86004
          -0.55866
           9.68485
           4.53729
          -0.25884
          -0.17753
           3.18922
           1.47783
           8.40183
          -2.56002
          -0.43233
          -1.03396
           1.19929
          -0.97457
           8.48339
           1.40105
           0.32896
           0.10831
           7.88341
          -1.71111
          -8.19315
          -3.04728
           6.98550
          -1.07197
           6.48982
          -0.17852
          -3.25613
           2.82299
           8.37289
          -0.49943
           3.44477
           1.22879
           0.12902
           2.67728
           1.44398
           2.30923
           0.34954
          -1.52319
          -1.04630
          -0.69252
           0.55362
           5.14700
           5.13631
          -4.82521
          -0.21584
           0.21631
          -2.15776
           6.61322
           4.66093
          -2.00355
           2.62103
           1.08501
          -1.89586
          -5.62373
          -6.52453
          -0.71197
          -3.11090
          -1.02472
          -2.41003
          -2.02048
          -3.72879
          -3.48326
           5.53446
           0.50568
          -2.86052
           0.51379
          -2.48001
           1.44163
           2.24287
          -2.10330
           0.74649
           4.88140
           5.28680
          -1.05765
           1.59045
           5.90875
           5.04670
           1.66395
          -0.53031
           4.61312
          -3.45207
           3.77097
           0.65621
           2.07580
           8.15016
           1.42737
           2.59607
           7.85538
               NaN
           5.67751
           2.14862
           8.07463
          -1.87629
          -0.78836
          -0.31030
           3.13319
          -1.43162
           5.46132
          -0.69847
          -0.06960
           0.09388
          -0.58014
           1.10353
           3.14739
           5.79354
           0.51767
           0.57818
           3.24275
          -6.51271
           6.71591
           2.57702
          -2.97288
          -3.50127
          -3.86941
           1.93527
          -2.58937
           1.83671
          -2.09489
           2.04158
          -0.18579
           3.78644
           0.35994
           3.50439
          -8.90643
          -1.69438
           5.42457
          -2.05729
           6.86334
          -1.69049
           5.05286
           4.26275
           4.71553
          -0.97742
           2.73621
           0.56815
           1.33687
           2.25878
          -3.47772
           2.50686
          -3.56626
          -3.86445
          -3.44941
          -2.92065
           4.85899
           0.34718
           7.61510
           1.75850
           0.49481
          -2.20522
          -3.14409
           5.81150
          -5.04867
          -0.58378
          -3.92119
          -5.27109
           3.80883
          -2.85246
           9.07129
          -5.43585
          -1.38051
           6.75721
           2.14940
           1.92334
          -2.74596
           4.08473
           2.74189
          -2.52208
           2.13917
           4.23431
          -1.24908
          -3.72044
           2.39860
           0.11527
           2.79074
           0.02622
           0.81826
           0.75922
           0.40077
          -0.86368
           5.37485
          -8.00342
           7.10088
           3.88355
           3.83240
          -1.53137
           6.93840
          -2.64071
          -2.45843
           4.48719
           1.56645
           0.22073
           0.71202
          -1.52124
          -1.05091
           0.22568
           1.11755
           0.73881
           0.35008
          -4.47949
           0.59398
           0.70532
          -2.41638
          -2.28233
           2.51114
           4.38652
          -0.75188
           1.27270
           6.08438
           7.84239
          -3.01830
          -1.48794
           0.46928
           0.60421
          -1.75974
          -4.93306
           5.38269
          -2.89182
          -4.48733
           9.19578
           0.49121
           0.59530
          -2.91839
          -2.23153
           7.89223
           4.10384
          -1.86913
          -4.47655
           5.53557
          -0.18983
           1.48782
          -7.18664
           1.04077
          -5.54410
          -0.26673
           2.88559
          -3.38148
          -2.87674
          -2.24026
           1.11706
           3.61847
           0.04127
           1.32807
           6.01096
          -2.08960
          -2.30253
           2.63721
          -1.11907
           0.26944
           1.94485
