           6.48745
           4.06152
           1.99075
          -1.66085
          14.85631
          14.54520
           2.76004
          16.87104
           9.58167
          -2.25209
          -3.52128
           4.82381
          -3.12213
         -11.94735
         -18.79690
          -2.92082
          14.13573
          -1.09274
          16.50168
           4.78668
           9.99183
           3.54390
          22.57447
           1.46781
               NaN
          -3.05361
          -6.78553
           9.67641
          17.50218
           0.01356
           7.07627
           3.52719
          -3.06304
           9.93333
          12.36966
           7.21482
         -11.79035
          11.32012
          11.64980
           2.53373
          -3.68695
          -4.00776
          -0.03601
          13.11552
          20.79113
           8.22285
               NaN
           2.93084
         -10.71260
           3.86932
           4.06899
           6.70036
          -0.79569
          -8.04210
           2.72944
          -6.43994
           4.69053
          -2.58160
          -0.44314
          -7.29734
         -10.27560
         -10.13002
           0.57982
           5.93343
           1.62047
           3.71903
           9.99097
          -7.67856
          16.36610
           9.73459
           1.18622
          10.00444
          -5.53106
          11.22846
          10.22945
          21.81616
           5.20718
          -6.89748
         -17.02337
          -0.60121
           2.35905
          13.98764
          -8.18503
         -11.40318
           3.48306
          -1.58429
         -10.06626
          -1.80340
           5.11715
          -1.29294
         -16.57588
          13.80484
          -7.89985
           2.43093
          -6.53566
         -10.24175
           0.76610
           1.67986
          -7.03650
          12.27700
           2.95362
          -3.04647
           7.99863
          -1.11591
          12.46655
          -2.93118
           6.01586
          -0.81553
           4.70102
           2.47356
           3.43308
          -0.89857
          17.49099
          -9.96298
          -4.10086
          -1.66011
          -5.18322
          -7.77382
         -11.28939
           8.98378
          12.76600
           2.26079
         -12.57054
          10.03482
          16.35723
           2.91828
          20.55887
          -9.33432
          16.22150
         -12.44598
           1.41087
           3.27236
         -12.00612
           4.79784
           9.90271
         -14.47401
          11.94935
          11.35303
          -1.49570
          26.22384
          20.14251
          -2.54931
           6.81538
          12.41522
          -0.08843
           8.21659
          18.26011
          -8.40268
         -13.31966
          -7.17379
          24.23077
          -0.17120
          -7.76357
          -2.44773
           1.98802
          12.05244
           8.67616
           8.60515
           2.39516
          -0.44409
           6.45479
           2.61893
           2.19143
          -0.65744
          -1.51509
           8.30172
          -7.92530
           4.62651
          15.88732
          -0.93704
          -7.40489
          -2.88505
           7.88138
          17.95243
           4.51805
           6.64032
          -4.83502
          -2.52082
          -4.98241
           4.84241
         -11.59465
          25.82944
          -3.25200
           5.87202
           4.96293
         -12.42012
           1.24602
           6.95900
          -0.80651
           3.67922
         -16.64827
          -5.10969
           8.99627
           0.99319
         -12.03143
           8.08357
          -0.31619
          -3.82037
          12.93329
          14.07549
          10.24163
         -15.12034
           5.06415
           3.46691
          -1.18061
           9.22039
           2.07417
           0.30628
          16.72121
           4.09428
           2.93542
          -5.18217
          14.84064
         -10.67007
         -19.04553
          20.13647
           5.86839
          16.89751
           0.53628
          -2.35138
          -1.33272
           1.88088
           0.08580
          16.72208
          20.37712
           0.43665
           2.65861
           0.50193
          -5.38283
         -18.24609
           3.60876
         -11.95930
          -1.20840
          22.01616
          -6.92748
           9.66574
          -8.74049
           2.54143
          13.37570
          10.61487
          -3.34640
          11.35020
          16.00859
          -1.25494
         -14.46268
          18.45890
          13.32446
           4.93871
         -14.34167
          11.13338
          -1.08732
           0.27062
          -6.18314
          10.85490
          -0.50000
          -9.18583
          -4.24131
          -0.76442
           3.92129
         -15.91953
          -0.68067
          -5.46625
          -3.09571
          -1.81679
           5.24499
         -13.96471
         -12.49260
          -3.84624
           9.53480
          -6.23882
           2.27072
          -3.24163
         -10.26040
           4.94941
          -3.26015
           6.12975
          -7.59873
          -5.95960
           3.17327
          16.44786
          11.86422
          14.87479
           7.85704
           5.40675
          -3.20904
          10.48392
          -5.89032
          -0.94002
           0.96269
          -2.50477
          -0.05585
          -3.10366
          -0.93391
          -1.37800
           4.97979
           7.01318
          22.22225
           1.45843
          -6.10236
           7.51267
           7.48564
          -4.82371
          16.15796
         -11.89578
          12.84131
          16.76598
           7.92826
          12.65460
         -13.29316
           8.74099
          -5.00158
          -4.55684
           2.63107
           7.28542
          11.60326
          10.20473
          -0.52590
           0.16384
          12.60533
           8.21839
         -16.64125
          16.17541
          -2.01178
          10.79866
          28.52337
           6.84504
          -0.27789
          -2.03540
          -3.60137
           7.62320
           9.30148
           0.82164
          -1.74982
          -6.24268
           9.90667
           5.95200
         -16.81748
          -8.18078
         -10.54321
          13.93759
         -13.52364
         -14.95667
          -2.14802
          -3.78908
         -17.27860
         -13.08050
          -7.60600
          -7.78852
          14.07422
           7.94898
           0.63248
          -4.09327
          12.66693
           4.72462
          25.81517
         -17.34168
           5.08369
          19.15973
          -9.81924
          -4.34299
           7.93668
           3.36609
          -3.24211
           7.76393
           4.78851
          -7.42253
         -23.90659
           3.21448
           5.12781
          -4.11237
           6.05334
           3.15485
          -3.18479
         -13.56989
           5.88393
          20.29501
           5.82077
           6.80708
           8.64955
          -5.53557
          11.67235
         -11.58533
          15.04469
          -7.36113
          11.55127
          -0.90046
           3.74266
          -5.57088
           8.19602
          -8.46807
          -3.30754
          -4.16152
          -2.06237
          24.67182
           0.05112
          -4.84701
           7.67991
           6.30176
           9.73555
         -18.99197
           9.14723
          -7.00585
         -11.39814
         -10.44774
          -8.27806
          20.01951
           6.58109
          14.21408
          -6.69610
         -12.86254
           8.08603
          -6.17127
          18.51865
          -7.23596
          -8.11712
         -10.33860
          -1.82679
          -1.28542
          11.14834
          -2.48750
          21.45954
          -5.23695
          24.14883
           7.37969
          -1.56944
          20.86937
          -2.18627
           6.64443
           8.26375
               NaN
           2.20456
           3.94561
           2.01311
          10.66002
          -7.04296
           4.12905
          15.64129
          13.90539
          18.74230
          -4.48117
          23.69508
          -0.00257
          22.72882
           3.92766
          -8.09040
           4.12648
         -14.71783
           0.36917
         -10.40032
          -7.44828
         -12.96214
         -15.55053
          15.76197
          -5.30856
           4.83106
          -7.98202
           1.09692
           0.30512
          12.58860
         -11.73148
           0.19079
           2.97806
           5.66756
           1.88852
          -1.47587
           1.30171
          17.32178
          -5.96501
         -22.78082
         -14.08485
           2.99866
          -3.81832
          16.61102
          -6.16709
           1.47041
           2.38030
          11.72875
         -12.32375
          11.77504
         -13.72235
               NaN
          -9.19238
          -5.03885
         -24.36658
          -4.45382
          11.31772
           3.61395
           0.76753
          16.18480
           7.21926
          -0.57007
          -8.95596
           2.28500
          -0.17069
         -17.83062
          10.20249
           5.01966
          13.47625
         -12.43899
          21.38447
           9.96584
          -2.39380
         -13.55593
           3.26229
           3.97237
           0.94798
           8.38688
           5.12776
           5.27553
          -7.96945
           3.08485
           2.86304
           6.25622
           4.95943
           3.63342
           5.62203
          -9.92595
          10.54874
          -2.79371
          -4.90087
         -18.46437
          25.34536
          -1.21761
         -12.02814
          -0.78534
           3.27302
          11.50944
          23.14597
           0.37348
         -16.79090
          10.45834
          22.16528
          -5.74967
          15.25292
           3.94632
           9.33844
          14.07221
           6.87719
          12.07111
           3.32274
          25.02112
          -7.43495
               NaN
          15.62168
           9.82851
          -7.95269
          16.76906
          -0.13636
          -2.44303
         -11.08555
          13.18024
         -13.47569
           2.42742
          -9.51665
           3.64951
          14.97979
          13.12711
          -8.96641
          10.60229
          -6.11394
          15.09510
           5.31115
           4.43582
          10.81878
           9.72100
           5.87351
           3.60954
          11.64764
          13.47203
           5.60014
           6.65384
           4.93023
          -8.74143
          -0.94126
          -2.40655
         -14.06447
          -4.37579
           4.95402
           8.91012
         -14.08431
           3.52522
           6.03838
           1.21604
         -15.62189
           6.76007
          -9.06160
          13.84092
           0.20218
           4.04850
          14.89242
          -6.80085
           0.89979
           5.74644
          -3.16168
         -10.88807
         -12.56556
          -8.97376
           3.76041
          -9.98887
          -5.45207
          -2.13444
          -4.98542
           3.90967
           5.85734
          12.65343
          12.73249
          -0.28647
           5.96309
          -2.37276
          12.65404
           1.30303
          17.56849
           5.40884
         -21.17148
         -10.95616
          -2.78224
           8.87735
           6.23381
          -4.31775
          -1.94159
          -3.70869
           1.21933
           3.90834
          -4.16419
          -8.90409
           3.17049
          15.54493
          12.11037
           4.78400
           9.80663
          -3.03662
         -18.74624
          18.68094
          14.92203
           4.24094
         -12.85218
          15.09691
           6.07982
          10.95746
           1.30161
          -1.12704
          25.60469
           5.96789
          14.96649
           9.86451
           5.39236
           4.72349
          -2.03801
         -12.99767
           8.88526
          17.69949
         -12.56553
           8.53471
           1.82596
           4.91088
         -13.87124
           8.74433
          21.19303
          -8.34962
          -4.48168
          -2.00967
           3.05381
           4.78217
          -7.55931
          -1.35052
         -16.38766
           1.00669
         -13.02273
           2.09992
         -10.28459
          -4.05598
           0.39892
          -3.07715
          18.12767
          -8.75441
           8.64213
          -3.32704
          -7.44627
         -10.18612
           1.65450
          -2.74027
           2.35794
          23.45801
         -14.05067
          -9.06280
         -15.58267
           0.07503
          13.78802
         -14.33827
          14.15074
          -2.23881
         -14.16590
          -3.92032
           8.88672
           7.49993
         -19.48001
          -6.33284
           3.37374
           6.23056
          11.96330
           4.36031
         -18.62791
           5.81255
          21.68858
          13.70472
          14.62215
           2.06658
           3.57747
           6.12373
          -4.43399
           6.21725
          -4.18924
          20.00700
          13.15870
          15.20758
           4.74604
          26.66089
           3.15007
          10.84318
         -13.15158
         -16.52781
           5.77030
          -6.21261
          19.61057
           6.40574
           5.93382
          26.23176
         -11.90734
         -18.21968
           4.78871
           0.26666
          -1.72508
          -3.64691
          -5.97957
           2.68121
          -2.95173
           4.10280
           5.39167
          -4.14621
           3.20051
           9.49289
          -9.89213
          16.91739
          -8.02010
          -4.45120
          11.58857
          10.01050
           6.72075
           3.67877
           4.92047
           3.04131
         -18.32998
          14.18792
          -1.98260
           0.45001
         -14.95440
          11.70689
          -9.16739
          12.15859
           0.85158
          -2.27823
          15.19607
         -19.23549
          14.01493
          -3.34134
         -11.14521
          -6.32747
          10.10134
          13.24503
          18.76553
         -19.21717
           9.66503
           2.48559
          12.87835
          15.69433
           5.01763
          -4.35367
           1.84114
          19.96730
         -18.25702
          19.76444
          -0.01442
           0.85278
          22.61913
          -0.92063
           3.63166
           4.41736
           4.68473
          13.54392
           1.85740
          18.60656
          -3.99206
          -0.64819
         -17.69255
          -6.04235
          -1.67008
           7.46975
           4.99608
          -0.14401
         -11.15339
          -2.82099
          10.88675
           7.54291
          -4.32245
          -3.87809
          15.13896
          -6.61410
           4.17033
          -3.53881
          -2.58445
         -13.29075
          16.63173
           2.15839
           4.18323
          -1.59673
         -11.63118
           6.34725
           9.66846
          16.44188
           7.26415
           0.67597
          -7.00683
           4.74670
           0.26752
          11.95926
           0.72491
          -3.56776
           2.11081
          -5.06124
          18.87134
          -1.97351
          -1.86919
          -0.20913
         -11.35207
          19.89997
           8.74653
           2.42495
          -5.89814
           2.45815
          10.33752
         -15.33752
          -1.39993
           0.52019
          12.59126
          -6.42391
         -22.67701
           7.68926
          -7.25184
           8.45856
          -0.56829
           2.76555
           8.71845
          -8.53943
           3.77898
           5.43633
          -5.53131
           2.72637
         -10.36651
          -0.11304
           7.94634
           8.22019
           6.11783
          18.68886
          10.92007
          -3.19888
           4.99207
         -18.75964
           6.12209
          -1.39059
           9.53279
           7.73551
          -4.39639
           4.68346
          -1.00704
         -14.73833
           5.54027
          -2.37331
          -1.94670
          15.73436
           7.53249
          12.82046
           0.42228
           1.39497
         -11.20672
           2.93155
          -8.67185
           1.62663
          -4.76001
         -14.47132
           6.13785
           6.97745
           9.45606
           4.12963
          -4.48096
           8.10759
           5.97012
           9.11679
          13.19983
          -0.96030
           3.89126
           3.69000
          -2.85776
           6.17378
          21.26035
           7.83338
          -3.57529
         -12.61097
          -2.15616
           2.17832
           9.83381
          11.69595
           3.61751
          -0.92412
           8.68561
          13.34308
           6.09270
          12.28298
           5.97250
          -5.94355
          -1.92002
          13.44596
         -10.48359
          16.32804
          -4.30303
           1.33041
           7.69784
          -6.62238
           3.50295
           9.19291
          12.83813
           9.05954
           7.66239
           7.11326
          -0.66960
          -8.69681
         -13.96096
         -11.50129
           0.65459
          -4.43657
         -12.20740
         -11.78454
          -4.88722
          -6.29566
          -2.96773
          -7.02150
           7.28086
         -14.99930
           4.17567
           2.40397
          11.26129
           0.63871
          10.19014
          16.66802
           1.85422
          -7.28632
          -6.34875
           9.56481
           8.94000
          14.26701
           7.34563
          -5.76079
           6.19755
          19.00432
          17.23698
          17.31863
          15.51594
          -5.35830
           9.00700
           5.29151
         -16.81984
          -3.12101
           0.11297
          -4.12397
           4.93275
          13.03162
         -10.56373
           4.02414
          13.67946
           1.33362
           9.08731
         -10.18839
          14.49472
           4.45291
          10.82657
           8.18793
          11.97474
          -5.86202
           2.54352
           4.99195
         -10.19705
          -3.37180
           1.57602
           4.79250
          15.61471
          10.25019
           7.23352
         -20.35177
          -4.73814
         -17.57563
          -1.88452
          -0.11039
          -0.67619
          -0.43459
          -1.93990
           0.48332
           0.62166
          -0.86053
           0.27882
           0.01131
          -0.55565
          -0.50438
           1.44262
          -0.68353
           2.22009
          -1.07869
          -1.02374
           1.30176
           0.20330
          -0.77873
           2.12555
           1.49714
          -0.59375
           1.35744
           1.32955
               NaN
          -0.27402
           0.68466
          -0.08780
           0.59187
           0.17819
           0.71567
           0.56135
           1.41724
          -0.85509
           0.61723
          -1.95074
          -0.05352
           2.45133
          -0.21579
          -2.71333
           1.17932
          -0.96598
          -1.32722
          -0.39036
          -0.25048
          -0.10530
          -1.06470
           0.58268
          -1.07606
          -1.06526
          -2.19967
           1.37583
           1.49285
           0.21622
           2.11127
          -1.50692
           1.76822
          -1.33450
           0.09965
           0.09081
          -0.82748
          -1.49308
           1.51188
          -1.44329
           0.14080
          -0.17196
          -0.04284
           1.34819
          -0.24419
          -2.49593
          -1.86576
           1.80144
           0.11236
           0.02360
           0.17417
           1.56865
           0.01556
          -0.95466
          -0.15560
           0.95215
           0.18184
          -1.52663
           0.80662
           0.79501
           0.54331
           2.21781
           0.11901
           2.02132
          -1.71974
           0.68400
           1.04196
           0.68241
           1.42243
           1.06309
           1.02626
          -0.16134
           3.22049
          -0.90747
          -3.32031
           1.50396
               NaN
           0.27706
           0.47323
          -0.89955
           0.46723
          -0.64517
           1.14804
          -0.14170
          -0.34517
          -1.44445
           0.83168
           2.95228
           0.01156
          -0.84441
           1.49974
           2.64167
           2.60109
          -0.68909
           2.24470
          -1.28114
           0.28411
          -1.50906
          -1.22482
           0.02406
          -0.05575
          -2.38327
          -0.09384
          -0.34156
           1.46222
           1.50673
          -0.24655
           0.15524
          -0.03858
          -0.81774
          -0.08280
          -1.09261
           0.02588
           0.17843
          -0.21645
           0.92518
           1.52408
           1.65784
          -0.43126
          -1.07276
           0.95093
          -1.32903
          -0.69912
           0.57329
           1.76524
          -0.35198
          -1.34452
           0.90064
          -0.89465
           2.24328
          -2.46278
          -1.60006
          -0.17952
          -0.34533
           1.00929
          -1.58060
           1.01308
           0.77724
          -0.14330
           1.61349
           1.53592
          -0.23786
          -0.89010
           0.85669
          -0.30095
           0.08902
           2.06858
           1.47988
           0.73831
           1.16795
          -0.22271
           1.45164
          -1.09365
          -1.23999
          -2.02629
          -0.05939
          -1.19296
           2.26297
          -1.89278
          -0.12188
           1.24306
           0.86935
           0.21576
           0.07016
           1.91545
           1.36506
          -0.27693
          -0.16875
          -0.79795
          -0.95457
          -1.69675
           0.89552
          -2.26738
           1.58403
          -0.75188
          -0.02614
          -0.36570
           0.24650
           0.00921
          -2.39165
          -2.39390
           0.13943
           1.31063
          -0.97875
           0.39759
           0.94216
           0.28104
          -1.60804
           0.62845
          -0.51848
          -0.51711
          -2.09010
          -0.09599
          -0.27190
           0.30232
           2.23432
          -0.42861
          -1.46658
          -0.37441
           0.62206
           2.05174
           1.02555
           1.08736
           1.35430
           0.09670
          -0.43217
           1.73354
           1.49102
          -1.73726
          -3.40107
          -1.63837
           0.61295
           0.80655
           2.32195
           2.63276
           0.90652
           0.02129
          -1.05851
          -0.67113
           1.95910
           0.27547
           1.15802
           0.39767
           0.84406
           0.39818
           0.44898
          -0.49444
          -0.38380
          -0.00821
           1.51057
          -1.22502
          -1.68510
          -0.43474
           1.38254
          -1.04511
           0.85044
           1.84598
          -0.42372
          -1.11190
          -1.93025
          -1.50062
          -0.52166
           0.49621
           1.78111
           1.13591
           0.56074
           0.24272
           1.00913
           1.64478
          -0.25721
           0.31932
          -0.42559
          -0.51566
           1.64205
           2.17029
           0.09829
           0.45638
          -0.39242
           0.95516
           1.34336
           0.23110
           1.30629
          -0.81016
          -0.87262
           1.37019
           1.81640
          -0.34493
           0.96695
          -1.30918
           2.78281
          -0.58883
           0.02291
           0.78808
          -0.09201
           1.93493
           1.48969
          -2.78702
          -1.27164
           0.52737
           0.35868
          -1.60734
          -0.89222
           0.79127
           0.51360
          -2.32874
          -0.73771
          -1.02924
          -0.05459
           0.59848
          -1.38042
          -1.27418
           0.10631
          -0.94509
           1.15386
           1.41140
          -1.37856
           1.05799
           1.98293
          -0.71070
           0.42095
           0.93855
          -2.29734
           0.53548
           0.24839
           0.74314
          -0.61960
           1.28063
           3.38793
          -1.07613
           0.25091
           2.14165
           1.67748
          -1.62421
          -1.15840
           0.89234
          -1.56288
           2.16958
           0.58077
          -1.31697
          -0.80414
           2.88559
          -2.28318
           0.43478
           0.02509
           0.24206
           1.15585
          -0.37480
          -1.75351
           2.38966
          -0.38602
           0.76695
          -0.64005
           1.70749
          -2.10642
          -0.13297
          -1.92664
          -0.43541
          -1.54711
           0.97207
          -1.02876
           1.17193
          -0.56577
           1.03860
           2.65475
          -0.12355
           0.68649
          -0.22564
          -0.88417
           0.54708
          -0.01909
           0.64234
           0.04650
          -0.85733
          -0.02729
          -1.74427
           0.12569
          -0.45796
           0.12388
          -0.24040
           0.11557
           1.29972
          -2.17605
          -0.09056
          -0.03613
          -0.06520
          -0.65438
           0.46955
           0.13376
           2.15545
           3.17563
           1.75820
           0.71153
          -0.55140
          -0.54918
          -0.18250
           0.31305
           0.07760
           0.71261
          -1.11822
          -0.09303
          -1.07078
               NaN
          -0.77750
          -0.53943
          -0.48430
           0.93024
           2.19101
           0.97738
          -0.71737
          -0.63747
           1.23597
           0.38952
           1.64464
           0.21110
          -0.25982
           1.50719
           0.33860
           0.60811
          -0.94132
           0.02970
          -1.22559
          -0.06866
          -0.26598
          -0.99064
          -0.10770
           1.26074
          -1.99405
           1.18092
           0.84781
           0.18947
          -0.24343
           0.59525
          -0.48407
           0.66178
           0.27921
           1.23429
          -1.48318
           0.34583
          -1.26156
          -1.58643
           1.90667
          -1.89594
           3.12542
           0.58096
           0.64352
           0.81556
          -0.66871
          -2.51366
           0.25032
           0.24812
          -1.26446
           0.09693
          -0.59270
           1.29700
           0.74809
           1.81712
           1.77546
           0.76037
           0.38374
           1.83092
          -2.54396
          -0.76218
           1.02602
           1.29038
          -1.96007
           0.36698
           2.01223
           0.57117
          -0.41413
          -1.19449
           3.07800
          -0.01397
          -1.51279
           0.79207
           1.28454
          -2.33428
          -0.47328
           0.07741
          -0.67044
           1.46828
           2.33411
           1.97212
          -1.50473
           1.84737
          -0.48622
          -0.69209
          -0.79173
           1.90551
           0.29238
          -2.90255
          -0.57189
          -1.20767
          -0.78824
          -1.02802
          -0.24171
           1.01270
          -1.28252
          -1.36456
          -0.63079
           0.40500
           1.31007
          -0.23447
           0.01387
           1.62814
           0.07500
          -0.27666
           0.65326
          -1.61931
          -0.86774
          -1.44693
           0.30443
          -2.47992
          -0.65261
           0.31436
           0.99730
          -1.06937
          -1.34602
          -2.55332
          -0.78971
          -0.49233
           0.21705
           0.30138
          -0.21706
          -1.35690
          -1.41521
          -0.24853
          -0.01569
           1.66373
          -1.12564
          -0.23812
          -2.14663
          -0.43940
           1.32497
           0.46430
           0.90716
          -0.00078
          -0.68250
          -0.43750
          -0.06406
           1.05160
          -0.29990
          -2.10147
           2.04310
          -1.04949
           0.87725
           0.67182
           1.53901
           1.17106
          -0.49702
           0.71888
           0.73769
           1.97370
          -0.93881
          -1.30882
           0.12618
           1.57924
          -1.15634
          -0.92289
          -1.88524
          -1.04789
          -0.80273
           0.07508
           0.66965
           1.41152
           0.30725
           1.05077
           0.10260
          -1.93621
           1.71747
          -0.06099
          -0.36625
           0.28168
          -0.68894
           0.96041
          -0.82330
          -1.27118
          -1.07406
           0.48227
           0.15295
           1.13464
           3.17853
          -0.04803
          -1.18671
          -1.82055
           1.43660
           0.32073
          -0.84205
          -0.66348
           0.39790
          -0.88861
           0.75917
           2.23372
          -0.51783
          -0.50001
          -1.11238
           0.26648
           2.27615
          -0.72812
           0.68863
          -1.33393
           0.64148
          -2.34421
           0.70865
          -0.75194
           0.47459
          -0.57983
           0.92969
          -0.00245
          -0.85311
           0.89094
          -2.52478
           1.87581
           1.05503
           1.18535
           0.74822
           0.62677
          -0.59976
           0.34459
          -1.10750
           2.17207
           1.67653
           0.72352
           0.07558
          -1.47223
          -2.16555
           0.24159
          -0.08421
           0.57856
           0.50403
           0.87474
          -2.10078
          -2.71199
          -1.67815
           2.41193
           0.80767
          -1.44150
           1.59953
           0.14941
          -1.33164
          -0.75582
           0.78314
           0.56845
          -1.97556
           0.57730
           1.31436
          -0.14326
          -1.95590
          -0.46811
          -0.06496
           1.05585
           0.35300
           2.62503
          -0.19188
          -0.80686
           0.04559
           0.83858
           3.15586
           2.23788
           0.25539
          -0.89826
           0.48762
           0.00617
          -0.25308
          -0.52449
           1.10083
          -0.38147
           0.56608
           0.78807
          -1.32798
           0.67895
           0.68116
          -1.72452
           0.55530
           0.29568
           1.93715
          -1.39684
          -1.57139
          -1.49698
          -0.84931
           0.93697
           0.60321
          -2.03665
          -1.17597
           1.99249
           0.57548
          -0.77158
          -3.15902
           0.87418
           0.30901
          -2.24636
          -1.53071
           1.90036
           2.28300
          -0.71210
           3.33567
           0.53666
           0.40354
          -0.15125
          -1.07205
           0.99332
           0.94417
          -1.46534
          -0.49736
           0.10532
          -0.28382
          -1.06811
           2.31420
          -1.62481
           0.79726
          -0.61092
           0.23600
           1.54356
          -2.48086
          -0.58828
          -0.03950
           0.93795
          -0.20305
          -0.50743
           0.24958
           0.34140
          -1.49872
           0.89098
          -0.50919
          -1.41430
          -0.69139
           1.84426
          -1.84535
           0.29627
           0.59650
          -2.36225
           1.31544
           0.53762
           1.04574
          -1.53802
          -0.12264
           2.70887
           2.56263
               NaN
           2.18916
          -1.33033
          -1.33157
           1.63655
           0.28727
           0.58676
           0.44302
           0.05727
           1.13507
          -0.55596
          -2.04948
          -1.09012
          -0.01883
           1.22148
          -1.52266
           0.80680
           1.62907
           0.51298
           1.03234
           0.51143
           0.05794
           1.22146
           0.92767
           0.52181
          -1.39688
          -1.05470
          -0.44925
           0.92298
          -0.28566
           0.02576
          -0.54568
          -0.73635
          -0.04644
          -0.27221
          -0.26358
           0.89307
           1.51325
          -2.31928
           0.50574
          -2.08792
           0.50509
          -0.78369
          -2.37697
          -2.32027
           1.81117
          -0.57961
          -0.84423
          -0.41770
           0.72543
           0.99692
          -1.41892
           0.00518
          -0.00367
          -0.03834
           2.07203
          -1.08193
           0.58271
           0.73902
          -0.89666
          -3.15652
           0.19647
           1.55097
           0.08547
           0.14828
          -0.38454
          -1.20194
           0.59791
          -0.64560
          -0.17236
           2.44541
           0.67166
           2.22690
           0.23475
           1.83992
           2.06490
           0.46580
           2.65310
           0.60433
          -1.48100
          -0.09736
           1.84253
           1.42030
          -0.19725
          -1.67139
          -1.51058
          -0.88947
           1.20798
          -1.17700
           0.28250
          -0.68565
          -0.51424
           0.77013
          -0.73151
           2.39781
          -2.65282
          -2.30541
           0.71746
           1.26932
          -2.01947
           1.14000
          -1.49102
          -1.81553
          -0.95435
          -0.54100
          -2.31013
          -3.02280
           1.58533
           0.09042
          -1.05895
           0.55310
          -2.01858
           0.24585
          -2.07940
          -0.78335
           1.84370
          -1.08125
           0.01452
           0.09473
           0.56115
          -1.47313
          -0.73428
           2.17986
          -1.24828
          -0.34432
           0.05580
          -1.21782
          -2.39286
           0.58036
               NaN
          -0.34869
           2.06742
           0.43896
          -0.11384
           1.36066
          -0.48463
          -1.44108
          -2.42874
          -0.49172
           1.66148
          -0.43026
          -0.71234
          -0.41747
           2.17088
          -1.66733
          -0.03241
          -1.08485
           1.18734
          -0.48156
           1.54258
           2.77818
           0.34145
          -0.44064
           1.59398
          -0.27574
           0.51360
           1.37625
           1.42081
           1.73838
          -0.70170
          -1.66474
          -0.89913
          -1.33765
           0.43439
          -0.87012
          -0.23839
           0.49645
          -2.75400
           1.12540
           1.77475
           2.36494
           2.71513
           0.98137
          -1.98292
           1.75473
           0.02999
          -0.08258
           0.60284
          -1.18074
          -0.81936
          -0.56749
          -0.02665
           0.61914
          -0.68390
          -1.03699
           1.85975
           0.00048
          -0.52071
          -1.14961
           0.10185
          -0.98859
          -1.22192
           1.22219
          -1.24305
           1.06125
           0.17941
          -3.06987
           0.12142
           0.68954
          -1.24482
          -1.28410
          -0.49339
          -1.52215
           0.18940
           1.15912
          -1.25106
           1.65722
           0.19731
          -1.49688
          -0.04581
          -0.49965
          -1.23665
           2.35271
          -0.91152
           0.72243
          -0.30342
           0.02044
           0.22683
           0.03979
           2.60895
           0.72034
          -2.41626
          -0.03970
           0.16605
           0.66276
           0.07811
          -1.55581
           0.72815
           2.31612
          -0.56669
          -1.29399
          -1.68507
          -0.22935
           1.15232
           0.59683
          -1.09495
          -0.26964
           0.04341
           0.32723
          -1.63394
           1.47234
           1.43715
          -0.79148
           0.59702
           0.55389
           2.10411
           1.78311
           0.75779
           0.43380
          -0.35239
           1.30559
          -0.36881
           0.95737
           1.40598
           1.35772
           0.28317
          -0.51959
          -1.11370
           0.35336
          -1.12748
          -0.68590
          -0.66373
          -1.67345
          -0.96542
          -0.81170
          -1.22532
          -1.51252
          -0.49790
          -0.03637
          -0.00621
           0.78625
          -0.12329
           4.13005
           1.45514
          -0.65756
          -0.03270
           1.17561
          -3.00645
           2.16226
           0.18221
          -1.09182
          -1.35360
           1.24662
          -0.34561
           0.05218
           1.37124
          -1.52144
          -1.67132
          -0.00228
          -0.19805
           0.58913
           1.85758
          -2.23432
          -0.96272
          -2.00880
           1.87835
           0.79497
          -1.70531
          -2.39891
           1.63699
           0.06176
          -1.59657
          -2.04807
          -2.70346
          -1.05810
           2.15421
           0.62797
           2.54329
          -1.87685
          -2.83377
           0.82885
           1.30348
           2.05622
           1.78917
          -0.67177
           1.08226
          -1.34003
           0.07850
           0.78466
           0.17725
           0.07747
           1.44786
          -2.12563
           0.63970
          -0.04238
          -1.46400
           2.54831
          -2.39242
          -3.60115
          -1.72595
           0.86294
           0.72447
          -1.34473
          -1.23781
          -1.32263
          -0.54349
          -0.07020
           1.88828
           1.07968
           0.30572
          -2.88038
           1.90484
           2.27595
          -0.06108
           3.11012
           1.34576
           2.37067
          -2.17197
           1.26115
           3.70680
          -1.16238
           2.62521
           0.79074
           1.63387
           1.37678
           3.50531
          -1.32329
          -1.77158
          -0.32164
           3.30246
           0.65604
          -0.68319
          -0.21558
          -0.54461
          -0.36780
           0.32423
           0.17103
          -0.37073
          -1.43868
           0.43185
           2.80610
          -2.33815
           0.50014
           2.32383
           3.05777
           3.11797
           0.22579
           3.89339
          -2.17884
          -0.80356
          -1.48524
           0.13535
          -1.16457
          -1.45646
          -2.88277
          -2.70403
           1.42428
          -0.65247
           2.93991
          -0.78872
          -0.33166
           1.16055
          -0.89305
          -1.32160
           0.95338
          -1.37423
          -0.54999
           0.52857
          -2.05968
          -0.74006
           1.70386
          -0.55363
          -1.95663
           1.11322
          -2.33733
          -2.11825
           1.50528
           3.89510
           0.96631
          -4.03520
           0.86627
          -0.02420
           2.62390
          -2.83222
          -3.28603
          -1.30788
          -1.42486
           0.54178
          -1.32899
           0.13519
           1.64266
          -0.08373
           1.68690
           1.47854
          -1.06661
          -0.08819
           0.07606
          -2.28126
           0.19052
           2.75029
           1.98727
           0.30706
          -1.24355
          -0.99345
           0.92733
          -0.60115
          -0.58882
          -0.85413
          -0.43223
           1.30954
          -1.16649
          -1.11132
          -0.02298
           0.65227
           3.07846
          -0.28311
          -0.29681
           2.30865
           1.14346
           1.52236
           0.68064
          -1.52547
          -1.21193
           0.14176
           0.18102
          -2.51703
           1.78199
          -2.64631
          -1.82564
          -1.53116
           1.90052
          -0.29239
          -2.77557
          -2.08032
          -0.84084
           1.06518
          -0.62946
          -1.64415
           0.39857
          -0.37824
          -0.18317
          -1.48723
           0.64750
           2.06894
          -4.61497
          -1.00083
          -1.74458
           0.20837
           2.63429
          -0.33930
          -1.82782
           0.21422
          -1.58192
          -0.62364
           1.43828
           0.59387
           0.94099
           1.23455
           1.47095
           1.00222
           3.38923
          -1.24026
          -4.79902
          -1.12263
          -0.73950
           1.84621
           2.26457
           0.90947
          -0.59739
           0.12631
          -2.35816
          -2.20734
           2.67581
           1.72660
          -0.52943
          -1.11184
           0.39792
           2.19036
          -0.40470
          -0.50847
          -0.45793
           1.14709
           0.89573
          -1.23050
          -0.09920
           0.23729
           1.39722
          -1.00757
           2.43431
           2.40656
           0.19568
          -0.19773
          -1.39665
          -2.40419
           0.96518
           2.13877
           2.40816
           0.03491
           1.03672
           0.65877
           1.36388
           3.39211
          -0.98981
           0.34643
          -0.91490
           0.85247
           3.33911
           1.79717
          -1.58930
          -1.30306
          -2.28692
           0.31227
           0.66137
           0.61412
          -0.14150
          -0.03344
          -0.35514
           1.04634
           1.87980
           0.00455
           1.26052
          -1.18277
           2.80920
          -1.43387
          -0.84566
          -1.45542
          -0.44585
           2.72694
           1.06481
          -3.91148
          -0.58900
          -1.34756
           1.64473
          -3.21512
          -3.07983
           0.38656
          -1.02122
          -0.99151
          -2.05248
           1.08083
           0.19715
           0.26525
          -1.84833
          -2.82295
          -0.87358
          -0.84483
           0.92624
          -0.25956
          -2.41543
           3.80888
           0.57310
          -0.14275
           0.56415
          -2.01540
          -2.95079
           0.31096
           0.31566
           1.16665
          -1.79007
          -0.05722
           4.11872
           0.01060
           1.25951
           0.78256
           0.59632
           0.72824
          -0.48991
           2.13296
          -2.81997
           3.69558
           2.23449
          -1.01006
          -0.51128
               NaN
          -0.82744
           1.36918
           0.86951
          -1.70558
           0.32966
          -0.65543
          -1.07114
           1.11425
          -1.27521
          -2.17663
           1.65515
           1.14975
          -4.36073
           1.11496
          -1.26394
          -1.49542
          -2.07409
           1.37459
          -1.99985
           0.64583
           0.48793
           3.71285
           3.49434
          -0.53877
           1.31692
          -0.93830
          -0.69471
           0.93237
           1.54363
           0.48484
          -2.69799
          -1.53199
          -1.03035
          -2.04300
           1.20416
          -1.90735
           1.73330
          -2.03682
           0.81400
           0.14959
          -2.35924
           0.09310
           0.45899
          -0.89634
           0.59103
           1.02340
           0.51908
           2.47874
           0.15834
           1.71483
           1.51546
          -1.59981
          -1.20631
          -0.88300
           2.29382
          -1.25366
           1.63377
           0.02672
           1.22015
          -0.04355
               NaN
          -1.33414
          -1.93413
           0.53886
           2.15924
           1.24775
           2.28951
          -3.20725
           0.66564
           2.69616
           1.60926
           2.29851
           0.33159
          -1.57674
           1.67226
          -2.26581
           1.43251
          -3.83584
          -1.10672
          -0.57119
          -2.49685
           0.21872
          -1.64993
          -0.31978
          -2.74262
          -2.30229
           0.94431
           0.73479
          -0.86367
           0.45064
           0.71188
          -1.84034
          -0.79831
          -1.97538
           1.54604
          -4.48551
           0.51336
          -3.70168
          -1.81169
           3.18765
          -2.54932
               NaN
           0.64457
           1.63548
           2.33480
           0.57548
          -0.68576
          -1.60410
           0.96094
          -1.81032
           1.55955
          -0.99506
           1.05925
          -0.76247
           3.21017
           1.55615
           0.64676
           0.04899
           1.42897
          -2.57888
          -1.01037
          -1.05467
           2.06107
           0.66098
           2.21889
           1.72536
           1.51970
          -2.61178
          -0.21264
           3.18616
          -0.00281
          -3.22604
           2.87998
          -0.54247
          -0.96623
           2.23888
           1.08337
          -0.27153
           4.45051
           3.06952
           0.81466
          -1.59982
           2.38179
          -1.92117
          -0.90120
          -0.67117
           3.55509
           0.52534
          -2.80277
           1.60447
          -2.57699
          -1.64693
          -2.74192
           1.42700
          -1.86416
          -2.20673
          -0.90176
           0.86567
          -0.29688
           0.76512
          -0.43598
          -0.81381
           1.09639
          -0.84548
           0.61990
           0.32503
          -1.92990
          -0.57531
          -2.15436
           0.00631
          -3.33366
           0.90339
          -1.09321
           1.38494
          -0.42114
           0.91589
               NaN
          -0.23478
           0.88623
           0.35425
          -0.16038
          -0.99879
          -4.46610
          -1.12333
           2.81759
          -0.47040
          -1.14905
          -0.68435
          -2.24038
          -1.95301
          -0.88678
          -0.38015
          -0.52181
          -0.24844
          -0.36008
          -3.75882
           0.38447
          -3.84522
          -0.51603
          -1.62522
          -1.30895
          -0.18410
          -1.04064
           1.29575
           1.66497
          -0.23107
           2.57640
          -0.21317
           1.70421
           0.40729
           0.00175
          -2.17599
           0.57554
           0.34733
           2.74210
          -3.02319
          -0.83299
          -2.60692
          -2.48316
          -1.79765
          -0.19639
           0.90396
          -0.07214
          -1.41495
           0.45576
          -0.28779
          -2.44599
           2.48499
           0.18055
           0.25999
           1.82954
          -0.27834
           0.52343
          -1.59132
           0.59004
          -1.07974
           0.21225
          -0.17824
           3.58101
           2.75900
           0.85164
          -3.06195
          -1.92790
           0.70668
          -1.25488
           0.02582
          -0.56162
           0.52976
          -0.65595
           2.29254
           3.66891
           0.77422
          -1.01572
           0.15643
           0.90104
           2.48571
          -0.29615
          -0.10609
          -1.21982
          -0.73675
          -3.21586
           0.71987
          -1.75882
           1.51198
          -1.88373
           0.93607
          -2.09945
          -1.27360
           3.60195
          -1.11626
           2.15429
           0.58447
           0.23777
           1.30777
           1.40857
          -0.10316
           0.71157
          -1.74634
           2.81249
           2.72099
           0.17905
          -1.82070
          -2.64272
          -2.73486
          -0.64758
           0.13914
           3.00066
          -1.81192
          -0.52558
          -2.19891
          -1.10493
          -3.70121
           2.07618
           0.15557
          -1.70897
           2.55902
          -3.11177
          -2.24302
          -2.24934
          -0.62411
           0.28446
          -2.10164
           0.47012
           2.56612
          -0.85187
          -3.67376
           0.83818
          -0.86024
           0.76581
          -0.22053
           4.16302
          -1.43922
          -3.18860
           1.27084
           1.13879
           4.09942
           1.90650
          -0.30428
          -0.22868
           0.74908
           1.66736
           0.23740
           1.17445
           0.77953
           0.94792
           1.07729
           0.64024
          -1.11799
          -1.57817
           1.68728
          -3.11556
           0.79975
           1.04791
           2.89833
          -1.38641
          -1.18344
          -2.00152
          -3.55270
           3.19021
           1.91097
          -0.29047
          -0.84350
           0.97365
           2.06003
          -2.14950
          -2.15355
           2.38318
           1.06421
          -3.18603
          -2.26349
           4.09104
           3.21781
          -1.22498
           2.21850
          -0.79295
          -0.05356
           2.12874
          -1.58893
          -1.56213
           0.18717
          -3.39946
          -1.02690
          -0.54088
          -1.12206
          -0.73951
           1.74650
          -1.28934
          -1.97782
          -1.34906
          -1.87178
           0.85950
               NaN
          -0.09456
          -0.74064
           2.56827
           2.18274
          -0.98093
           0.84226
          -2.31642
          -1.26235
           0.00471
          -3.91961
          -0.22786
           2.04535
           1.60527
          -1.70209
           0.48057
           0.83701
          -1.74549
           1.09736
           1.02131
           0.51886
          -2.09357
           0.90731
           2.00224
           2.76537
               NaN
           0.05346
          -0.35420
          -0.74473
           0.33112
          -0.28686
          -0.38737
          -0.25742
          -0.82039
           0.62476
           1.89114
          -3.69265
          -1.14095
          -0.15960
           3.63675
          -2.32120
           2.00582
          -0.10672
           0.39223
           1.28384
          -0.64868
           2.95259
          -0.08447
           1.65217
           1.88380
          -0.90079
          -2.49626
          -2.01675
          -1.63530
           2.17549
          -1.15189
          -0.66493
          -2.61761
          -1.97018
          -0.62741
           0.51330
           0.91211
          -1.11161
           0.13927
          -1.98977
          -2.11775
           0.31122
          -3.40105
          -2.49375
          -2.67467
           1.56343
          -0.92445
          -2.61439
          -0.73885
          -1.85180
           1.31750
          -1.59173
           2.00047
           1.01481
          -0.10899
           2.14596
          -1.06628
           0.42587
           2.75822
          -0.71930
          -4.62465
          -1.07801
           2.44856
           0.95550
          -1.40972
           0.72879
          -1.92046
           1.04192
          -0.15219
           1.22460
           0.65645
           1.03554
           1.76106
           0.44368
           3.14437
           1.08361
          -0.91943
           0.76045
          -0.26526
          -1.70217
           1.02208
           1.08868
           1.73520
          -1.60103
          -1.51769
          -1.13414
          -0.01734
           1.80049
          -3.28508
           0.78243
           0.23432
           0.08730
           2.03665
          -2.36304
           1.18328
          -2.95359
          -1.44918
           0.15422
           0.70871
          -0.30454
           1.24154
          -1.53604
          -2.40313
          -0.50846
           2.35994
          -3.23363
          -2.16019
           0.35982
           0.40151
          -1.37333
           0.28020
          -1.14405
          -0.19490
          -3.01207
           0.51104
           1.56711
           0.80237
           0.05619
          -0.63286
           0.95092
          -1.69767
          -2.46937
           0.88887
          -0.59604
          -0.02565
           2.48457
          -0.97049
          -2.31148
          -0.22106
          -4.76692
           0.67356
           1.50914
           1.01660
           2.06471
           0.97340
           0.58381
          -1.49953
          -3.84514
          -0.89947
           0.54729
          -0.58363
          -1.01392
           1.15989
           1.46633
          -0.63696
          -0.45537
           0.75298
           2.85490
          -1.53530
           0.45810
           1.35847
           0.42904
           0.00712
           0.56376
          -1.33376
          -0.85650
          -0.38388
           1.67640
           1.28962
          -1.36440
          -1.32590
          -1.17920
          -3.99975
          -0.81754
          -0.67612
           3.09454
           0.76239
          -3.26876
           0.20077
           1.55704
           2.08408
           2.63248
          -0.12681
          -3.42832
           0.97102
          -1.01609
          -0.82120
           1.30644
          -0.86147
          -2.70740
           0.88826
          -1.96829
           1.21694
          -0.59366
          -2.20267
           2.44188
           0.80942
          -1.32031
          -2.64743
          -0.47199
          -2.08911
          -2.04877
           1.89684
           0.65794
           3.09538
           1.97710
          -3.08728
           0.54100
           2.63597
          -0.03194
           0.75557
           0.05221
          -0.69603
           0.85234
           0.29659
           0.50184
           1.51710
           0.56585
          -2.96048
          -0.36119
          -1.61904
          -3.38133
           2.30050
           0.38908
           1.78556
          -1.04953
          -0.64428
          -1.72596
          -1.14923
           3.03795
           0.25345
          -4.55174
          -1.30264
          -1.73443
          -0.61990
           0.80395
          -2.51292
          -0.00100
           4.19499
           0.04796
          -0.95866
          -0.85470
          -0.80758
          -0.19125
           1.79558
          -1.17718
          -1.80977
           0.28416
          -0.39873
           0.13132
           0.10236
           0.94141
          -2.38790
          -0.60430
          -0.09647
           2.80680
           1.12304
           0.03902
           2.19315
           1.66648
           1.66407
          -0.68725
          -0.53284
           0.46959
           0.42263
           2.67829
           0.06985
           1.08704
           0.71519
           1.40225
          -0.66176
          -0.09379
          -2.33616
           2.63793
           2.75340
          -0.31801
           2.94294
           0.76864
          -1.32793
          -1.24528
           2.41880
          -1.51674
          -0.62046
          -4.84708
          -1.56834
           3.28641
          -1.24275
           2.53440
           2.07095
           3.45274
           0.14701
           5.38936
           1.45290
               NaN
          -0.75917
          -0.33645
           2.04435
           3.95775
           0.44658
           2.07458
           0.52004
           0.76234
           1.19613
           2.96698
          -1.86440
          -2.92665
           4.91472
           1.99948
          -3.18095
           0.49866
          -2.49447
          -0.92662
           2.07504
           3.39766
           1.31175
          -5.85196
           0.51533
               NaN
           0.14178
          -1.25663
           2.18931
           1.77447
          -2.52028
           2.59032
          -2.74897
           2.78841
          -1.32627
           0.13111
          -0.94110
          -2.32174
          -3.82885
           1.60710
          -0.42849
          -0.60119
          -0.36467
           2.07074
          -0.43666
           2.95072
          -0.85221
          -2.07369
           3.19722
          -0.79798
           2.05863
           2.27411
           5.86863
           0.84699
          -2.27006
          -3.19533
           0.76248
          -0.00240
           0.48671
          -0.82670
          -1.40748
           1.44216
           0.89075
          -1.70545
           1.50176
          -1.04717
          -0.17437
          -2.92126
           3.42604
          -0.36639
           1.46814
           0.12262
          -2.44888
           2.79689
          -0.28906
          -5.62363
           4.21904
           5.17879
          -0.28656
           2.19310
          -1.91678
           1.97206
          -1.05768
           2.37322
          -0.60680
          -0.30715
          -1.45303
           1.42633
           3.16970
           3.50613
          -2.84405
           0.27414
           2.02283
           1.83237
          -2.04972
          -0.20727
           0.05395
           1.90173
          -1.54450
          -3.24771
           1.79182
           2.02742
          -1.64039
           3.78812
          -2.96777
           4.60726
          -0.62472
           0.55978
           0.87935
          -1.82196
          -0.70574
           1.75959
          -4.13547
           2.10818
           1.26176
          -1.32447
           5.36435
           4.89139
           1.58941
          -0.24927
           0.24176
           0.70956
           0.17055
           1.41146
          -0.81279
          -1.40235
          -2.31257
           2.65713
           0.95176
          -2.18921
           1.67721
          -1.91334
           0.90737
           1.49861
           1.26019
           1.70458
          -1.95479
           2.31871
          -0.50983
          -0.23191
           1.50432
           1.62125
           0.99468
          -2.08273
           2.01766
           2.64422
          -0.06194
           1.05472
           0.72526
           1.37969
           4.75442
           0.92355
           2.23142
          -1.82612
          -2.20842
          -3.76958
           0.49511
          -4.91475
               NaN
          -3.05499
          -0.26896
           2.12169
          -2.41611
           0.95768
           0.61593
           1.33066
           1.69463
          -2.95288
          -1.43200
           0.28403
          -0.57182
          -4.43104
           1.95815
          -1.89609
           1.28960
           2.06558
           2.65014
           1.36761
          -2.21341
           0.45776
          -1.82067
          -2.86028
           1.59731
           1.67567
          -1.49823
           3.43414
           1.75059
           1.26154
          -3.72714
           3.77495
          -2.25257
          -4.36316
           1.66497
           1.24970
           1.91832
           0.44206
           1.63947
          -0.56143
          -0.92933
          -1.24983
           3.89988
           6.03064
           0.41172
           1.82130
           1.96899
          -1.59553
          -3.26256
           2.82118
          -1.33206
          -2.47641
          -1.32199
          -2.40539
           2.62437
          -0.73966
           2.40729
           5.19571
           3.14317
          -0.13489
           0.87436
           1.61356
           0.89319
          -1.88268
           3.66765
           2.64266
           1.50756
          -2.26719
           1.71860
          -0.47358
          -0.27355
          -1.72640
           2.42496
          -1.21687
          -4.04368
          -1.43420
           1.36070
          -1.10095
          -1.50515
           1.01227
          -1.34490
          -2.47147
          -2.72384
          -0.15681
          -2.73294
          -1.94665
           0.84854
           2.77335
          -0.14715
          -0.37605
           0.48154
          -0.95389
           0.83233
           0.27900
           0.30212
          -2.55039
          -0.88187
           2.72520
           2.60814
           3.07308
           2.42513
           1.91129
           2.35764
          -0.33854
           3.45948
          -1.96532
          -1.64224
           1.85184
           1.72210
          -0.86468
           0.53035
          -1.49718
           2.74357
           0.66795
           1.31469
           4.12468
           0.43424
           0.75703
           2.12158
          -1.11469
          -2.28689
           3.31581
          -1.55397
           0.78380
           2.36127
           1.39317
           2.79623
          -4.31750
           1.21766
          -4.16738
          -0.42899
           1.09407
          -0.68454
           1.02919
           1.56364
          -1.09419
           1.49238
           3.89649
           0.16350
          -3.03322
           4.07968
          -1.55538
           0.20798
           5.33176
          -1.32551
           0.86939
           0.14833
           0.11327
           1.12117
           3.27033
           2.30107
          -2.69235
          -1.24911
           4.16291
           3.28540
          -5.12284
          -2.15261
          -0.95273
           0.30671
          -0.09994
          -1.87867
          -1.77342
          -1.23970
           0.15457
          -4.44819
          -0.95489
          -1.23076
           3.13865
           2.38459
           0.04255
          -2.76836
           4.28649
           0.93643
           5.14472
          -4.05355
           2.53698
           1.24626
          -1.98893
          -2.91224
           1.14106
          -0.76338
           0.37343
           0.41549
           1.95437
          -2.13286
          -2.93863
           1.40608
           0.49398
          -0.25111
           0.83424
          -1.16594
          -0.02593
          -2.34320
           0.87658
           4.12818
           0.14604
           1.46448
          -1.29999
          -1.47823
           1.69761
          -2.26970
           2.43129
          -0.92315
           3.01021
          -1.90361
          -0.36370
          -0.77247
           1.17089
          -2.50659
          -0.35416
          -0.43930
           1.67465
               NaN
           1.82270
          -0.48409
           1.00783
           0.42813
           0.85931
          -2.63281
           2.05749
          -0.65736
          -2.82099
          -2.04602
          -2.59851
           0.01430
           0.05035
           1.53480
          -2.00598
          -0.89757
           3.59386
          -0.97406
           2.98564
          -2.57549
          -0.93568
          -1.42453
           0.67219
           0.03192
           1.69874
           1.26170
           4.21196
          -0.61796
           3.36350
           1.71981
          -2.19884
           3.54262
          -0.98684
          -0.01012
           0.20770
               NaN
          -1.53562
           1.53283
           1.01591
           1.75573
          -1.27566
           0.42179
           1.53302
           2.83327
           3.63230
           0.77065
           2.98196
           0.09668
           2.36746
          -1.25142
           0.00155
          -0.92422
           0.15107
           0.48636
          -0.83175
          -1.44389
          -2.51911
          -5.23217
           3.00828
          -0.81202
          -0.45265
          -2.07832
           0.00570
           1.65058
           2.99463
          -0.25466
           2.10161
           0.92934
           0.88159
           2.42871
          -2.49202
          -0.39306
           4.12049
           0.14418
          -5.85817
          -2.38722
           2.43888
          -0.83952
           2.85428
          -2.65473
           2.91715
          -0.03056
           1.03521
          -2.31314
           4.00173
          -4.36889
          -4.50689
          -1.41868
          -1.26371
          -2.96697
           1.24039
           3.69353
          -1.36332
           1.05258
           1.64787
          -0.38108
          -0.97103
          -0.54780
          -0.05410
          -3.05094
          -3.80864
           0.82883
           0.48884
           1.52094
          -2.72347
           5.29125
           0.09200
          -2.05284
          -2.85636
           1.44886
           2.12053
           0.06522
           1.24482
           2.41896
           1.44396
          -1.61004
           1.14140
          -1.15740
          -1.30264
          -0.39481
           0.74782
          -1.21023
          -2.96673
           2.40775
           0.42080
          -2.03343
          -4.71001
           2.44528
          -1.61503
          -2.54257
           0.01301
           0.98813
           0.94554
           3.26720
          -1.84929
          -4.80854
           0.66057
           5.84696
          -1.78194
           2.73971
          -2.43458
           0.22596
           3.86089
           1.93089
           2.62579
           0.53358
           3.89268
          -1.65995
           5.55938
           3.38302
           1.67116
          -3.28014
           5.35546
          -1.06266
           0.25484
          -0.80522
           4.17153
          -0.91901
          -0.91917
          -0.74653
           1.22908
           4.90644
           0.90117
          -4.11128
          -0.20271
          -0.15020
           1.62009
          -1.05660
          -0.81194
           1.08669
           0.67695
           0.47882
           0.32118
           3.61807
           2.86857
           1.93568
           0.68320
          -1.17805
           0.57600
          -0.42022
          -1.29762
          -2.02034
          -1.29959
           1.61029
           0.31893
          -4.03924
          -1.06562
           0.88385
           0.64550
          -2.50367
           3.80247
          -1.38604
           1.60221
          -1.66090
           2.52216
           2.66403
          -2.13277
          -0.81497
           0.20181
          -1.23464
          -1.52131
           0.09925
          -2.43941
           0.26696
          -2.99940
          -0.67725
           1.96450
          -1.37057
           1.87056
          -1.50363
           2.69122
          -1.04787
           0.69196
           0.74551
          -1.06824
           1.35938
           0.92020
           3.11628
          -0.22776
          -3.14095
          -4.61958
           1.46166
           1.75485
           2.59464
          -0.08395
          -0.53595
          -1.33832
          -0.20119
          -0.15739
           1.21962
           0.12317
           1.53328
           2.89577
           0.26854
          -1.31885
           1.56398
          -0.41640
          -3.02367
           3.94838
           2.95734
          -1.95483
          -5.10206
           1.33060
           2.91126
           1.77748
          -1.04371
           0.17256
           4.99954
           0.02379
           1.46539
           2.87606
           0.99081
          -1.78804
           0.73670
          -0.54729
           0.91059
           0.59897
          -2.41087
           1.11780
           1.48722
           1.20598
           0.33769
           1.66321
           2.73534
          -1.77664
           0.39210
           1.75256
           2.73071
           1.08774
          -1.89408
           0.09877
          -2.46440
          -0.98253
          -3.05120
           1.57869
          -2.35859
          -0.19421
           1.00791
          -1.64029
           4.03580
          -0.81518
           0.34429
           0.19174
          -0.82305
           0.50766
          -1.41235
          -2.14836
          -0.74662
           3.17126
          -2.41412
          -1.34174
          -4.63363
          -1.67043
           3.50773
          -1.63239
           1.27769
          -4.65439
          -1.37005
          -0.81414
          -0.84885
          -0.44089
          -1.35768
           0.89271
           0.05066
           4.99715
           2.51409
           1.08336
          -3.54211
          -0.30333
           4.79386
           2.07000
           1.41113
           0.29019
           1.06636
           0.96284
          -1.55681
           3.15850
          -2.12373
           4.92443
           0.48686
           3.37074
           2.56092
           2.78920
          -1.32256
           1.00324
          -1.48671
          -3.75126
           0.19678
          -0.63188
           4.29419
          -1.85027
           2.20907
           4.56287
          -3.17881
          -4.76154
           2.19969
          -2.05842
           0.02217
           0.23881
          -3.27952
           1.63976
          -0.18174
           1.82932
          -0.71180
          -1.65441
           3.75980
           2.26110
           2.20697
           5.36542
          -2.78207
          -2.20433
           3.57803
           1.14112
           2.03550
           1.48473
           1.36256
           1.89401
          -4.19535
           0.39429
          -1.01452
           0.19054
          -2.37060
          -0.33504
          -0.97642
           4.21060
           0.69256
           0.65832
           2.23679
          -4.24705
           3.16367
          -0.14982
          -1.50378
          -2.13467
           1.08924
           1.88199
           4.72772
          -3.94597
           1.77719
          -0.36832
           2.06152
           2.81460
           0.25606
          -1.41897
           0.86475
           5.41701
          -5.97571
           4.21714
          -2.04355
           0.79343
           3.10892
          -2.20330
          -1.79319
           2.17962
          -0.06675
           1.78838
           0.05992
           4.55837
           0.52014
          -1.16191
          -2.96226
          -1.51839
           0.06674
           1.96207
          -1.10522
           0.81598
          -2.26398
          -1.16044
          -0.97307
           2.09191
           0.21604
          -1.20846
           2.46539
          -2.04032
          -0.13332
          -0.06242
          -1.37941
          -2.24996
           5.10600
           0.13050
           2.91971
          -0.07597
          -0.10011
           3.52430
           2.52595
           5.46789
           1.89761
          -1.15207
          -1.76221
           2.96367
           0.95197
           1.89050
          -1.89998
          -2.07045
          -2.18653
           0.32678
           1.95820
          -0.46101
          -2.05386
          -1.40885
          -1.11346
           1.69494
           4.20409
          -2.20549
          -3.57882
           1.55513
           2.10307
          -4.56997
           0.98898
          -1.42406
          -0.94164
          -1.61751
          -4.85538
          -0.93668
          -4.30570
           3.40795
          -0.37225
          -0.59140
           0.95898
          -3.31921
           0.90134
          -0.69232
          -2.70841
           2.25507
          -3.88264
          -0.04745
           1.17682
          -0.01852
          -1.13918
           1.84620
           4.09985
          -2.21830
          -0.81824
          -3.55635
          -1.58565
          -2.51388
           1.77225
          -1.64265
          -1.86903
           2.89771
          -0.42012
          -3.35384
           1.93659
          -2.07364
          -1.35416
          -0.32224
           0.11469
           3.31855
          -0.20216
          -0.26383
          -2.76335
           3.21871
          -3.19974
           0.59662
          -3.81813
          -1.29271
           1.08559
           3.15545
           4.88962
           0.21118
          -1.10656
           3.12615
           1.29777
           2.55124
           3.99398
           1.04070
           2.40579
           0.28388
          -2.16868
          -0.48261
           2.62150
           2.29629
          -1.15865
          -5.19522
           0.10093
          -1.98843
           2.50054
           2.09854
           2.78264
           2.83805
           2.62949
           0.16672
           2.92029
           1.58575
           1.01590
          -0.44357
          -1.65558
           1.98858
          -2.73251
           2.86102
          -0.26993
          -0.81811
           0.69664
           0.99398
          -1.20260
           0.66847
           1.07799
           0.95529
           0.64814
           0.00779
           0.21882
          -4.07024
          -1.96395
          -2.49416
          -3.04397
          -0.50258
          -2.20524
          -3.04866
          -4.31755
          -1.30483
          -2.75076
          -0.79655
           2.44188
          -3.85802
           1.86562
          -0.35078
           0.67983
           0.42324
           1.16514
           1.95299
           2.43036
          -2.84580
          -0.85868
           0.80622
           1.00902
           3.13108
           1.80814
           1.97091
           1.41470
           0.75969
           1.83859
           2.99249
           2.57038
          -1.00137
          -0.13237
           1.81256
          -0.47819
          -1.48082
          -1.79271
          -2.92003
           0.63061
           3.15052
          -1.18597
          -0.97265
           2.02089
          -0.31464
           1.40690
          -4.25928
           3.50983
           2.17444
           1.58276
           2.38364
           1.52112
           1.05904
           2.76478
           1.82676
          -2.18276
          -3.35492
           0.77246
           0.10477
           3.17365
           2.79862
           2.74841
          -3.27893
          -1.39622
          -4.38670
          -0.18476
