           2.69656
          -6.61529
           6.44746
         -43.98271
           0.86276
           1.96691
           3.23527
          46.06439
         -40.23604
         -15.79153
          -3.22594
          44.59173
          89.08919
         -28.83219
         -39.55179
           7.08729
          -7.90309
          88.12807
         -12.86966
          30.84767
          64.55208
         -14.99686
         -25.25433
          14.39588
         -47.16586
          -6.89633
           9.48528
          50.21166
         109.46889
          17.35331
          -2.64279
          12.60683
          27.32048
          13.91711
           7.92834
          12.48586
          40.54255
           9.71617
           4.40614
         -33.00761
         -24.66092
         -40.12676
         -19.83820
         -14.38421
          26.73846
           4.11122
         -22.51186
          55.88350
          44.95390
         -18.74494
         -20.48849
          19.63042
          -0.36719
          16.42418
         -10.10677
          30.52357
           9.45606
         -40.14820
          -5.46646
         104.53241
          51.04981
          16.02379
          81.11138
           3.23900
          15.43841
          22.23322
         -11.34193
         -35.74758
          18.21361
           6.88491
           4.41992
          49.64140
          -1.29542
         -53.80196
          75.09497
         -17.97974
         -28.04898
          -6.94180
          27.59170
          21.11419
          53.45872
         -19.43413
         -12.07139
          32.25422
          40.91923
          32.44634
         -46.86281
         -24.39136
           9.56684
           3.08273
           7.70714
          39.71416
         -22.56979
         -33.79860
           8.85721
          18.42127
           6.09111
          20.53600
          -8.81629
         -65.73611
          39.53455
          94.75491
          52.32907
         -17.51607
         -39.04868
          37.64465
          22.86246
           5.07517
          33.24724
          29.43327
          35.52507
          28.45212
           6.04330
          41.34252
         -57.04721
          13.76987
          24.47733
         -44.45418
         -38.54904
          47.77582
         -20.31848
          31.11222
          23.42636
         -20.60578
          19.62017
          43.98051
         -11.03324
          60.87758
           9.02077
           0.50447
          35.69070
           0.81281
          16.90308
         -17.85184
          31.13335
               NaN
          -7.87646
          37.85091
          -3.78991
          66.10477
         -25.13698
          64.93735
          22.18127
          36.60161
         -29.98079
          10.29513
          97.05215
         -10.79159
          39.53986
          84.93126
          83.67961
          27.89450
           8.07907
         -15.53204
           8.33513
           6.97420
          -8.90389
          37.76442
          38.18453
          29.65630
          43.56590
           0.09016
          51.58057
          -6.64949
         -39.29446
           2.02873
          14.11721
          59.07854
          23.64553
          10.28226
           8.23602
          72.75522
         -22.23816
         -12.29138
         -12.25702
           6.12329
           8.48405
          15.74494
           7.92088
          43.42764
          56.48167
         -21.24931
          78.09910
          59.44693
          18.01347
          13.00215
               NaN
         -56.05712
          23.53122
          -7.67236
         -16.32429
         -13.84584
          11.18144
           1.75388
          17.12411
          16.37391
          -2.67490
          42.07418
          56.02926
          75.38407
          21.69641
          13.27487
          85.44299
          39.48180
          16.04889
         -66.90136
          65.11466
         -30.50221
           7.60041
         -17.80031
         -17.41880
          -5.41978
         -25.75415
          17.29629
          63.03411
         -51.34967
         -37.85689
          32.74506
          13.66720
          10.15625
         -10.64100
          44.80371
         -10.53170
          70.97865
          -7.51203
         -15.63914
          51.32153
          51.01744
          67.40149
          19.05991
          11.12592
          20.81083
          -0.34650
          82.58873
          36.66201
          -8.12153
         -19.93748
           5.50507
           5.62550
          17.41544
          79.81320
           6.05824
         -19.10238
           6.60601
          58.49830
          59.42853
          11.00944
          72.50294
          43.57278
         -28.50269
          13.14267
          13.88636
         -13.93767
         -36.49368
          54.81983
         -62.93827
         -20.68131
           1.38169
          10.84616
         -32.81220
         -12.85351
          42.21836
          -8.44969
         -20.68984
          -4.69594
         -43.09291
          16.99746
          14.83209
          51.98313
          38.67657
           2.64983
          15.89467
          -7.82010
          26.43625
          18.66611
          -4.03245
          34.05647
         -21.36548
          23.50487
         -10.66492
         -17.98276
           8.28505
         -28.97393
          25.21512
          -1.17680
          61.09102
          40.69185
          95.19393
         -21.17453
          49.74861
           5.32713
          26.75128
          61.75774
         -18.17061
         -38.51316
          23.11181
          31.46240
         -28.31771
          39.21539
          17.69818
          23.39271
         -50.11249
         -46.07714
          10.78878
          40.98666
         -27.18459
          33.95630
          55.23489
          41.19942
         -42.05142
          56.65058
          17.77879
         -31.64366
          70.95666
          75.15343
          96.86026
         -26.64531
          77.00480
          -9.39542
         -30.50140
         -33.43649
          66.65850
         -26.70236
          22.53824
         -35.55518
          26.67795
           7.12104
         -27.18200
          61.51159
          13.12117
          84.62861
          26.02941
         100.60512
         -12.44568
          12.21703
          27.99567
          -2.27216
          49.85200
         -35.30662
         -32.71258
          18.38518
          42.99763
         -27.62162
          45.98041
          28.69138
          20.21360
               NaN
           9.83184
          -4.13460
          36.25127
         -20.42793
          48.75466
          82.62388
           6.85427
          20.13607
         -11.77677
          -7.06296
          -7.01803
          23.85437
          -5.04160
          25.55467
          10.07433
          36.90665
          -3.43122
          -5.83436
         -46.08759
         -18.77370
           6.86060
           5.37436
         106.27523
          24.78800
         -13.77742
          25.62708
          96.91294
         -22.66920
          68.72167
         -28.97114
         -26.90189
          95.47523
          24.18200
         -48.46146
           8.57043
         -32.63405
           6.33501
          69.23468
         -44.21682
          12.95828
           1.41862
          60.92880
         -46.80561
          55.98016
          17.78546
          15.15828
         -11.27865
         -25.70246
          33.03561
           2.58024
          43.89456
          22.06847
          -7.82769
          56.06009
          27.37108
         -19.13586
          23.36649
          -4.82176
          14.13662
          40.03485
           8.93545
           5.80913
          25.59886
          12.48339
          44.74131
          29.49087
          50.67188
          15.38037
          72.49041
         -37.99117
          -3.55362
         -61.12040
           2.43461
         -32.90510
          66.09200
         -28.64808
          -9.78285
         -28.38428
         -53.19847
          13.11399
          35.02225
          13.44237
          19.25264
          32.64442
           8.04312
           0.24971
          23.16269
          18.52494
          14.77707
           3.26011
          -6.56276
          -7.21951
          16.34042
         -19.21172
         -31.71829
          40.41088
         -11.34597
          48.27790
          21.08026
           1.46594
          -6.72658
          -6.82179
          68.27106
          26.91680
          31.82071
          57.67947
          43.77319
          11.10536
          27.05713
          38.97097
          69.07967
          15.78235
          19.90523
         -34.81375
          19.83204
          23.49432
          26.12485
           8.24880
         -27.74832
         -47.20132
           9.20509
          10.55275
          21.81604
          41.60372
          12.83464
          28.47673
          58.59137
          39.37358
          42.17899
         -29.76789
          72.76057
          59.08664
         -23.72519
         -21.08981
          42.55946
          67.22532
          36.13796
          36.68066
           9.32798
          28.58996
         -33.56299
          28.61555
          63.01874
          -7.09403
         107.01829
          85.70681
          33.36341
          71.53932
          -5.24635
          53.79051
         -24.87349
               NaN
          56.82045
          19.77262
          11.13400
          75.43287
          -3.17486
         -40.31752
         -41.72303
         -41.33523
         -10.47255
          59.08602
          57.82992
          38.86419
           3.54568
          -7.30700
         -17.32748
          40.13827
          37.46087
          24.08093
          21.76410
          36.02194
          30.44703
          19.53137
          24.24140
           6.73682
          46.22017
          47.03997
           1.61476
         -25.09299
          18.48692
         -42.13415
         -16.64680
         -23.00894
         -19.29784
          18.02444
         -12.34610
          15.18478
         -16.29058
          18.64965
          70.17631
          43.07529
          -6.07335
         -19.14979
           0.52563
         -23.32873
         -52.56225
          59.37092
          15.81496
         106.77821
          -0.66028
         -32.64974
          21.83279
         -12.02752
          25.05827
          43.50219
          16.30180
          13.41924
           8.18724
          20.09791
          -7.80421
         -68.98390
          39.50989
         -22.16037
          56.03062
          10.35535
          43.00443
          39.02227
           3.28400
          -6.93393
          42.09888
          13.59114
          75.46091
           6.97889
          64.55983
           8.13678
          25.43255
          35.40926
         -26.13420
         -16.84739
         -33.13586
          -3.40504
          50.92363
         -16.49933
          42.66851
          28.59882
          -6.02456
         -18.92080
          38.40466
          27.51919
           2.45082
           2.19152
           8.92597
          21.37241
         -23.59011
          12.77763
          87.78740
          47.47290
         -43.90993
         -12.46122
          -5.36561
           2.47852
          22.62506
         -37.06085
          27.50223
         -32.64229
          34.09790
          -5.22582
          10.71472
           6.84411
          21.37443
          20.77996
          50.37515
         -48.06583
          -4.44543
          64.16540
          59.14972
          38.28197
         107.92314
         -12.49863
          42.74066
          15.63482
          44.38093
          15.81889
         -28.54410
          12.21114
          29.11806
          25.20392
          12.70527
          46.30692
          -5.24800
         -20.98393
           0.44951
          29.05559
          38.85874
          14.51792
          -1.06071
          33.99314
           4.30282
          18.29376
          28.84975
          15.19204
         -13.75634
          -9.03045
          46.45664
          64.60597
           8.13321
          40.10488
          59.77738
          14.48378
          10.43967
         -19.25985
           4.70844
         -44.31221
           9.72167
         -19.11352
          12.13984
          59.02226
         -16.40720
          40.29769
           4.61862
         -18.50756
          -3.54631
         -19.58780
          97.66288
         -54.72237
          20.89702
          44.16548
         -23.71007
          51.86680
         -39.11095
          -0.00806
          45.24468
          35.47287
         -18.94375
          41.36588
          36.53913
          28.00775
          77.61371
           4.45594
          -8.24866
         -31.90738
          45.11371
           2.73739
          12.95437
          60.62175
          39.19787
           0.09344
         -28.31787
          23.62893
          -8.45110
          55.31586
          74.60544
          -7.82254
          52.32635
          -1.29573
         -12.75829
          65.44643
          20.23796
           0.25467
           5.32275
           9.98221
           0.40451
          29.91678
          14.93033
         -22.89287
          55.79460
         -19.95385
          39.91309
         -55.28564
         -12.08627
          20.63571
         -19.17039
         -33.38414
         -31.12024
           4.46294
          30.11372
           0.53648
          31.72821
          36.30386
          68.39639
         -10.36716
         -13.38561
          76.32318
          54.89881
         -31.53429
          50.23365
          36.10384
         -12.51456
          80.40999
          14.98140
          -1.95133
          26.93647
         -19.12232
          80.58053
          28.39560
          -4.34469
         -19.08833
         -36.36883
          -8.06753
          81.32096
          14.04456
         -18.00106
          36.06735
          13.70355
          14.49747
          -0.27679
          63.25007
         -25.06551
          18.87404
           4.60917
          42.67203
          -0.80345
         -32.43520
          27.01021
          16.55900
          70.08218
         -39.36430
          28.57967
          18.30784
           7.78287
          -3.71055
         -28.82299
          10.10654
         -15.66237
           7.05454
          33.66338
          20.96097
          17.88503
         -22.58909
          53.14753
               NaN
          21.28342
         -21.94906
          70.15104
          10.86756
         -10.06204
          -7.38833
           1.58592
          87.09211
          14.01429
         -14.85726
          64.71354
         -17.45115
          27.76035
           0.16925
          49.45262
          10.54067
           1.44440
          40.87827
           9.13834
          50.11320
          20.90062
          62.04844
         -21.58943
          30.73208
          61.27556
          -8.45693
         -45.31873
         -26.46517
         -26.02435
         -18.90896
          85.38004
               NaN
         -17.26219
          69.31185
           9.39308
           4.15043
          43.47611
          24.76775
          -8.01972
          22.12663
         -40.49119
         -14.57642
          -4.85233
          21.49782
          78.27969
          -6.97821
          17.36064
         -17.23705
           5.23512
         -13.02951
         -19.11801
         -38.51354
          27.33929
         -37.85377
          40.82816
         -25.99201
          31.52976
         -53.74643
          20.63448
          10.35416
          88.28813
          40.86754
          29.43382
          57.14200
          90.13855
         -20.26879
         -16.98324
          14.04629
         -17.49945
          -5.99593
          27.80170
         110.31494
          32.78167
         -12.23485
          27.25057
          42.82473
          27.50497
          28.28383
          28.67110
           0.43098
          47.72440
               NaN
          16.91132
         -14.07520
          -1.52419
          12.74927
          -3.27191
          69.15237
          23.98231
          25.60252
          48.27141
           7.26287
          39.36893
          -4.66942
          62.38006
          66.56362
           9.40127
          47.43708
          -0.93260
           9.76249
          15.72063
          29.68357
         -12.37323
           6.78703
          20.09555
          49.59608
          42.51491
          51.30611
          23.42380
           5.59791
          20.03075
          38.71011
         -26.08536
          49.22169
         -14.34018
           2.95944
         -43.47393
           6.27920
         -16.42180
          22.92824
          -4.70443
          38.40129
         -24.28620
          40.08722
          -0.97164
         -33.12143
         -19.63266
         -16.44535
          53.10972
          81.54780
          -3.14596
          12.99706
          37.63739
          -8.34689
         -11.50843
          78.13058
          -5.39009
           5.86502
         -23.63508
          43.81269
          24.32347
         -37.75787
         -11.07120
           8.53370
          44.00113
          43.51031
               NaN
          -3.11535
          60.32099
          20.62766
         -13.90451
          -9.74532
         -15.65303
         -47.07771
          40.02103
               NaN
          48.49942
          44.84301
          24.77934
         -27.09610
          90.86096
          32.37323
          93.82024
          27.18307
          50.19620
          18.40017
          78.80021
         -12.83276
         -46.85799
         -23.46081
          24.31354
         -10.82280
          12.76696
           6.38037
          39.00383
          20.46183
          20.93639
         -40.60075
          27.74327
          93.42270
           1.19240
          65.51469
          49.81371
           5.35367
          45.04681
          77.91277
         -19.69779
         -39.04029
         -49.84261
          14.23833
          48.22883
         -28.39665
         -30.04158
         -64.69567
           3.91262
         -29.16247
         -13.40604
          15.36969
          14.76237
           9.18314
         -12.33697
          37.24687
          22.40221
         -48.58191
          41.94456
          19.94069
          -2.90346
         -13.63421
          -1.05361
          15.17129
          12.66894
         -27.02037
         -21.90375
         -35.35475
         -34.09697
          83.57174
          27.80771
          65.72476
         -50.40802
         -37.06455
         -15.22208
          -1.15233
         -32.10269
          39.05727
          47.52254
          -1.24921
          -7.65569
          18.72961
         -11.18639
           4.60644
          46.60871
          -3.07863
          -1.71319
          -2.79672
          -5.68171
           0.48175
          -2.11604
          -3.78124
           1.33880
           2.22236
          -5.44649
          -3.62989
          -5.15640
          -2.81756
          -3.15602
          -6.47757
          -2.99415
          -7.34793
          -5.29130
          -5.47289
          -3.36069
          -4.77791
          -1.55332
          -1.14888
          -2.69500
          -0.37326
          -2.66551
          -1.87945
           3.31288
          -1.22877
          -1.20424
          -4.42221
          -1.63338
          -4.03340
          -4.20920
          -1.16102
          -6.24945
          -3.85538
          -7.40833
          -1.60808
          -1.49764
          -3.22112
          -4.29432
          -6.29173
          -1.40072
          -6.69416
          -2.46583
          -0.63084
          -7.10582
          -1.81351
           3.26783
          -6.33885
          -1.78951
          -0.11285
           1.70303
          -5.95680
          -0.07511
          -4.28001
          -2.95846
          -6.67112
           1.64355
          -0.01049
          -3.10946
          -6.40758
          -6.23687
          -5.01221
          -5.35415
          -4.18925
          -4.21378
          -3.77083
          -2.75022
          -0.38411
          -6.93795
           0.95548
          -0.44840
          -2.85823
          -2.11516
          -2.63959
           3.87616
          -1.63353
          -1.02604
           2.07802
           1.13862
           1.84832
          -3.81327
          -1.15213
          -2.45894
          -1.66303
          -5.06560
           0.13123
          -0.48416
          -4.79785
          -2.41282
          -4.48297
          -3.18504
          -0.93635
          -0.28682
          -8.29322
          -6.67576
          -5.65264
          -5.06773
          -1.29925
           0.44891
          -1.88747
          -2.05090
          -4.76279
          -0.89558
          -6.53755
          -1.37639
           0.56979
          -1.58857
           2.56610
          -1.97752
          -0.43759
          -0.47330
           0.35082
          -6.51388
          -2.32592
          -2.01065
          -2.23225
          -0.52714
          -0.51312
          -3.89253
           1.25397
          -4.53441
          -5.31226
          -0.90819
          -6.63520
           1.00177
          -5.13291
          -0.29402
          -5.48769
           3.32004
          -3.40196
          -3.44417
          -2.88620
          -3.96605
          -5.85536
          -3.40408
          -7.90252
          -5.84200
          -3.44340
          -2.82744
          -4.55941
          -2.51892
          -1.04756
          -2.39578
          -2.50997
          -4.18991
          -1.23688
          -0.46208
          -1.66718
          -6.46063
          -7.18463
          -1.99127
          -3.21097
           0.11484
          -5.66285
          -4.57990
          -5.88081
          -7.01575
           1.27643
           2.17365
          -1.35729
          -3.67632
          -7.29921
          -2.61633
          -5.20387
           0.47589
          -0.21823
          -1.41162
          -5.85659
          -3.53765
          -4.37632
          -5.50337
          -8.49972
          -2.54212
          -1.24874
          -3.84675
          -5.85004
          -2.17092
          -0.60140
          -6.31138
           1.55077
          -5.58769
           2.15443
          -4.80949
           1.48235
          -6.05300
           0.46760
          -5.59597
          -1.47996
          -5.03879
          -7.45968
          -5.74170
          -6.57435
           2.81052
           0.58851
          -0.72637
           0.07704
          -4.86236
          -2.28358
          -3.45141
          -6.39203
           3.44381
          -7.81648
          -3.17242
          -1.33007
           1.11100
           1.56572
          -2.79092
           0.15580
           0.44214
          -4.60219
          -6.41115
           0.24674
          -7.08665
          -7.18865
          -3.88187
          -3.68900
          -4.68570
          -4.61053
          -4.89272
          -1.55095
          -4.72191
          -6.28559
          -2.05174
          -4.16170
          -2.31263
          -7.02795
          -2.64754
          -2.00765
          -2.85432
           1.26148
          -1.05017
          -1.75315
          -5.49086
          -5.54634
          -7.17823
          -3.89180
          -5.98415
          -0.55909
          -3.65944
          -0.15190
           0.18636
          -2.58955
           2.47686
          -5.41055
          -1.69917
          -2.39241
          -3.11912
          -0.38596
          -1.80942
          -4.00028
          -0.35200
          -2.50875
               NaN
          -4.35110
          -5.24941
          -2.48920
          -4.28295
          -1.42752
          -1.03311
           0.40806
          -6.69934
           0.07438
          -4.43148
          -1.48679
          -5.80535
          -3.37082
          -1.40980
          -4.70284
          -1.79810
          -7.72809
           3.43647
          -1.11502
          -7.27548
          -0.23740
          -9.02091
          -3.36053
          -4.75234
          -4.01587
          -3.33401
          -0.92367
          -2.85491
          -4.15596
          -2.17724
          -0.70767
          -0.30197
          -8.41909
          -4.98603
          -4.59596
          -4.83954
           2.54633
          -6.97283
          -3.15807
          -5.15226
          -6.25630
          -2.57812
          -5.20975
          -3.53107
          -5.64046
          -0.13776
          -7.16783
          -3.19321
           2.44534
          -6.78509
          -3.20216
          -3.03344
          -6.03868
          -4.21864
          -0.52025
          -2.66221
          -4.14906
           0.67111
          -1.36776
          -2.28833
          -3.13772
          -1.35765
          -8.35130
          -0.20407
          -7.30647
           2.06820
          -5.80843
          -7.62834
          -7.52377
          -5.42386
          -3.51158
          -8.33805
           0.63855
          -0.44670
          -3.86168
          -2.69852
           1.06135
          -3.11558
          -7.38733
          -1.96602
           4.69869
          -1.29439
          -4.42017
          -7.28749
          -0.94727
               NaN
          -3.30513
          -2.60326
          -6.31156
           2.21887
          -1.71089
           4.45606
          -6.80017
          -0.16115
           0.47031
          -2.83822
          -4.15425
          -3.90956
          -1.62540
          -7.25108
          -5.81033
          -9.92594
          -2.08539
          -8.12118
           1.18246
          -1.87673
          -8.41796
          -3.36624
          -3.85989
          -3.10385
          -3.92168
          -3.57641
          -4.41836
           0.91299
          -2.72622
          -0.37900
          -0.33638
           2.45461
          -0.54775
           2.37689
          -4.35140
          -2.07852
          -1.14064
          -4.91131
          -3.11223
          -5.85737
          -5.06601
          -5.81306
          -6.53267
           1.46063
          -5.31944
          -0.63206
          -4.33902
          -1.55917
           0.65897
          -3.23284
          -4.92958
          -6.16697
          -1.50511
          -0.88071
          -4.85467
          -1.12093
          -2.41614
           0.75239
           1.33112
          -2.11580
          -4.27269
          -3.51998
          -3.79523
          -4.84168
           2.67679
          -6.18433
          -0.70945
          -2.88371
           0.41466
          -0.94833
          -2.00333
          -8.12302
          -7.83186
               NaN
          -1.49798
          -6.59941
          -2.63617
          -4.00356
          -8.43540
          -4.62437
          -2.04013
          -1.64884
          -2.24655
           1.11075
          -2.99258
          -3.39164
          -4.02290
          -4.44047
          -3.71402
          -2.86984
          -6.49011
           4.59584
           1.85615
           3.25720
          -7.65392
           4.89701
          -3.84522
          -4.49079
          -4.84352
           2.28397
          -4.51752
          -0.37309
          -0.61673
          -3.53921
          -0.51442
          -1.56355
          -5.89331
          -0.83957
          -4.51658
          -5.40663
          -2.75203
          -0.65381
          -6.70902
          -0.80671
          -5.02266
          -1.74456
          -0.95134
           1.37349
          -5.41266
          -6.52366
           3.50872
          -0.33684
           0.24554
          -3.45945
          -3.22067
          -4.43818
          -2.30182
           2.12920
          -3.62504
          -3.88710
           0.46232
           2.95511
           2.67496
          -5.09756
          -2.19513
          -0.37469
          -2.01160
          -7.31247
           0.41635
          -5.27152
           2.90750
          -1.91496
           0.15281
          -5.29130
          -0.87143
          -5.46541
          -6.89861
           1.01835
          -4.97718
          -4.97784
           1.70344
          -2.71995
          -5.07883
          -8.98199
          -4.00861
          -3.87354
           0.52392
               NaN
           0.98319
           0.32573
           0.12414
          -2.44526
          -3.16323
          -7.90977
          -4.88008
          -5.44070
          -7.54743
          -6.76252
          -4.47282
          -5.27161
          -3.07186
           1.68276
          -1.78877
          -3.64421
          -6.38190
          -4.00851
          -2.18907
          -1.88566
           2.30849
          -3.48876
          -4.67125
          -0.85755
          -5.08023
          -4.94302
          -6.11050
          -4.15432
          -0.32766
          -1.71481
           0.87408
          -1.70657
          -8.18640
          -4.61246
          -2.26548
           0.74044
          -1.28027
           2.98424
           2.05129
           1.42833
          -3.23188
          -3.98874
          -4.77896
          -1.70269
          -4.24249
          -6.77022
          -2.18292
          -5.37139
          -6.00392
           2.78525
           1.50278
          -2.75253
          -6.85526
           0.22925
          -6.10915
          -4.40364
          -0.43356
          -3.89404
          -6.14986
          -2.06931
          -2.99601
          -1.66938
          -0.45169
          -1.17072
          -2.78826
          -0.59340
          -2.43897
           1.36847
          -2.06344
           1.35845
          -1.94823
          -1.60349
          -4.28587
          -4.18740
          -1.77226
          -1.88147
          -0.22879
          -9.43096
          -5.73616
          -4.80279
          -3.33737
           2.46989
          -6.65541
          -5.39410
          -1.00894
          -1.64578
          -2.95400
          -3.89302
          -3.63562
          -3.50506
          -0.93571
          -3.54758
          -1.47623
          -1.68145
           1.28568
          -2.39138
          -4.52572
          -4.64662
          -0.81220
          -1.21602
          -8.09304
          -3.62383
          -5.41337
          -3.19003
          -4.41972
          -1.34322
          -4.19114
           2.07258
           2.31128
          -1.81487
          -3.92119
          -9.57100
          -4.75344
          -3.07933
          -4.72196
          -2.07211
          -5.82369
          -2.08084
          -3.12594
          -1.81568
          -4.10484
          -4.66358
          -2.11446
           1.02538
          -2.42285
          -9.17464
          -0.35765
          -0.93864
          -4.92932
          -3.14130
           1.40967
          -3.20826
          -3.83356
          -6.18116
          -0.85827
          -4.67742
          -6.66991
          -2.29692
          -4.87297
          -4.14940
          -3.61575
          -5.41719
           2.68121
          -4.47245
          -3.66710
          -2.33945
          -8.62092
          -5.63188
          -6.84973
          -5.64895
          -3.97620
          -3.92618
          -5.01292
          -7.14459
          -6.13289
          -4.06157
          -1.39564
          -8.41825
          -2.86390
          -4.62134
          -3.43169
           2.74539
          -6.70805
          -3.23170
           1.35086
          -0.59845
          -1.89318
          -2.52336
          -0.96259
          -4.98112
          -4.42478
          -5.38768
          -5.58640
          -2.14446
           1.06088
          -6.38495
          -4.30553
          -2.43415
         -10.05624
          -4.40370
          -4.03352
          -7.76651
          -2.02845
          -0.02111
          -1.81676
          -4.99558
          -7.32338
          -4.39673
          -7.23943
          -1.26417
          -4.00267
           2.26894
          -0.90144
          -5.21527
          -5.78778
          -2.24013
           0.28136
          -2.94415
          -3.15730
          -1.20461
          -6.99914
          -0.95044
          -6.51141
          -5.52916
          -2.20121
          -5.25153
          -4.99253
          -4.69342
          -5.98080
          -6.72847
          -4.32773
           0.92021
          -1.64149
          -1.73362
          -0.44831
           1.09055
          -4.03893
          -2.02811
          -2.43918
           0.84098
          -1.27256
           2.31817
          -3.48291
          -3.71232
          -5.07972
           1.70426
          -0.52581
          -3.66784
          -0.97516
           1.13362
          -4.14196
           1.18372
           1.30047
          -2.62552
          -1.38729
          -1.79206
           1.93207
          -0.93606
          -3.63541
          -5.81236
          -0.20825
          -5.34984
          -8.10296
          -2.28180
          -1.85408
          -5.44092
          -6.35037
          -7.11974
          -1.29762
          -8.18075
          -3.05749
           0.05251
          -4.82414
          -1.54603
          -2.47270
           2.67214
           1.59086
          -2.71818
          -2.66895
          -3.47671
           2.48067
          -3.81515
          -6.37176
           2.34227
          -3.99317
          -8.67335
          -4.24836
           1.09313
          -6.91755
          -2.39389
          -8.45720
          -4.24443
          -2.12688
          -3.53927
          -3.14669
          -6.27793
               NaN
          -1.62018
          -5.42045
          -3.66799
          -6.12740
           0.22679
          -5.81747
           0.16823
           2.37219
          -3.61123
          -2.79870
           0.83098
          -7.89520
          -3.14744
          -2.71421
          -0.20659
          -2.77802
          -2.48054
          -8.71978
          -3.64113
          -3.61215
          -7.65650
          -6.36587
           0.93961
          -1.28989
          -6.31891
          -2.87411
           2.60014
          -2.78602
           0.21527
           2.24037
           0.07737
          -2.75106
          -5.54276
          -1.53758
          -2.47627
           0.31288
          -4.55382
          -8.05903
          -3.20774
           1.68657
          -1.08934
           0.15495
          -2.10024
          -5.59248
          -4.53656
          -9.61434
          -4.72372
          -2.02515
          -1.16147
          -2.78319
          -6.11021
          -4.14124
           1.74366
          -5.48493
          -2.34757
          -4.45781
          -0.05498
          -1.10093
          -2.27763
          -0.24715
          -1.55144
           1.00221
          -1.01923
          -1.97099
          -1.75086
           0.04733
          -2.75365
          -0.24738
          -2.16864
          -6.32500
          -0.23522
          -2.11349
          -0.49914
          -0.20642
           1.45618
          -2.19530
          -0.74505
          -2.77111
          -4.79514
          -1.84884
          -4.74334
          -4.25815
          -1.97064
          -2.62964
          -1.32571
          -2.59651
          -2.53509
          -2.21160
           0.36151
          -1.68840
          -4.57459
          -1.58475
           0.19963
          -0.24159
          -2.33147
          -2.08038
          -3.92042
           2.07534
          -2.57102
          -4.11031
          -3.30142
          -3.06216
          -1.34595
          -2.36088
          -7.47497
           0.21418
          -7.77371
          -4.47509
          -1.60522
          -6.24543
          -3.29255
          -5.97568
          -2.28309
          -1.07681
          -5.31236
          -1.01480
           1.12877
          -7.51787
           1.21381
          -6.81252
          -2.31158
          -1.60421
          -6.43863
          -5.14746
           3.73722
          -5.50781
          -4.88170
           3.17277
           0.25566
          -3.02813
          -8.26776
          -3.41047
          -2.48939
           0.98541
          -6.39737
          -2.99780
          -3.40148
          -5.13504
           1.86796
          -4.16744
           1.74171
          -4.31218
          -7.80048
          -7.24701
          -3.51051
          -2.88456
          -0.96939
           0.50410
          -2.09127
          -3.50884
          -4.01241
          -2.63873
          -1.88822
          -3.52079
          -3.19569
          -2.63461
          -2.28942
          -0.54814
          -4.19573
          -0.51987
          -1.45180
          -2.32856
           2.56958
           1.82531
          -2.62458
          -2.54989
          -4.88685
          -5.03826
          -4.53508
          -4.89365
          -4.48479
          -0.35807
           0.80436
           0.15563
          -4.00914
               NaN
           0.23226
           0.67345
          -4.74700
          -4.06863
          -6.10037
          -4.83501
          -3.86490
           1.38217
          -4.49484
          -5.23896
          -4.13791
          -0.29276
          -0.08711
          -0.50043
          -7.24469
          -8.18338
          -1.50073
           0.49683
          -2.56431
          -2.52755
          -4.86153
          -4.74683
           0.09237
          -2.75183
          -4.32385
          -5.14567
          -0.88289
           2.29221
          -6.01886
          -5.96345
          -6.46685
           0.57762
          -6.04232
          -4.04673
          -5.69738
          -1.34503
          -4.22039
          -2.93886
          -3.99092
          -3.52653
          -1.26393
          -5.40573
          -1.38522
          -2.47123
          -4.86572
          -5.53034
          -2.75909
          -2.65744
          -0.10713
          -3.22998
          -2.93034
           0.03248
          -0.75185
          -2.50886
           0.56620
           5.23839
          -2.58922
          -2.77830
          -8.26137
          -8.09768
          -1.31345
          -3.95966
          -3.56488
          -6.33724
         -11.67107
          -4.00725
          -3.96178
          -7.77003
          -0.89981
           2.07689
          -4.06985
           3.63790
          -1.23256
          -0.73392
          -0.50769
          -9.94915
          -1.31820
          -2.96172
          -2.24954
          -6.14821
          -4.66369
          -1.61489
          -7.06779
          -7.06016
          -8.37398
          -2.40737
           0.79767
           0.08004
          -0.59700
          -3.86461
          -0.70638
          -8.65281
           0.21560
           2.91974
         -11.45940
          -1.54597
           5.78542
          -4.21785
          -2.99088
           0.19716
           1.16638
          -5.14683
          -1.51282
          -4.95378
           1.36513
          -5.74985
          -6.28339
          -4.26993
          -3.16403
         -11.49176
          -5.74268
          -5.94357
          -7.00631
          -3.46958
          -1.04082
          -5.16421
          -2.64331
           1.64842
          -8.50371
           2.16168
           3.26399
          -6.64483
          -0.19398
          -0.21764
           4.00759
          -2.51583
          -2.54382
          -2.03289
           2.72090
           2.60954
          -5.37237
          -2.85210
          -1.85334
           2.68019
          -1.72448
           0.38909
          -0.64431
          -4.78919
          -4.64667
          -1.13729
          -1.14850
          -0.37675
          -1.50824
          -8.97803
          -8.40490
          -4.15483
           0.09448
          -4.38030
          -6.59016
          -5.02398
          -0.45743
          -1.68554
          -3.48148
          -7.87188
          -1.37643
          -1.74289
          -3.70491
          -0.37218
          -3.44378
          -1.09491
          -3.17179
           4.33452
          -7.46195
          -4.03702
           0.94027
           0.98586
          -4.07300
           1.93367
          -5.87513
           0.70062
          -3.30898
          -6.68889
          -1.31305
          -4.04501
          -3.83477
          -2.66220
          -0.59218
          -8.45325
           2.91303
          -3.21365
          -2.59891
          -4.49260
               NaN
          -5.62013
          -4.76876
          -7.85077
         -10.13051
          -1.83682
          -5.80617
          -6.46978
          -4.73934
           1.17136
          -3.09262
          -8.39885
          -2.80305
          -4.54883
          -3.90354
          -7.70166
          -6.03654
          -7.42692
          -0.39222
          -3.29926
           0.22945
          -4.24697
          -7.04479
          -5.84531
          -8.07349
           1.47148
           4.54191
          -1.77934
          -3.26524
          -4.64825
          -1.73176
          -5.81996
          -3.64655
           0.62184
          -2.52339
          -5.13358
          -7.90838
          -2.25442
          -4.90659
          -8.06799
          -2.01001
           0.31004
          -2.26258
          -6.09537
          -4.08647
          -1.32511
          -4.80528
          -1.61527
          -8.75524
           2.33354
          -2.71095
          -8.16236
          -1.62585
          -0.14168
          -5.38120
          -0.53279
          -3.74106
          -6.21303
          -4.15828
          -8.16459
           1.56649
           1.32068
          -2.58002
          -2.13606
          -8.93872
          -4.31769
          -4.25994
               NaN
           0.25468
          -9.03744
           1.99657
          -6.72862
           3.34174
           3.73244
          -1.29098
           2.16888
           0.44308
          -3.13539
          -5.88602
          -3.72246
          -2.76159
          -4.58902
          -4.99619
          -4.07289
          -5.01433
          -3.72223
          -7.34979
          -0.90004
          -9.22923
          -5.47942
           0.11751
          -8.36762
          -4.57045
         -11.91363
          -3.33023
          -1.64618
          -3.36853
           1.50574
          -6.63838
          -3.97819
          -4.50787
          -3.93972
          -6.56063
          -4.29078
          -7.61926
          -6.77648
          -4.32354
           1.04211
           1.83412
          -7.03679
          -2.03946
          -5.11903
          -4.26644
          -5.91802
          -1.31762
          -1.78405
          -2.76003
          -3.36220
           2.97792
          -6.42174
          -7.59539
          -2.47277
          -5.21951
          -2.08612
          -0.36891
          -0.69756
          -1.98207
           0.86844
          -4.69979
           1.48341
          -1.49347
          -3.16825
          -6.91959
          -6.06177
          -4.04427
          -4.78041
          -3.43175
          -7.59702
           1.21271
          -1.94021
          -7.35163
          -2.34867
          -6.28355
          -5.52340
          -4.34907
          -2.60792
          -1.40028
           2.00508
          -3.57320
          -1.50520
          -7.01387
          -1.55934
          -2.14918
          -6.75651
          -8.55705
          -5.29189
          -6.77636
          -2.35937
          -6.08820
           0.20579
          -6.77898
          -7.24475
          -0.05715
          -6.71936
          -2.76262
          -6.52231
           3.23855
          -3.88522
          -1.01752
          -0.29500
          -5.26847
          -2.30252
          -6.02811
          -5.47196
          -0.64129
          -3.13089
          -1.73391
          -2.24660
          -4.67657
          -5.06387
         -10.04035
          -1.61393
          -5.16173
          -5.84512
           1.62830
          -5.34576
          -1.43380
          -3.40128
          -9.48255
          -5.21249
          -7.02223
          -4.20869
          -6.51343
          -2.90014
           0.54305
          -9.76577
          -4.55561
          -5.24130
          -2.19823
          -7.60670
          -1.83697
               NaN
          -4.83870
          -1.15458
          -4.37019
           0.16729
           3.81883
          -0.83672
          -5.91756
          -7.83544
           0.58897
          -9.84012
           4.29082
          -6.51419
          -2.07469
           4.23426
          -5.62325
          -9.23257
          -4.56760
          -2.89871
          -6.74184
          -5.17339
          -9.84074
          -0.97918
          -5.96915
          -0.87861
          -0.97098
         -11.20418
          -1.83284
          -2.32365
           0.12428
          -2.56013
          -4.35219
          -4.33796
          -5.85895
          -3.39774
           1.36478
          -2.03963
          -5.63391
           0.89968
          -1.22714
          -2.67357
           1.70978
          -7.80822
          -3.28027
           0.26008
          -4.93718
          -3.09179
          -6.39846
         -11.08796
           5.27538
          -3.81713
          -0.90314
          -8.64568
           1.91507
           0.02356
          -4.52560
          -6.08514
          -5.66918
           0.22229
          -3.49974
          -2.63353
          -3.38239
          -3.67294
           0.92957
          -2.40567
          -4.60011
          -2.32106
          -4.94260
          -3.03221
          -4.96231
           0.20627
          -5.65524
           0.39371
          -4.46277
          -0.93042
          -3.48082
          -4.46415
         -12.10010
          -5.72066
           2.19238
           1.60633
          -4.93348
           1.98736
          -4.01931
          -6.08184
          -8.65192
           1.31011
           1.26388
           1.18338
           4.81815
          -3.07877
          -6.18161
          -5.46573
          -6.02566
          -4.74762
          -3.36207
          -6.62639
           2.93378
          -0.02927
           3.17096
          -7.90512
               NaN
          -2.71022
          -5.28272
          -3.39494
           4.29499
          -5.42441
           0.79042
          -4.70315
          -4.56172
           0.44380
          -1.22878
          -5.86029
          -2.71152
          -5.54635
          -5.98538
          -6.22227
          -3.91517
          -6.15238
          -2.30329
          -7.38791
          -7.10065
          -1.60105
          -0.63335
          -1.65428
          -7.64256
           2.38470
          -2.39066
           1.10942
          -0.63601
          -0.15917
          -2.31717
          -2.19166
           3.03950
          -6.92866
          -4.42596
          -1.99707
          -1.63128
          -0.77577
          -8.63174
           0.35914
          -6.29181
          -5.46464
          -5.20583
           2.82860
          -6.88182
           1.00594
          -4.93585
          -1.95594
          -3.50117
          -2.94274
          -3.07379
          -9.32132
          -4.25542
          -4.71386
         -11.94560
          -1.88863
          -2.25776
          -9.67820
          -9.05476
          -7.69302
          -0.78685
         -10.00083
           1.79138
           1.36315
           0.43564
          -3.52696
          -1.81698
          -0.45395
          -4.16348
          -2.17062
          -3.97684
         -11.82263
         -11.15747
          -7.10751
          -5.53106
          -1.27400
           4.60947
          -2.75192
          -6.86624
          -6.33600
          -3.32142
          -5.04252
          -4.61821
           2.75216
          -5.09446
          -4.33501
          -4.76600
          -8.95671
          -4.47534
          -4.44089
          -4.83552
           2.38037
           1.31115
           2.77279
           0.88351
          -8.85067
          -3.46324
          -0.78695
           1.51983
          -1.71025
          -2.04423
           0.26816
           2.37254
          -1.00780
          -3.35072
          -3.02751
           1.94888
          -8.12365
          -7.20077
         -10.73345
          -4.17330
          -3.80428
           1.63743
           4.43452
          -4.37169
          -8.12913
          -0.81596
          -6.34695
          -4.67404
           0.54846
          -2.96503
          -1.33906
          -5.01049
          -0.24205
          -4.14842
           0.11198
          -4.51887
          -6.17606
          -0.49580
          -1.93579
          -1.59376
          -2.56925
          -2.12394
          -2.77534
          -5.97590
          -5.13563
          -3.24514
          -3.66167
          -0.06007
           1.05232
          -6.70897
          -5.30548
          -8.49456
          -0.56434
           0.90877
          -8.87251
          -4.36034
           0.01666
          -3.94274
          -5.27372
          -2.71411
          -3.30312
          -3.95845
          -2.38186
          -2.12322
          -2.11246
          -8.51306
          -2.81286
           0.62659
          -3.50112
          -4.08051
          -0.23363
          -1.72548
          -4.62408
          -5.62810
          -3.40982
          -3.38345
          -2.36162
          -2.55508
          -4.58739
           1.80237
           0.65509
          -6.00562
          -0.27351
          -8.93449
          -5.95190
          -7.84413
          -6.90435
         -10.61941
          -4.37050
          -5.74039
          -3.99918
          -1.20569
          -5.37627
          -1.55792
          -3.08883
          -1.70087
          -3.33601
         -10.00365
          -0.58559
           0.89378
          -3.69579
          -3.23365
           1.26358
          -4.50620
          -4.31551
          -5.00980
          -3.75014
          -5.18678
          -8.15612
          -4.61623
          -3.31957
          -2.19425
          -2.70695
          -8.37009
           3.08871
          -5.48646
          -6.97604
          -7.19342
          -9.71755
          -6.30534
          -4.33570
          -5.65122
          -0.85545
          -4.00126
          -3.99909
          -7.86396
         -10.58979
          -2.20814
          -3.23701
          -8.61274
          -1.31151
          -4.38028
          -2.43929
          -5.36554
          -2.66207
          -2.13570
          -2.11318
           2.42785
          -4.90574
           1.84135
          -1.03108
          -6.90714
          -6.34686
          -3.73594
          -8.20907
          -1.90486
          -0.48700
         -11.73003
          -4.12745
          -0.22779
          -7.17863
          -6.98398
          -4.54008
          -8.92063
          -1.59925
          -1.03825
          -1.79412
          -2.65110
          -8.51818
          -2.40363
          -8.93469
          -5.90967
          -3.38039
          -1.53165
          -1.04354
          -2.68265
         -10.62552
          -3.38126
           2.11705
          -3.67339
          -3.70055
          -0.06309
          -8.38273
          -0.30004
          -4.22823
          -9.85275
           0.29566
          -8.61719
          -1.00894
          -3.90172
          -7.05917
          -4.46705
          -1.45204
           3.54663
           0.93206
          -2.50360
           0.28035
           0.60481
          -7.00210
          -7.57140
          -0.06726
           2.54182
          -5.56084
           0.90207
          -1.54625
          -4.58189
          -6.39120
           3.47240
          -6.64073
          -3.31161
           0.93313
           2.27484
          -2.68076
          -4.05333
           1.51076
          -0.69692
           2.44663
           1.85215
           2.75244
          -7.30890
          -3.61883
          -4.64535
          -2.23557
          -4.77782
          -9.02568
          -2.45643
          -3.76006
          -2.96530
          -7.98869
          -7.40150
          -4.17881
          -7.16633
          -0.30178
          -1.61357
          -5.82046
          -5.99247
           0.09696
           2.59456
           2.52986
          -1.34523
          -1.60617
          -0.03670
           1.33763
          -2.39096
          -7.02422
          -0.76281
          -5.51314
          -9.49161
          -1.73548
          -2.70807
               NaN
          -2.76594
          -6.93205
          -9.58425
          -3.08020
          -2.73429
          -1.86199
          -5.71931
          -2.56022
          -1.64732
          -4.35911
          -7.97886
          -4.64783
          -1.66994
          -6.25377
          -2.84591
           1.67278
          -3.16420
          -4.87059
           0.65709
         -11.69046
          -4.69486
          -6.27447
           3.17226
          -3.59205
          -6.63373
          -7.81243
          -0.30673
           0.20184
          -4.88994
          -4.98606
          -6.12649
          -9.67570
          -5.30427
          -5.35742
           3.21243
          -1.94360
          -2.83322
           2.97401
           2.11690
          -2.36654
          -2.24694
           0.65889
          -2.05470
          -0.54133
          -7.88725
          -7.26522
          -2.04956
           2.82819
           0.47075
           0.96381
           0.31400
          -2.78661
          -6.67882
          -6.84777
          -8.06805
          -0.48227
          -2.06674
           1.56659
          -6.81990
          -5.17691
          -3.43065
          -8.48015
          -1.02207
          -7.79942
          -4.87233
           0.35995
          -0.21633
          -0.65900
          -0.33564
           1.67469
          -1.73242
         -10.15828
          -3.84010
           1.70621
          -2.22141
          -2.82024
          -4.05052
          -8.48034
           0.96185
          -2.60029
          -1.96907
         -10.19283
          -0.13644
          -1.00059
          -0.86921
          -3.55672
          -2.49877
          -6.70405
          -3.76479
          -2.85309
          -6.06260
          -1.74424
          -3.98799
          -2.09368
          -4.24838
          -4.69010
          -0.61734
          -3.80454
          -4.44299
          -1.27488
          -0.38404
          -0.29158
          -0.34853
           0.21706
          -5.10708
          -1.03012
          -5.31342
          -7.55887
          -4.63845
          -3.79045
          -2.68770
          -3.47907
          -5.94944
          -3.91678
          -6.35027
          -3.62503
           1.94966
          -5.48775
          -0.95912
          -5.45161
          -0.70511
          -4.43368
          -2.65313
          -2.90450
           1.14526
          -4.76085
           4.50524
          -5.97316
          -3.18775
          -8.09218
          -4.86744
          -5.30074
           0.24327
          -4.65310
          -3.73993
          -2.06036
           1.33899
          -3.61804
          -7.00707
          -6.71310
          -2.10896
           3.76428
          -5.50521
          -3.80150
          -6.82260
          -7.13543
          -7.85108
          -1.82050
          -2.67986
          -5.41436
          -6.21813
          -5.16197
          -2.63433
           1.06423
          -3.56282
         -10.02155
          -1.89066
          -5.66433
          -5.63547
          -0.16194
          -8.75533
          -5.72681
          -9.31805
          -3.39298
          -3.22856
          -1.45863
          -9.07540
           1.66057
           1.73840
          -0.22524
           0.32696
           2.58492
          -2.20926
          -1.82659
          -5.41169
          -4.70220
          -6.52067
          -2.41707
          -5.90866
          -7.77274
           0.62035
          -2.62901
          -3.64548
         -10.85023
          -0.30601
          -4.38615
          -3.32173
          -1.04387
          -2.92936
          -3.99219
          -7.84647
           3.79152
          -1.75322
          -0.94691
          -4.55102
           1.45945
           0.56385
          -0.22814
          -8.64062
          -8.42219
          -1.02171
          -2.45755
          -4.06142
           1.02842
          -7.42014
          -2.96771
           0.68046
          -1.24092
          -4.47508
          -6.48694
           0.51370
           5.09866
          -3.67420
          -3.48196
          -3.75805
          -5.17915
          -6.63100
          -8.70443
          -2.05662
           1.14235
          -2.20268
          -0.56930
          -0.90939
          -6.85518
          -4.63426
          -5.32532
           0.43619
          -3.28763
          -2.50160
          -5.06974
          -5.32643
          -3.77342
          -4.36256
          -2.08200
         -10.22037
           1.22286
          -4.36641
          -5.88018
           2.61327
          -2.75290
         -10.15988
          -5.03468
          -0.03444
           5.89256
          -6.19554
         -10.63114
          -2.05266
          -9.01515
           5.23281
          -7.89062
          -2.36915
           0.15793
          -2.63135
          -6.47012
          -0.42706
          -6.99010
          -5.02930
          -3.76913
           9.61532
          13.15644
          -1.01623
          -6.83143
          -0.61697
          -0.54480
          -3.45946
          -0.41230
          -4.89951
           1.43126
          -5.81539
          -0.28957
          -5.28400
          -8.66674
         -10.39345
         -10.29552
          -2.54610
          -3.46315
          -6.88912
          -6.48790
           0.07586
          -2.25485
          -0.88519
          -9.83766
           0.19227
          -0.62425
           2.58829
          -7.29292
           2.29654
          -3.16854
         -10.09068
          -8.19086
               NaN
           7.01590
          -3.01945
           1.97932
          -7.05209
          -3.47584
          -2.62875
          -5.37643
          -9.44792
          -1.47228
          -2.92657
          -3.73698
          -4.35507
          -1.03429
          -6.57238
           3.38817
          -5.28437
          -6.63484
           3.65936
          -0.17809
           1.47770
           8.85940
          -1.47151
           0.59262
          -1.24139
           1.65216
          -3.45793
          -8.82764
         -10.57713
          -0.29412
          -0.21998
          -4.81214
           1.27215
         -10.00204
          -6.54453
          -1.85948
           1.72803
          -7.16355
          -3.82337
          -8.12342
         -13.58333
           3.78329
          12.06059
           3.28653
          -4.67949
          -9.83904
           3.37013
          -4.33645
          -1.37633
           4.38479
           1.90255
           7.41309
           0.44122
           0.64672
           3.97814
          -6.22072
          -4.94994
           0.49674
          -6.87851
          -7.54087
           5.32215
          -4.54934
          -0.62202
           2.16677
          -6.55589
          -3.04136
          -0.24034
         -10.90799
           8.98018
          -9.20862
           0.19783
          -0.59569
           3.99144
          -3.71259
          -4.83851
          -0.23627
          12.19592
          -6.24338
          -1.15289
          -7.98790
           1.23235
          -6.09363
           2.08629
          -1.40805
           1.14390
          -4.70792
          -1.24625
           7.20436
          -6.47769
           4.22653
           5.21498
           8.28734
          -7.16022
          -6.78493
          -4.62907
          -3.06532
          -0.07422
          -7.99850
          -0.51382
          -5.93936
          -5.27090
           0.95469
          -1.73305
          -0.66107
          -4.35443
         -11.67226
          -4.07551
          -4.18757
           7.27630
          -1.60402
           0.42236
          -7.04926
           3.67235
          -7.87663
          -6.48782
          -9.21190
          -3.41988
          -3.82012
          -6.46001
          -5.44534
           0.98900
           0.59245
          -8.79585
           6.77349
          -0.36249
           1.85897
          -8.27126
               NaN
         -13.35606
           1.47267
          -5.95025
          -3.04241
          -7.17954
          -9.51618
          -8.35373
          -3.95109
           4.86269
          -0.61929
           2.33144
           3.72779
           1.86204
           1.07190
          -2.11766
           4.22870
           8.70461
          -5.80239
         -11.69920
           7.57540
          -2.56884
          -2.00852
          -5.26523
          -3.16499
           0.44058
          -7.02184
          -7.27741
           6.79435
         -14.22131
         -11.47702
          -2.04367
          -3.05572
          -4.14360
          -6.07588
          -0.83954
          -2.62468
           2.71338
          -7.61546
          -5.63015
           2.77642
           1.41189
           1.03149
          -1.52138
          -2.60393
          -2.00607
           0.85854
           8.16819
           1.91730
          -7.11240
          -8.19664
          -8.19703
          -3.23364
          -3.28687
           9.69716
          -2.56394
          -2.12156
          -2.53179
           4.74664
           9.92701
          -5.89144
           2.53583
           3.42345
          -6.09088
           1.92034
          -0.24128
          -5.05286
          -5.84505
           3.94615
               NaN
          -7.44961
          -5.29874
          -3.15413
         -10.73958
          -2.63165
           0.53229
          -0.35138
          -9.99782
          -2.24996
          -9.27805
           1.28694
          -3.96728
           1.06818
           2.93603
          -4.57488
           0.89678
          -7.94430
           7.10480
           0.24623
          -7.14988
           3.24536
         -13.53648
           0.20735
          -5.41759
          -6.33843
          -6.52391
          -5.75496
          -1.67001
          -8.52866
           5.80130
           0.69724
           2.74519
         -11.16170
           0.90476
          -3.44795
          -1.64455
          10.63880
          -8.43212
          -8.70713
          -2.46882
          -4.62575
          -6.73673
          -2.71949
          -4.79870
          -4.18576
          -5.70734
         -12.58284
          -6.78224
           6.96580
          -9.28692
          -4.68621
           1.90660
          -6.97354
         -10.11984
           3.78628
          -4.19354
          -7.28736
           9.49268
           4.72938
          10.49945
          -5.65138
           4.91758
         -12.48552
          -3.22676
         -10.54087
           7.84511
          -9.77930
          -4.56962
         -11.33647
          -2.78718
          -2.36161
         -11.34795
           6.47600
          -2.07939
           5.87774
           0.36495
          11.45823
          -4.62883
          -7.02546
          -2.17891
           2.01875
           4.55234
          -9.80710
         -12.09987
          -2.78585
           6.94716
          -7.37703
           2.86402
          -3.79777
           4.90756
          11.69914
           4.72863
          -7.27193
           2.99544
          -5.73874
           1.75599
           4.22296
          -2.82405
           0.47505
          -8.09113
          -6.86102
         -10.06649
          -3.91020
         -11.67118
           4.58240
          -3.37088
          -3.82180
          -5.89575
          -6.39409
          -8.42900
          -6.16769
          -2.29668
          -4.55101
          12.08404
          -1.61847
          -3.25554
           2.47330
               NaN
          -2.93544
           8.32211
          -7.11915
          -8.32773
           9.85824
          -7.60190
          -8.67522
          -7.37532
          -8.32270
          -4.84737
           0.98176
          -4.83222
          -7.79766
          -0.18487
           2.76528
          -7.29029
           1.70715
          -1.10029
          -3.02336
          -6.98813
          -4.35464
           3.43966
          -8.51869
           2.60958
          -0.34291
           0.46012
           7.49534
           1.98234
          -7.49213
          -1.17321
          -5.05392
          -4.64268
           6.75219
          -7.05712
          -2.52923
          -0.27889
           2.63352
           3.22927
           2.05604
          -1.56241
         -11.31450
          11.19902
          -6.61886
          -9.34754
         -10.26317
          -3.97756
         -12.31786
           2.01951
          -7.56673
          -6.45368
          -7.90458
          -5.00500
          -2.85040
           1.21072
          -1.64281
          -1.82554
          -2.00899
          -2.05785
          -6.26531
           7.33759
           4.96634
           3.39946
          -7.23954
           1.95094
          -5.71752
          -3.18443
          -7.23311
          -1.03343
          -3.02151
          -2.29243
           6.12426
          -1.85247
          -2.09511
          -2.11579
          -5.94778
           2.24840
          -2.81786
          -4.45194
           2.97250
           4.72615
          -7.62726
           1.66205
          -1.12093
           7.09087
           0.12044
           4.68398
         -11.61253
          -4.67790
           5.36290
           3.05116
          -1.17951
          -8.11702
          -8.27094
          -7.93700
          -2.48356
           0.62756
           1.82462
          -2.99818
           4.51933
          10.52085
           8.36732
           0.73244
          -6.40866
           9.38623
           3.68455
         -10.78759
          -3.56292
          -2.61516
           6.04432
           3.06832
           3.63140
          -8.24430
           2.54542
          -9.41065
          -2.90207
           9.71800
          -5.41155
           6.51622
           7.62893
          -3.48239
           2.50832
          -8.86195
           2.06922
          -8.96535
               NaN
               NaN
           0.35641
           0.14444
           6.14701
          -3.48167
          -7.63247
         -14.08968
          -9.34962
          -7.85549
          -0.49505
           0.48742
          -0.12664
          -4.84362
          -6.03763
          -3.14517
          -0.19995
           1.67086
          -6.45763
          -5.14195
           2.51800
           2.62198
           1.57661
          -0.84000
          -5.22593
           5.58987
           1.31442
          -5.71449
          -8.86470
          -3.03061
          -4.79483
          -6.70644
          -2.25803
          -5.97918
          -7.09062
          -6.50822
          -4.70449
          -0.54525
          -0.57097
          11.27925
           4.99276
          -0.12925
          -6.90073
          -5.04123
          -7.66815
          -7.72635
           2.15991
          -6.05998
          11.92207
          -7.34777
          -9.63246
           4.67869
          -3.33344
          -0.08156
          -4.75389
           1.95343
          -5.71687
          -3.95760
          -2.05351
          -5.42655
         -14.08578
           2.78247
          -7.53895
           2.42006
          -1.38151
           4.35241
           2.80027
          -0.75441
          -3.26904
           6.25498
          -1.22905
           7.10304
          -0.58383
           5.60927
          -2.88411
          -5.74177
           1.34454
          -4.88605
          -2.34211
         -13.92118
          -6.44659
           1.28719
          -7.91179
           5.04512
          -2.99807
          -7.09939
          -2.70077
           2.14332
           0.87262
          -5.83777
          -4.18412
          -2.75715
           1.44988
          -5.89722
          -0.42670
           9.58801
           8.04665
          -7.36984
          -6.21590
          -5.58048
          -1.76661
          -0.37562
         -13.81546
          -0.31759
          -8.71843
          -2.87096
          -7.81477
           0.65587
          -3.53748
           2.51831
           5.04334
           5.09822
          -9.93844
         -10.62099
          -2.77644
           4.78071
          -1.12187
          12.02757
          -8.22090
           3.95598
          -1.68542
          -2.82191
          -2.00748
          -9.78669
          -0.50713
           5.52260
          -0.91649
          -7.80708
           0.01837
          -3.96142
          -6.96417
          -2.98896
           1.65066
          -1.06717
          -3.03852
          -8.11345
           3.91218
          -3.83717
          -4.21824
           1.52903
          -7.43546
          -7.37462
          -5.11492
          -0.54609
           2.00900
          -2.79974
           1.79134
           5.66769
          -6.81192
          -4.52093
         -10.99689
          -5.64522
          -9.12421
          -3.80233
          -6.68533
          -5.95791
           1.21924
          -7.11901
           1.64191
          -8.09743
          -5.42474
          -5.01899
          -5.06876
               NaN
         -13.38231
          -5.03968
           7.06514
          -5.59066
           3.07637
          -9.72341
          -0.84960
          -1.80396
          -1.25411
          -8.11241
          -1.26003
          -2.53970
           3.61426
           2.43231
          -4.59929
          -6.07379
         -14.80316
          -0.14726
          -3.19790
          -5.86266
          -2.73647
           1.65677
          -1.85412
          -8.86306
          -5.35243
          -7.68457
          -4.44293
           6.39908
          -5.02919
           8.53842
          -0.66703
          -9.39311
           2.19259
          -0.35771
          -2.74681
          -1.74120
          -2.26114
          -3.08766
          -4.71676
          -2.02335
         -10.27777
           1.60305
          -6.32007
           0.30050
         -11.56388
          -5.99941
          -4.20190
         -10.45891
          -9.07149
          -3.41235
          -5.88683
          -0.46347
          -1.65030
           1.89184
           0.84914
           7.11613
          -6.35193
          -1.96473
           5.80143
           4.65417
          -6.67762
          -2.27789
          -2.91630
          -1.21247
           9.56140
          -4.25548
          -4.12308
          -0.74893
          -6.55238
           9.82280
           0.95358
          -5.80696
          -7.71174
          -7.80357
           0.57878
           9.57661
          -3.66276
          -7.73746
           3.13604
          -6.29346
          -6.58082
          -1.99373
           1.29003
          -9.52472
          -3.64779
          -6.65494
           3.45520
          -9.85416
          -7.60333
           2.80088
          -3.18061
           5.78884
          -6.71162
           2.80010
           0.04188
          -4.98301
          -4.42212
          -9.15136
           4.36624
          -6.16451
          -5.29546
           7.46444
          -1.48583
          -7.32355
          -8.39363
           7.36362
           7.89184
          -1.78016
         -10.97311
           4.56416
          -0.55428
          -4.86715
          -5.26594
          -7.19942
               NaN
          -1.57541
          -7.17126
           3.44326
          -8.56811
           3.35565
          -5.09776
           5.14037
           3.52593
          -4.34865
           0.61911
           1.11785
          -1.63451
          -0.59481
           3.15881
          -5.78037
          -1.43519
           4.37058
         -10.21655
          -9.14157
          -9.90374
         -12.22025
          -8.64200
          12.59590
          12.54340
          -7.99269
           1.22239
           1.59011
          -4.17567
           5.24406
           1.03015
          -3.28704
          -3.38537
         -10.97956
          -5.16088
          -3.17169
           1.72197
           0.94504
          -9.36851
          -5.11827
          -0.19666
          -3.66287
          -1.17934
          -6.08278
         -10.22107
          -1.00268
         -14.17810
           0.79310
          -4.57029
           0.33185
          -9.95862
          -4.93950
          -2.43279
          10.27924
          -0.54398
          -4.53412
           1.05454
           7.89173
          -3.51082
          -5.67795
           0.43223
          -3.55703
          -0.10711
           0.15726
          11.53483
           1.69555
          -2.68917
          -3.63164
           3.99682
           0.93572
          -2.76954
          -2.20992
          -1.31045
           1.92567
               NaN
           4.08337
          -4.16609
          -0.54023
          -1.47516
          -8.58324
           6.16034
          -6.35757
          -6.57595
           4.77950
          -4.09020
           3.06600
          -3.42599
           0.29116
           1.87696
           1.97623
           1.80240
          -4.79167
          -2.09591
           1.16246
          -0.15913
          -5.60254
          -5.87025
          -1.96289
           7.19813
           1.95284
           1.57844
          -1.09585
          -1.86078
           0.86742
          -0.51630
          -9.99150
           7.02865
         -10.12183
          -5.87736
          -7.46938
          -7.49531
          -7.14180
          -6.84019
          -4.88612
           4.46070
          -9.69903
           2.10245
           1.10157
         -12.06585
          -4.21574
          -8.19713
          -0.86625
           9.09837
          -9.03047
          -4.89461
           9.50086
          -6.91775
          -6.76516
          11.80537
          -1.53142
          -2.05500
         -10.34740
           2.03755
          -3.11695
          -3.59863
          -7.86908
          -1.67201
           2.24203
          -1.83519
               NaN
          -8.03897
           9.03557
          -2.49402
         -10.41074
         -10.68652
          -4.95587
          -9.39850
           3.30874
               NaN
          -2.42220
           0.04686
          -1.33499
          -6.72447
           9.43979
           0.11828
           6.90380
          -1.38360
          -0.74020
           0.95381
           3.85380
          -4.11673
          -6.71436
          -5.79820
           6.26903
           0.57224
          -3.30971
          -3.74306
          -4.02106
          -5.59264
          -1.25964
          -8.97902
          -2.13597
          11.87321
           1.10792
           4.74918
          -4.60905
         -11.08854
           1.12019
           9.01978
          -7.09814
          -9.05829
         -11.33128
          -6.22533
           2.70311
          -2.59230
          -9.01743
         -12.31915
          -3.45643
          -3.18321
          -1.16095
          -0.94961
          -4.94195
          -7.78943
          -2.29091
           5.37039
          -0.09467
          -8.39350
          -0.64083
          -7.68169
          -0.87774
          -5.24425
          -4.07440
          -2.93311
          -3.18671
          -2.33733
          -9.88664
         -10.05693
         -10.93531
          10.07404
          -5.07123
           3.63663
         -11.70320
          -5.44824
          -7.54882
          -6.84769
          -9.07422
           1.96444
           4.29579
          -5.53839
          -4.38983
          -1.12451
          -8.76557
          -6.29016
           1.47602
