         103.05877
          37.69246
           7.34872
          16.34291
         123.63204
         101.48226
         101.39927
          47.69803
          35.81243
           5.78159
          68.02365
          14.44601
          73.79711
          69.05072
          40.71287
          78.25246
          44.37998
          -0.31588
          85.08056
           6.20936
          77.90176
          32.38654
         120.60598
           5.31339
          63.56304
          12.25766
          12.26912
          -0.58896
          60.13486
          44.50216
          12.59260
           8.59437
         114.69867
         -12.50146
          67.37002
          52.98492
          -8.80797
          -7.07109
          41.24868
         -48.63669
          18.03721
          -6.31633
          68.47238
          58.84063
          76.97378
          36.67999
         -15.01090
          70.61354
          28.70673
          20.44991
          62.65747
          30.20357
           7.40184
         105.53199
          76.24106
          67.11422
         -51.28037
          -8.37593
         122.64332
          41.76161
         103.77930
          11.75643
         114.21961
          30.89792
          73.99416
         -23.36270
          26.30077
          -4.42545
          13.01972
          26.40010
          92.64532
         -42.44544
         -27.73140
          54.12723
          -9.91313
          -5.40885
           5.04888
          41.74376
          22.73324
         -21.33493
          28.56815
          36.62746
          81.22392
          25.93465
          84.17374
          53.92961
          23.14883
          15.12805
          98.27526
          81.76421
           7.67918
          53.15647
         110.77131
          39.51426
         -17.61681
          75.19644
          68.46020
          29.58802
         105.60358
         -13.68054
         104.75029
          20.09233
         138.12440
          18.58863
          68.10035
          63.90762
          75.72523
          14.15719
         -25.18045
          11.48959
           1.97823
          -1.43853
          49.60968
          43.16433
         109.09146
          34.50659
          -9.48168
          90.54783
          -7.76311
          62.71339
          40.57547
          29.52557
          56.68273
          95.37677
           7.54612
          -5.13264
          14.98367
         120.97853
          59.51330
          35.72894
         101.20286
          54.76365
         -19.76359
          53.13100
          95.18642
          82.24775
          70.35124
          32.49717
         -38.31574
          -6.07281
          48.54812
         -20.31952
          56.36436
          17.40327
          54.79959
          61.79531
          48.79025
          31.65773
         102.32028
          18.39057
          43.49681
         -29.80868
          62.43070
          16.40044
          30.74903
          37.37515
          79.61599
          98.36798
           0.45109
          27.37846
         -32.31512
         -10.97148
          -4.79325
         -13.68844
          69.95471
          88.56682
          57.69176
          62.13125
               NaN
         -21.11815
          78.00231
           2.61859
          86.69007
          81.45620
           4.50393
          40.12183
          49.78197
          34.12076
          52.34737
         -13.79441
           4.97095
          61.10820
         -12.68711
         -19.17444
          13.81092
          68.73185
          12.52139
         -35.84372
           9.29984
          41.85961
          -8.83294
          20.25265
          61.14545
          47.25352
          -4.04094
          72.38797
          12.48788
         121.22869
           4.54768
           4.49657
          48.20491
          37.00575
         -12.97141
          36.12121
          21.21641
          19.00943
          63.23523
         116.25275
          67.25545
         112.03424
          11.17020
          80.55464
          24.25779
          12.87924
          61.35776
          35.02033
          40.81135
          13.64290
          43.07279
          34.67907
          52.93346
          87.74065
          61.16063
          97.91442
          59.30674
          45.53666
          54.40806
          97.81185
         125.00875
          75.87682
          56.17364
          56.43117
          52.85526
          38.22378
          24.11704
          35.34554
          60.56187
          26.73666
          -5.37871
         -13.65598
          13.27057
           6.38611
           1.38110
          18.87442
          21.29644
          10.26651
         -25.05515
          65.23134
          19.69276
         -18.87769
           4.36659
          76.95546
          11.82440
         -39.78551
          11.84392
          49.44682
          54.70680
         153.01280
          62.00064
          43.09948
          36.68620
          33.33372
          64.98851
          53.73756
          46.91128
          53.01916
          68.57344
          17.10451
          93.10607
          27.76062
          41.13666
          86.69615
          39.81006
          97.53567
          28.78234
          66.16238
         156.79668
         125.43122
          38.32228
               NaN
          43.93112
          41.33932
         -12.71750
          33.12677
          87.02215
          31.47114
          78.38629
         -24.70649
          59.93684
          23.94746
          12.94383
          36.50453
          51.52560
          -3.11386
          84.83252
          13.20700
          -0.83323
         -50.58164
          39.87563
          41.19230
          22.88893
         133.49965
         -13.32339
           8.22472
          42.22569
          14.08858
           9.95843
         -31.60411
         -18.39114
         111.47614
          29.91599
          35.07153
          -3.04542
         -14.69937
          34.08582
         -21.20244
          24.70576
          32.95216
         107.79456
         -32.32998
          54.67717
          33.87020
          61.24524
         131.13084
          43.30874
          83.06162
           6.08895
          -3.43179
          13.62892
          30.85831
         -20.13291
         137.22607
          19.26241
          77.95918
          39.88189
          76.92738
          12.18488
          22.29435
           8.60287
          60.14234
          73.66389
          35.44766
           1.25511
          50.07667
          43.89658
          22.87891
          17.99858
           6.02843
          59.64076
          -2.36890
         -20.04231
          42.44413
           2.90121
          49.38510
         -11.61435
         -43.90512
         -29.53179
          49.36286
          45.61711
          19.54438
         -37.89433
          52.00359
          37.83879
          81.01579
          19.24949
         104.84407
          20.46169
          47.97939
          54.33628
          -0.93862
          80.79010
          75.75897
          42.87415
          -6.02480
          18.22529
         108.08354
         116.99160
          62.65086
          30.47174
          -6.30970
          37.92500
         -48.56718
          90.15995
          41.77359
         -55.53782
           4.34115
          56.26085
          -8.44177
         -60.37567
          46.28412
          73.50298
          -6.09276
          72.45345
         116.45472
          69.84454
          51.53174
         -11.58342
          22.57471
          79.30746
          45.66168
               NaN
          48.82957
          55.34351
          43.37473
         -34.18395
          69.06767
          38.04501
          22.56770
          38.44364
          16.75979
         -21.60691
         -21.95295
          67.33325
               NaN
          -9.07256
          -0.20294
          29.27776
          12.49204
          66.16514
          19.70886
         157.14338
          72.54204
          38.30882
         -28.83178
          17.99556
          63.98220
         -10.99416
          38.60156
          73.68120
          59.98753
           4.68170
         124.37106
          31.30062
          40.44718
          70.33947
          45.97753
           6.24150
          83.17175
          11.16376
          60.70899
           3.43978
           5.23658
         129.05885
          40.55950
          44.36077
          64.49262
          34.59743
          81.92834
          -0.29267
          87.86304
          54.12520
          67.11881
          41.95354
          51.52116
          -7.37924
          58.91063
          72.53599
         -29.64054
          17.38475
          49.86077
          -8.06542
          -4.98716
          39.36245
          18.62777
         -23.15467
          12.85459
         -27.03337
          -8.50764
          -8.27042
          13.35456
          48.21089
         115.33275
          14.57987
          99.79007
          79.56190
           2.20180
          38.75916
          54.89565
          61.47448
         -37.12952
           7.75130
          34.90265
          98.22019
          73.88242
          96.15780
          65.58531
          66.14409
           5.39100
          10.34165
          42.96248
          31.64605
         138.16290
          89.91155
          16.59988
         107.97320
          50.59307
         129.27610
          92.11769
         -49.71532
          65.45023
          14.53731
         -14.22959
          -7.57893
         -36.49243
         112.07420
          64.82995
          11.22941
          47.23394
          47.14887
         114.81937
          26.22148
          16.53059
          43.85819
           0.42396
          61.40696
          47.43653
          33.72586
          48.21980
          41.32556
          31.25081
          16.93302
          16.01862
          46.93248
          81.43297
         117.91868
          26.85726
               NaN
          67.29542
          50.72921
          -4.73667
           4.14160
          33.81478
          52.55656
          54.13490
          29.42032
          35.43372
          45.24955
          29.90334
          35.83671
          -3.65133
          47.30735
          62.73517
          79.34568
          27.48768
          70.55482
          -8.52842
         -31.48790
          42.26369
          56.48765
          40.61385
          61.14832
         -19.22244
         -23.58462
          20.47490
         137.47865
          97.84836
          70.27647
         153.59864
          20.28462
          13.61397
          41.91132
          34.47638
          31.69235
          59.23896
          12.09105
          -1.55592
          28.97909
          25.76283
          24.95428
          12.64617
          30.86853
         -58.36044
          11.14173
               NaN
          36.59597
          -5.36378
          15.91564
          95.97017
          45.53575
         139.17355
          -3.53668
          23.06318
          51.18288
         -18.77495
          30.51259
          19.22630
         -25.32645
           7.26015
          96.45798
         -19.76248
          -1.51623
          87.45501
          74.63398
         -35.11412
          -5.13187
          70.89017
          86.47601
          24.47130
          -4.84730
          71.13174
          21.70198
               NaN
         -10.26094
          13.32713
           0.48630
          82.76340
         -51.33469
          41.85630
          95.33667
          80.92395
          99.09295
          31.53152
          32.56775
          17.81061
         106.64941
          36.00854
          -2.93826
           7.17634
          37.60506
         -22.42389
          35.31146
          13.06436
           1.22213
          66.14783
         112.02351
          24.27035
          84.43893
          53.15922
          52.84713
          23.01535
           5.84056
          51.18622
           9.24694
          35.76163
         125.83029
          40.09086
          37.56004
          48.64340
          93.39368
         106.32424
          52.35185
          63.07664
          27.57027
          19.51082
           7.60688
         151.70249
         140.70074
           8.98820
          66.73327
          -8.84274
          82.26802
          64.45049
          76.53966
          25.94431
          72.90334
          82.09573
          65.92080
          42.91897
           4.69123
          63.87527
          29.97377
          31.99614
         -45.23874
          62.38745
          44.71400
         102.87640
          44.70653
          46.98528
         112.35031
          92.95142
           2.39381
          79.79249
          67.57048
          78.34739
         -33.39978
          13.60442
         -45.17750
          21.10368
         -29.80483
           3.32509
          90.40590
         116.59208
          37.35220
          18.41786
         114.79472
           3.27936
               NaN
          -8.30762
          60.75146
         118.93315
          62.22176
         -42.86080
          67.58660
         126.04120
          15.17648
          56.36941
          85.18926
         -15.26708
          58.95047
          47.81630
          63.56102
          71.85222
          74.93143
          57.27996
          20.47211
         108.42020
         136.42130
         154.46224
         125.99673
         -12.15123
         138.16885
          49.32898
          36.15619
          51.20447
          43.70773
          59.24507
          28.82193
          60.91985
          48.33614
          46.92702
          10.59555
          36.77543
         -18.78221
           2.58822
          12.73104
          58.87104
         136.82282
          96.89667
          83.89235
         105.80946
         -11.33793
         -19.18257
         110.12857
          44.73002
          70.16538
          69.33638
          81.34993
          95.80370
         -21.45752
          63.08268
          82.99051
         114.71189
          58.46171
         -39.78920
          75.47726
           3.86325
          81.69231
         118.44877
         107.32620
           9.67912
          72.90483
          49.30634
          18.39240
          39.79449
         -21.85348
          43.20197
          21.55363
          68.82868
           9.29651
          -1.31159
         144.03394
          61.52096
          66.14704
          -3.31322
               NaN
          60.84449
          -0.83228
          68.85371
          38.11568
          49.00710
          92.29944
          21.75986
          56.42781
         -48.96878
          88.60425
          81.57165
          28.81738
          38.53167
          87.55651
         135.13025
         -10.44947
          36.83521
         129.95248
          44.92308
          73.13150
          32.67094
          32.84130
          51.98409
          44.78315
         113.87855
          84.55879
          24.14747
         137.68008
          71.54175
          -1.29902
          63.37013
          19.80134
          41.72003
          62.67009
          60.59050
          95.20144
          91.96734
           0.87162
          -9.16869
          43.03621
         -27.01573
          44.66081
         112.19580
          16.63695
          -9.40398
          19.74834
         111.91010
         -23.13178
          43.47795
          20.57405
          65.98662
          11.94633
          52.24997
          26.59531
         110.87034
          73.30387
          40.23921
          47.68078
          21.64832
          29.83885
         106.19497
         108.72571
          49.53279
         109.85224
          54.63698
           3.29531
          52.90765
          47.85209
          43.87917
          23.36285
          51.14373
          13.14926
         -12.96680
          16.70825
           1.25693
          49.11423
         134.34843
          96.20214
         101.75962
          30.59122
          59.96231
          27.70176
           5.66470
          29.15049
          98.90770
          99.51652
         153.72710
          51.92052
          77.09223
          66.26167
         125.12694
         -27.39441
          48.85145
         147.39091
               NaN
           5.77571
          71.00099
          32.27884
          49.60796
          78.29561
          76.95277
          64.14763
          -2.27693
          59.94359
          26.27141
          32.23440
          -7.68113
          11.98250
          12.54981
          50.02819
          89.94302
          62.11730
          16.49465
          60.34819
          65.59270
          14.13731
         -27.94872
          60.45475
          72.16204
          85.70334
          88.01094
          64.03937
         114.72639
         -21.28924
           7.27992
          33.83805
          32.31355
         -40.40147
         -32.22336
          97.70294
           9.38832
               NaN
           0.82943
          21.29553
         105.76199
          -9.52960
          31.70988
          -7.79843
           6.55285
          40.18764
          42.31559
          21.77348
          29.97102
           8.51222
          88.70493
          96.72977
          97.49168
          70.98746
          95.22947
          42.97263
          11.75857
          30.62817
          31.63554
         122.10096
          41.33199
          50.85353
          43.57132
          21.93245
          39.97672
          56.18741
          30.47781
          63.17564
          49.70603
          83.79337
          55.99881
          40.93959
          13.77895
         -36.04956
         109.13394
         114.85590
         127.60034
          73.50668
          91.97688
          71.15836
          45.14160
           6.07174
          11.57004
          80.72105
         138.42816
          95.61285
          -2.23218
          46.29381
          41.46250
          17.01539
          80.85432
         112.55928
          50.02235
          18.88367
         106.15276
          36.98631
          34.71274
          94.44236
         -11.96308
          94.09818
          58.40196
          56.94960
           1.55541
          75.12234
          64.98109
          54.02855
          45.75511
         103.29082
          86.65716
          41.43714
          73.68702
           1.11434
          50.88173
          81.94840
          19.09673
          10.14844
          41.26464
         120.29571
          11.51169
         158.18383
          82.01916
          76.81833
          60.20194
          25.71807
          15.43749
         -19.04062
          48.63573
          26.75193
          85.34546
          71.53191
          76.43731
           9.24264
          67.06801
          59.50222
          27.91978
          19.87903
          32.97821
          80.16685
         -18.27938
           1.34492
          85.95767
           0.09482
          -6.91525
          -2.17410
           3.13686
          -7.43197
          -5.94055
           1.92221
          -2.35034
          -3.88729
          -4.87229
          -4.93518
          -2.57350
          -4.39828
          -9.73873
          -6.35798
           2.21112
          -2.37743
          -7.02234
          -8.02974
          -5.73731
          -5.01401
          -7.46071
           1.54650
           0.89019
          -2.07361
           5.24321
          -8.22954
          -8.70082
           2.19870
           0.00095
          -2.81131
          -6.67314
          -1.50618
          -0.13172
          -5.61838
           0.83432
          -1.62517
           4.45339
          -8.44717
          -8.55272
          -4.54568
          -1.03878
          -6.74461
           5.94649
          -4.60619
          -2.46962
          -5.09768
           2.31042
          -3.85618
          -2.74222
          -8.32097
          -5.66585
          -2.10608
          -1.90782
          -0.70406
          -0.50769
          -3.75720
           3.73789
           1.08207
          -5.30636
          -6.58973
           1.98017
          -2.10771
          -5.99519
          -1.85458
          -4.90037
          -3.88460
          -7.06702
          -5.67678
          -2.60603
               NaN
          -5.31407
          -0.51095
          -5.17747
          -3.27502
          -9.41579
          -3.70080
          -2.51438
          -3.42772
          -6.54863
          -3.39633
           0.48923
          -3.79261
          -1.28724
           1.01880
          -3.61274
         -10.42291
          -6.12548
         -10.15212
           2.05607
               NaN
          -8.63510
          -2.94883
          -1.06666
          -9.77686
          -4.59539
          -4.04744
          -5.48053
          -1.65135
          -8.30883
          -0.63767
          -4.04793
           0.78325
           0.60891
          -1.31443
           2.48697
          -2.58917
          -1.33011
          -3.76207
         -12.97049
          -7.70155
          -7.88877
          -1.37274
          -5.39303
           1.09646
          -8.59228
          -5.57914
         -11.88016
           0.77663
          -9.48920
          -4.03235
          -1.60169
          -5.82044
               NaN
          -5.91609
          -4.42224
          -2.15240
               NaN
           5.93155
          -3.45125
          -0.21494
           0.53109
          -2.34102
          -6.47559
          -1.29883
          -9.31237
          -4.19605
          -3.25934
           0.34903
          -3.79887
          -2.88822
           4.76197
          -0.67166
         -11.28996
           1.27577
          -4.49846
          -8.85264
          -6.51542
          -3.43242
          -9.80044
          -1.92781
          -4.73403
          -2.49213
          -5.73310
          -3.10088
          -5.33555
          -4.99685
          -5.61190
          -1.97500
          -0.42692
          -3.68530
          -7.53313
          -2.53255
          -2.00972
          -6.06436
          -1.93470
           1.57104
          -2.25607
               NaN
          -5.09219
           1.28253
          -2.98511
          -0.83262
          -2.38371
          -9.34989
          -5.15804
          -6.79834
          -1.73311
          -3.98388
          -3.26431
         -10.31686
           5.98068
          -5.13345
          -4.06185
         -11.41828
               NaN
          -7.46603
          -5.46915
          -0.30901
           2.55691
          -4.90241
           1.97917
          -1.34727
          -4.14540
          -2.74085
          -6.71861
          -4.77973
          -5.29491
          -0.88538
          -8.03187
          -1.93816
          -6.56276
               NaN
          -2.21890
          -1.20252
          -5.06301
          -4.33690
               NaN
           0.17386
          -4.15898
          -6.92904
           1.42921
         -11.34017
          -7.29944
          -3.56588
           3.62786
          -2.60544
          -6.23440
           1.71145
          -5.33610
          -4.56737
           6.17175
          -5.88416
          -1.07685
          -6.99031
          -6.35264
           1.38755
           3.99374
           4.41177
          -2.62038
           1.49358
          -3.58398
          -0.78317
          -2.72232
          -5.68487
          -1.36397
           5.29148
          -6.55645
          -3.35292
          -4.97155
          -5.85451
          -5.80658
          -2.55609
          -5.29816
          -4.20604
          -6.28386
           1.43687
           1.78803
          -6.85089
          -5.27243
          -8.33815
          -1.67866
          -0.08789
          -4.16424
          -3.48674
          -4.38061
          -4.37396
          -3.14664
          -6.21430
           3.10234
          -8.34624
          -7.55791
          -4.09276
          -1.69312
           2.45804
          -4.55975
           2.32180
          -6.51927
          -4.39425
          -8.17233
         -10.53634
          -3.23919
          -4.94728
          -5.03579
          -2.99232
          -6.92099
           1.35781
          -3.37584
          -5.79224
          -4.95360
          -4.88745
          -5.63819
          -6.28762
           1.74941
          -4.70030
          -5.27548
          -9.67628
          -7.08196
          -5.52580
          -5.10057
          -6.34309
          -9.50883
          -0.34736
          -3.88218
           0.15022
          -1.90841
           1.67920
          -3.65700
          -9.86422
          -8.95302
          -8.88520
           1.56145
          -3.59988
           4.95033
          -0.36115
          -3.58847
          -2.00088
          -2.64746
         -10.63742
          -0.72916
               NaN
          -3.69043
          -3.74670
          -4.86609
           2.71316
          -6.61160
          -4.83028
          -5.82551
          -2.29468
          -6.58761
          -9.21557
               NaN
           1.96601
           3.53056
          -1.10781
           5.55721
          -2.28103
          -7.16479
          -2.01149
          -1.43907
          -4.69486
           0.43424
          -8.87378
           0.85300
          -7.93809
          -2.68159
          -2.88809
          -4.16413
          -7.94881
          -0.44955
         -11.57019
           0.69085
           1.23989
          -4.03326
          -5.80692
          -5.18984
          -5.80979
          -6.87154
          -5.66350
          -5.08752
          -1.99947
           2.52193
          -3.06200
          -4.00000
          -0.73667
          -2.33792
          -6.19416
           0.97023
           0.41411
          -6.30911
          -1.38627
          -3.18935
          -1.66133
           6.59708
           0.15260
          -2.11752
          -8.82329
          -5.83030
          -2.84770
          -1.31902
          -5.32399
          -2.78192
           6.70201
          -2.39068
          -2.08556
          -4.96100
           1.38683
           0.41358
          -4.83800
          -4.46313
          -4.55067
          -3.64217
           2.81580
           4.60963
           2.53882
          -2.85672
           2.22903
          -0.08733
          -5.62060
          -3.10805
           1.02282
           5.05898
           0.43476
          -4.53765
          -8.72082
          -4.54053
          -5.44561
          -4.10609
          -4.29336
          -1.94607
           4.74001
           0.41281
          -5.84438
          -8.87873
          -5.03928
          -7.13182
               NaN
          -4.28476
          -5.57597
           4.70312
           2.72681
          -5.33054
          -2.73407
          -2.42492
          -2.12157
         -10.34866
          -2.88548
          -8.51689
          -6.84876
           1.27861
          -4.21240
          -0.84194
          -7.05097
          -8.78113
           0.36912
          -2.81153
          -6.38029
          -3.25610
          -6.85706
           1.72304
          -8.76266
          -1.82414
          -6.63037
          -1.88654
           0.85707
          -7.50462
          -4.54587
          -6.92503
          -3.50880
          -7.25636
          -3.92554
          -7.78601
          -1.63070
           2.09753
          -7.79395
          -2.86793
          -4.72598
           6.70227
          -3.86749
          -8.47159
          -1.31465
          -5.10342
          -4.07650
          -4.16657
           1.39061
           0.79962
          -0.20388
          -4.80178
          -1.67207
           5.06515
          -0.31329
          -1.10554
          -5.31862
          -6.44067
          -6.89686
          -6.35880
          -5.23492
          -3.56304
          -2.64542
          -1.46914
          -4.14762
          -0.42806
          -4.27190
           2.41974
           1.16965
          -7.89903
          -5.80994
           1.01069
           6.19646
           4.93053
           1.42320
          -5.25554
          -1.81003
         -12.83125
          -4.93079
          -1.15031
          -0.20732
          -5.07297
          -7.59720
          -1.02277
           0.03217
          -0.61560
          -0.47005
         -10.25574
           2.13971
          -0.86193
           5.13871
          -4.05080
          -4.58633
          -3.99985
          -5.68810
          -1.60664
         -12.16545
          -5.07878
          -0.47319
          -7.69593
         -11.27725
           2.04070
          -0.75861
          -7.50901
          -9.83249
          -5.06773
          -2.98754
          -0.12102
          -4.43679
          -8.22482
          -6.47082
           0.68512
          -6.34859
               NaN
          -6.21860
          -0.33942
          -1.95821
          -6.30346
          -0.97319
          -5.22388
          -4.84451
           2.63333
         -10.99282
          -6.59509
          -5.04284
           0.17602
          -0.81246
          -0.42120
           0.57998
          -5.52292
          -7.81985
          -1.50364
          -6.04521
          -6.21953
           0.76099
          -5.84393
          -7.08535
           0.35199
          -2.13954
          -7.12129
          -4.66957
          -6.28249
          -5.09074
          -2.07048
          -7.03115
          -9.94167
           0.63735
          -7.89777
          -2.99655
               NaN
          -9.21958
          -5.88867
          -2.71306
          -8.15785
           0.41708
          -7.18254
           0.92857
          -2.36687
          -3.75721
           0.25783
          -2.91367
          -3.98940
          -0.04686
          -2.75753
          -4.68872
           1.39413
          -8.17633
           5.55893
          -6.56485
           0.64391
          -1.04956
          -5.62270
          -3.94093
          -4.13768
          -0.97058
          -7.96392
          -4.89886
          -3.90742
          -4.38875
          -8.75925
          -2.98253
          -4.82459
           0.50398
          -9.51098
          -9.29382
           1.45766
           1.89613
          -0.44760
          -4.73102
          -7.07681
          -1.10994
          -9.57387
          -4.64784
          -3.91911
          -5.05005
          -1.10616
          -7.69878
           0.65055
          -6.66178
          -3.00178
          -5.18167
          -2.24886
          -1.54441
          -7.70953
          -2.11356
          -4.64546
           0.21228
          -2.72664
          -5.55648
          -0.45974
          -8.15953
          -9.51803
          -3.84830
          -4.09021
          -7.69402
          -2.87800
          -1.82661
               NaN
          -2.92377
          -4.99827
          -1.12657
          -6.21083
          -2.68307
          -5.29268
          -0.65213
          -3.67434
           3.46196
          -5.74182
           4.34075
          -0.90727
          -9.99133
          -6.75793
          -0.00925
               NaN
           3.71485
          -5.49197
          -6.15808
          -4.08063
          -5.90560
          -1.74406
          -7.60108
          -6.42173
          -7.06396
           0.09971
           0.94488
          -4.11490
          -1.91323
          -4.76848
          -6.28665
           0.69744
          -6.04037
          -7.79920
          -6.99785
          -3.06133
          -8.03598
          -5.76410
          -9.11454
          -3.61444
          -7.72193
          -2.50472
          -4.62131
          -2.21261
          -6.37387
               NaN
          -3.45910
           0.84383
          -5.02047
          -3.96854
          -0.42155
          -4.18592
          -2.30234
          -4.31634
          -0.13676
          -7.50405
          -6.09432
           3.09650
          -0.20914
          -4.09605
          -4.17584
          -5.35402
          -0.11860
          -0.22657
          -7.71905
          -2.24261
          -1.19970
         -10.17690
           4.28568
          -0.76590
          -6.71102
           1.20952
          -5.52346
          -8.78308
          -8.33447
          -2.83087
          -2.04240
          -2.01342
           5.28499
          -3.08310
          -1.41352
          -0.36204
          -6.89663
           3.20502
          -3.12704
          -6.03455
          -6.84991
          -0.59858
          -5.31658
          -2.56642
          -1.99554
          -5.57277
          -4.89409
          -5.08170
          -1.09541
               NaN
          -6.31631
          -5.15215
          -8.31584
           1.26071
          -8.19002
          -0.82662
          -0.11045
          -2.75665
           4.23971
          -3.74571
          -0.55183
          -1.62721
         -13.38660
          -3.40908
          -4.73967
           2.49716
           0.86842
          -4.44161
          -5.41159
          -5.53691
          -1.36870
          -4.09717
          -7.79417
          -5.71534
          -4.50701
          -3.52224
           4.39386
          -2.46840
          -7.03224
          -5.21893
          -0.73871
          -0.17438
          -6.69917
         -11.70919
          -0.61124
          -5.99114
          -3.80984
           1.67359
          -7.10512
          -3.11493
          -4.24355
           3.62380
          -6.57897
           0.34014
          -4.37146
          -5.72865
               NaN
          -0.92041
           2.76615
          -6.25832
           2.01174
          -4.09242
          -0.33952
          -5.54598
          -5.58914
          -4.38740
          -3.80023
          -6.69652
          -0.09502
           1.18278
          -2.03486
           3.33588
           1.84532
          -7.30478
           1.45174
          -4.27467
          -1.84180
           1.91497
          -1.21707
          -0.82479
          -7.08074
          -5.11722
          -1.92094
          -4.51900
          -2.85377
           0.14918
         -11.07280
          -2.75583
          -2.98133
          -0.72506
           2.85766
          -7.21833
          -3.85912
           2.23635
          -6.41437
          -4.77913
          -4.70374
           0.30776
          -9.40658
          -4.40656
          -7.55244
          -5.10955
          -5.54652
          -3.09598
          -2.83837
         -10.82043
         -11.10363
           3.51701
          -4.07048
          -7.63688
          -4.73084
          -7.20029
          -3.03071
         -12.61251
          -3.95366
          -3.04380
          -4.32653
          -5.47814
          -6.09918
          -7.54186
          -9.31436
          -5.76310
           1.55940
          -2.74811
          -3.41645
          -3.89019
          -9.98818
          -7.68505
          -6.49444
          -1.52245
           3.13855
          -4.60955
           1.18110
          -5.20621
          -7.66255
          -4.47483
          -3.12385
          -3.44772
          -4.54719
           1.17509
          -1.74471
          -0.02539
          -1.73424
          -4.27604
          -1.03417
           1.13277
           0.51374
          -4.06878
          -1.34800
           3.90124
           3.36109
          -5.19709
          -2.18509
          -3.75696
           3.57275
           1.79603
               NaN
          -2.97726
          -2.32470
          -3.49994
          -1.01611
           1.04155
          -9.21671
          -4.35310
          -6.98924
          -1.21865
          -1.91356
          -6.21629
          -3.88056
          -4.04799
          -4.08530
          -8.09415
          -5.21589
          -0.37438
          -5.70714
          -9.69445
          -7.63761
          -1.76732
          -9.64563
          -6.10058
           0.57050
          -4.03340
          -6.99761
          -4.39278
          -6.67183
          -4.72117
           0.05159
          -1.88102
          -5.44926
          -4.91580
          -7.77005
          -4.53907
          -2.07976
          -9.29847
          -1.93206
          -1.04244
          -1.52341
          -5.12333
          -1.83432
           1.02386
           6.26087
         -11.19997
           0.33277
          -3.79829
          -5.16826
          -6.74352
          -4.08077
          -5.37165
           0.77888
          -1.26515
          -5.31185
          -5.88133
          -5.85068
          -1.25203
           4.57196
          -1.00748
         -10.74165
          -6.42632
          -4.19545
          -6.50780
          -2.39155
          -2.65561
         -10.81074
           2.34377
           1.62463
          -5.14677
          -4.90237
          -4.86817
           4.09606
          -2.48355
          -7.83069
          -2.80681
          -6.30289
           2.21504
          -1.23158
          -6.15890
          -3.78102
          -6.41297
          -1.39347
          -3.32355
           3.60731
         -10.07900
          -2.20240
           1.93598
          -4.55676
          -1.93684
          -9.17373
          -0.18196
          -0.99310
               NaN
           4.82291
          -7.52522
          -2.56627
          -4.92243
          -1.96173
          -5.25259
               NaN
          -5.61516
           0.67311
          -4.45773
          -8.52875
          -9.13760
          -5.25078
          -5.79966
         -10.48612
          -2.26738
           1.13028
          -8.86851
          -5.06012
          -4.83090
          -2.86073
          -6.85345
          -1.15278
          -0.06887
          -8.63919
           0.60059
          -3.15042
          -3.54806
           2.47898
           4.15659
          -7.26920
          -7.05836
          -7.85890
         -10.76929
          -2.09819
          -4.00781
          -3.97027
          -1.08387
          -8.63690
          -1.48832
          -5.24048
          -9.46245
          -1.73330
           4.10881
         -16.69622
         -12.53959
          -5.94495
          -6.32325
          -4.28077
          -4.52807
          -9.80964
          -2.65281
          -8.86015
         -12.82494
          -9.11595
          -3.10228
          -4.26823
          -6.22635
         -13.31221
          -5.22538
         -10.36942
          -7.91350
          -8.27927
           0.21431
          -5.87402
           6.44764
          -6.63993
          -8.28481
           1.80969
          -1.68480
          -1.35810
          -7.57555
          -8.78617
           0.34465
          -9.89697
          -2.91493
          -0.50283
           6.98104
          -8.83440
          -4.85731
          -5.07943
          -0.65712
          -7.40072
           4.03446
          -8.17295
          -4.91960
          -4.42728
          -2.60081
          -5.73888
          -4.07206
         -12.87606
          -6.61226
          -2.34406
          -6.03513
          -2.34878
          -4.63845
           0.66454
           5.14143
          -8.17770
          -8.77408
         -10.13702
           1.60960
         -11.25342
          -8.20005
          -6.04732
          -2.38684
          -6.24297
          -6.25221
          -5.66803
          -1.36989
           1.45375
          -2.15395
           1.50028
          -6.50884
          -1.92469
          -9.20908
          -2.18002
          -4.03058
          -4.39976
          -4.28246
          -3.85107
           0.96379
          -9.97278
          -3.21718
          -3.48057
          -4.49211
         -10.68594
          -7.44505
         -17.28691
          -1.08755
           6.98727
         -11.63474
         -10.84766
          -4.14826
          -8.62465
          -8.31466
          -7.33203
          -6.02440
          -9.78640
          -7.43174
          -9.15910
          -4.72115
          -9.44609
          -0.61398
          -6.70182
          -1.76583
          -7.21521
           0.42106
          -2.38154
         -13.26402
          -8.14987
          -7.51379
          -3.90319
          -7.85319
          -7.63550
         -10.08682
          -4.88082
         -15.42064
           1.33957
         -11.81292
          -4.42308
          -1.91647
          -9.86546
           0.00626
          -5.36100
          -4.27838
          -3.58353
          -3.51986
           2.54352
          -5.59828
          -7.70547
          -3.16466
           0.75093
          -8.56419
          -7.95184
         -15.38375
          -8.20648
          -5.25099
           2.90450
          -2.24172
          -6.75504
           5.98450
          -3.47655
         -12.34913
          -3.44506
          -5.48464
         -11.94964
          -6.50667
          -7.18183
         -10.41478
          -1.56752
          -2.40229
          -6.73862
          -7.20447
          -5.11951
          -7.00561
          -9.09446
         -13.26092
          -1.39781
          -2.32114
           0.14213
          -5.60487
          -2.40468
          -0.80129
          -9.94874
          -5.37279
          -0.84692
          -5.18387
          -3.74374
          -3.07685
          -5.19569
          -3.09931
          -5.80584
          -8.80020
          -8.65850
          -3.90928
          -9.85454
          -4.47665
          -8.02590
          -2.25440
         -10.92451
           4.76002
          -3.82782
          -2.67476
         -12.72747
           1.76317
          -8.69802
          -3.12885
          -1.40239
           0.22535
          -2.70764
           1.94144
          -6.31194
          -6.12411
          -2.26210
          -9.89384
          -5.37911
         -12.61018
          -1.64220
          -7.55267
          -3.80271
          -8.42634
         -13.99657
          -4.70486
           0.03792
          -6.07476
          -9.34406
           2.89875
          -2.93508
          -9.54516
          -5.96638
          -4.51970
         -13.15742
          -7.62113
          -8.46037
           3.29819
          -5.85981
          -7.01502
           2.17865
          -6.81121
          -8.82398
           1.13350
          -9.65950
          -6.58053
         -11.28813
          -9.32139
          -0.52683
          -1.81462
          -2.88078
          -6.01275
           0.51070
          -6.34713
          -3.75218
          -3.86579
          -7.78445
          -4.42781
           0.12799
          -6.57679
          -3.16573
          -3.62797
          -5.87123
          -6.31579
          -2.23043
          -6.97121
          -4.74095
          -5.04073
           3.14771
           2.30510
          -7.88150
          -4.21131
          -8.67299
          -5.45200
          -0.66146
          -1.67807
          -3.11920
          -5.78998
          -7.01439
         -15.28392
          -8.69478
           1.06492
         -10.83280
          -8.73741
          -7.61771
          -5.83869
          -1.27774
          -8.15161
          -0.50610
          -6.92028
         -10.03320
         -10.47617
         -12.94997
         -10.17610
          -6.43794
         -10.33658
          -4.30179
         -11.51452
         -10.94217
         -12.26755
          -8.05814
         -14.00109
          -8.03676
          -7.44189
          -4.37985
          -1.10557
         -10.34639
          -4.70838
         -15.57119
          -5.49002
          -8.73228
          -5.77370
          -7.02953
         -11.95504
          -4.60419
          -3.85000
          -6.84778
          -2.63731
           1.66963
           0.18502
         -12.76243
         -11.26428
          -9.06199
          -7.82972
          -1.26855
           4.66237
          -0.68496
          -3.11547
          -2.34560
           0.77558
          -9.59142
          -7.96408
               NaN
          -6.24669
          -2.12368
          -4.24016
           0.02862
          -5.38357
          -6.72007
          -7.80466
          -9.84556
          -4.28974
         -12.65998
         -17.45884
          -2.36151
          -4.90742
          -4.87426
          -0.87893
          -2.58532
          -7.33866
          -0.34537
          -0.54834
          -3.34307
          -7.66072
          -9.82123
          -4.99033
         -11.05129
          -7.46236
          -1.03147
          -5.98809
          -8.80948
          -1.00026
         -16.03063
          -1.58671
           1.92524
          -8.05839
          -9.32251
          -3.94175
          -6.08539
          -6.34934
          -9.84547
          -3.98538
          -0.66860
          -0.10177
          -3.69307
          -5.96499
           0.69231
           1.20886
          -3.65372
          -3.28452
          -1.47359
          -7.14682
           1.36484
          -5.15530
          -3.75876
          -0.28958
          -0.94661
          -9.74423
          -8.32576
          -9.17783
          -3.28077
          -1.27498
         -11.45757
          -5.82559
           4.34195
          -0.13512
          -2.03017
         -12.47848
          -2.19483
          -2.38261
          -6.48523
          -3.99201
          -6.11964
          -0.49598
          -4.54758
           4.50702
               NaN
          -1.89351
          -2.27259
           0.69562
          -1.42145
          -5.19929
          -2.85684
           5.54107
          -5.59583
         -12.99665
         -14.01574
          -5.90072
          -2.53165
          -5.31082
          -8.84585
          -5.00219
         -12.15446
          -2.69732
          -9.80287
         -11.29489
          -1.92541
         -10.24358
               NaN
          -3.30382
          -8.63285
           4.17234
           5.96168
          -3.95471
          -5.74364
         -15.51957
          -1.03359
          -9.54458
          -4.73622
          -9.21844
         -11.31502
           0.24533
         -12.53725
          -5.34493
          -9.74940
          -6.86639
           0.52304
          -4.06500
          -3.74679
          -4.76845
          -9.21850
          -0.87851
          -9.52150
          -5.86120
          -6.76942
          -1.19593
          -2.88157
          -8.25952
          -4.09391
         -11.04564
          -3.22407
         -10.95312
          -4.42617
          -6.27651
         -11.91251
           2.20237
          -9.79408
          -6.01295
          -7.70210
           3.61602
          -3.50502
         -14.60925
          -3.40521
          -8.93774
          -6.07400
          -7.89545
           3.82334
          -2.21478
          -0.95387
          -2.22480
          -1.83047
           2.40960
           0.99472
          -1.07715
          -6.73220
          -6.35057
          -5.53697
          -6.59676
          -2.85467
          -2.41168
          -0.60747
          -2.88083
          -5.84149
          -9.20029
          -4.96935
          -4.99801
          -2.36545
          -6.56639
          -8.55175
          -2.31688
           6.02615
               NaN
           0.42720
          -7.77907
          -9.78556
         -17.48302
         -12.44237
          -4.48661
          -4.77580
          -4.13838
          -8.41929
          -1.81205
          -0.23831
         -10.61475
          -3.67617
          -9.00068
          -6.24990
          -3.94116
          -3.87174
         -11.34393
          -1.18885
          -8.44459
          -7.10139
           0.36592
         -11.55405
          -2.45663
          -8.09002
         -10.48613
         -12.19383
          -0.94251
          -4.75322
         -16.27138
         -11.17169
          -6.43926
          -6.26702
           0.81512
          -9.42431
         -11.89952
          -8.84081
          -3.04314
          -9.56062
           5.56669
          -5.96794
          -1.99426
          -4.44072
         -11.85687
          -9.85979
          -5.02609
         -17.39665
           0.72410
         -14.31703
          -6.00150
          -5.05045
          -2.71914
          -3.85159
          -5.00409
          -2.08531
          -8.14437
         -11.46213
           0.27192
          -8.84755
          -3.04527
           1.48322
          -9.29624
         -11.57619
           2.09611
          -4.73980
          -5.12985
          -2.66044
          -9.62994
          -7.53103
          -2.87129
         -11.82239
          -8.58048
           2.36716
          -8.86662
         -11.68957
           0.55466
         -10.88310
         -15.37011
          -1.13791
          -8.29354
          -0.46144
          -9.37031
          -1.12877
          -3.33548
          -4.68776
           0.29216
          -4.87463
          -5.99784
          -1.40589
          -3.02617
          -6.86689
           5.92648
          -8.79034
         -11.73045
          -9.04519
           2.50975
           0.67426
         -11.33106
          -4.97968
         -14.14459
           0.17822
          -8.43742
          -6.68072
          -2.83282
          -5.00254
          -8.85444
          -0.76944
          -5.45985
          -7.30129
          -7.61702
          -9.25372
          -3.72656
          -3.81658
           1.81316
          -2.89606
         -10.51736
          -7.12111
         -11.32557
          -2.75502
          -7.82307
          -6.79772
         -14.79044
          -6.60861
          -0.82649
          -5.53353
          -5.45131
          -1.13625
          -3.45300
          -8.41961
         -13.42688
          -9.35732
          -7.05378
           0.48695
          -2.83645
         -10.07106
          -1.87815
          -7.80298
          -8.45191
          -4.11218
          -1.61840
          -8.94159
          -3.87805
          -0.29038
           4.71806
          -9.71772
          -4.67803
          -5.00821
         -10.47489
          -5.74186
          -6.56611
          -1.49750
          -2.91184
           4.59135
          -8.38269
          -6.35488
          -1.55760
         -11.10828
         -10.41308
          -6.58936
          -1.31503
           2.33787
          -9.48490
          -4.69024
          -5.13192
          -5.39266
         -13.19929
         -18.26840
          -6.19913
          -7.80567
           2.85050
          -3.05467
          -8.41437
          -6.02763
          -5.72989
          -8.88865
          -5.58503
          -9.91957
          -9.08590
          -6.13508
          -7.75478
         -10.01160
          -7.50062
          -5.90139
          -7.60175
          -9.39184
          -9.10413
          -7.13237
          -3.72328
         -13.36925
          -0.31339
          -1.98560
          -4.44225
          -8.22236
          -7.67079
           2.28830
          -5.06561
           0.74021
          -5.36139
           2.80768
          -4.81926
         -13.07395
          -5.25985
          -3.04888
          -5.49907
         -10.93068
          -5.57529
         -16.66411
           1.42976
         -12.28930
         -11.29690
          -5.92067
          -6.36181
           1.47830
          -8.84671
          -8.15056
          -0.06100
         -11.81474
          -8.02145
         -10.53781
          -4.01043
          -7.14896
          -6.40181
           0.65920
          -4.17393
          -2.21467
          -9.17374
         -16.36862
          -8.81766
         -12.38264
          -4.10435
         -15.69257
          -4.82257
          -6.89417
          -4.69243
          -5.07834
          -8.28090
          -7.22400
          -7.45421
          -2.11202
           2.78667
          -6.49819
          -6.31884
          -7.23960
           1.68752
          -8.94306
          -2.96325
         -11.09273
         -10.55579
           0.81912
         -11.25743
           0.16471
          -0.61049
               NaN
          -6.01415
          -9.44569
          -1.50041
          -3.10546
         -11.94060
          -4.10377
          -9.63929
          -6.98501
          -9.81881
         -11.75506
          -2.77851
          -9.90802
          -2.03323
          -1.69780
         -11.85142
         -15.25276
          -3.77194
          -3.61787
           0.14999
          -6.70064
         -14.71120
           1.05840
          -9.16000
          -5.77258
          -3.13791
          -6.90487
          -3.15112
         -14.21291
          -1.00094
         -11.58203
           1.02101
               NaN
          -6.28565
           6.93502
          -6.63683
          -0.07323
          -9.30659
          -3.83493
          -5.34851
          -4.73588
          -2.41727
         -10.06876
         -10.42566
          -4.51892
          -9.51842
          -7.05740
          -4.36564
          -1.11586
           0.69599
          -8.20844
          -7.02679
          -3.87713
          -4.49432
          -2.37312
          -0.50609
          -4.30274
          -8.78249
         -13.16659
          -4.24119
         -11.36687
          -9.91606
          -2.74045
          -4.43707
          -9.91532
          -5.48241
          -7.09235
          -4.32137
          -4.71529
         -14.18942
          -3.08461
           3.43326
          -9.71816
          -1.55093
          -6.34613
          -7.74847
          -7.16921
          -3.26523
          -8.35658
         -12.50798
          -4.25529
          -5.06079
          -3.29980
         -15.09465
         -12.01088
          -0.25316
          -5.00121
         -15.86960
         -10.12549
         -10.32004
          -6.29228
         -11.95838
          -6.32185
         -11.35745
         -12.73294
          -9.42057
         -14.00514
          -9.70091
          -7.95797
          -9.90377
          -2.23429
          -5.95169
          -2.45141
          -6.78793
         -11.18024
          -6.10227
          -6.37349
          -0.39054
          -0.31785
          -8.89386
          -4.77727
         -12.14568
          -9.50515
          -9.07866
          -5.52607
          -3.41284
          -7.12800
          -5.77679
          -7.71277
          -8.66652
          -5.61576
          -8.58682
          -4.72698
          -4.48968
           3.49719
          -7.24735
         -13.16153
         -10.88437
           3.57139
          -9.41336
          -3.84162
          -7.05728
          -0.69552
          -4.07592
           6.53451
          -3.01138
          -5.17524
          -5.23168
          -3.10979
           2.00017
          -9.97639
          -5.27148
         -10.44998
          -7.08075
          -6.92110
          -6.24101
          -6.14804
          -4.00484
          -4.67323
          -4.96708
          -5.66590
          -5.19462
         -11.74102
         -14.85801
         -11.71460
          -9.48093
          -7.80056
          -6.69564
          -1.12677
          -5.95865
          -4.22130
          -2.18574
          -8.17386
          -4.53817
         -12.62752
          -1.43973
          -4.83592
         -10.78610
          -6.53302
          -6.00287
          -1.79245
         -10.19109
          -0.70759
          -1.75191
          -0.88707
          -6.16290
          -2.41524
          -4.87610
          -0.16409
         -17.51923
          -4.71308
         -11.24542
          -7.12222
          -7.69084
          -3.26624
          -6.25473
          -7.57903
          -2.28326
          -7.16459
          -8.50315
          -7.73630
          -4.32886
           3.56963
           0.05849
         -15.08748
         -10.15024
         -10.76684
         -10.14282
          -4.55879
          -1.57175
          -8.71688
          -6.49772
          -5.08215
         -15.11399
          -8.80999
         -11.72149
           2.61065
          -6.33380
          -7.56502
          -2.50437
         -12.58280
          -9.13644
          -8.12099
          -5.21067
          -5.94710
          -7.36318
          -2.16107
          -8.40662
          -5.96654
         -13.75995
          -0.04088
          -5.35965
          -4.31976
          -3.39162
         -14.33065
           1.12906
          -7.96080
         -17.31638
           1.84657
          -8.01174
          -8.03080
          -9.79724
          -5.75571
          -5.68618
          -1.34069
         -10.86885
          -0.50487
          -8.08032
          -8.80353
         -12.68337
          -8.12997
          -6.12914
         -10.56312
          -2.23146
          -8.01246
          -9.57917
         -16.94071
         -10.88494
          -8.92612
         -11.00139
           0.59374
          -0.46675
          -6.83259
          -0.58355
          -3.78780
          -9.38737
          -1.97071
          -0.66197
          -7.19355
         -11.68452
         -12.06975
         -12.72805
          -1.61616
          -5.58755
         -10.27404
           0.08419
          -7.47877
          -7.95013
           8.89597
          -2.71337
          -2.90125
           1.53353
           7.85040
           4.94527
          14.89995
           4.20340
          -3.23821
          -5.44011
           3.10577
          -2.44266
           2.96206
          -4.64770
          -1.80842
          10.97613
           0.74165
          -8.33542
           0.68426
          -6.58179
           3.82030
          -6.71378
          17.75515
           2.00512
           4.19557
           3.25637
         -10.85178
          -9.38706
           2.84041
           2.78178
          -5.20855
          -5.18451
          10.50294
          -0.91754
           1.43960
           7.01910
          -3.47657
           0.28375
          -7.80840
         -14.64871
          -3.66521
          -1.66835
          -5.66229
           9.10057
           1.27755
           1.57188
          -6.20358
          10.41201
          -0.75046
          -0.54851
          -0.80686
          -4.10465
          -1.71352
           4.90062
           2.00907
           6.30644
         -11.05131
           1.42260
          16.35706
           0.41403
          -0.73810
           2.59145
          12.97911
          -2.35805
           5.06179
          -9.04669
           0.00579
          -8.41114
          -5.69121
          -4.64519
          16.84370
         -10.52702
          -3.82869
          -2.98124
          -5.50252
          -9.75677
          -6.20949
          -0.01326
          -1.82423
         -10.28691
          -2.64620
          -0.29362
           6.40223
           1.89641
           8.44098
          -2.16212
          -9.98901
          -3.94870
           1.61749
           7.24182
           8.83222
          -3.68688
          10.08113
           4.01678
         -11.67754
           1.53992
           1.37084
          -4.58335
          11.76829
          -9.75567
          13.41933
          -2.93737
          17.65764
           2.62622
           7.57265
           9.50242
           5.04198
          -4.21884
          -6.03940
         -12.48628
          -6.96200
          -8.50734
           2.80151
          -1.33474
          15.50076
          -6.12687
          -6.73108
          -6.03977
          -0.15201
          -5.65597
          -3.38781
          -1.08244
           0.85224
          19.57899
          -6.83178
          -4.65955
           0.20839
               NaN
          11.52047
           0.09051
          12.14150
           6.62763
          -7.44152
          -3.03022
           9.67603
           0.70303
           2.41958
           0.02611
          -3.86649
          -6.36754
           3.49052
           2.74526
           3.95531
          -9.54275
           9.06326
          -2.87166
          -3.74381
          -6.52985
           2.75264
          -8.78703
          -2.52213
          -8.58048
           4.51291
          -3.30592
           0.22908
          -2.58060
           1.76260
           7.00597
          -2.92712
           2.69781
          -9.99906
         -10.71400
          -2.74349
          -4.00316
           0.34333
           3.73679
           5.55971
           2.57364
               NaN
          -8.41670
          11.96906
          -2.79673
           7.37125
           8.20096
         -10.49042
          -7.21802
          -1.75682
           2.79264
           2.68386
          -4.93027
          -9.31448
           7.99431
          -7.28722
          -6.34999
          -9.25864
          17.34662
          -5.43373
          -9.32972
           1.49464
           6.40307
          -8.52293
           2.04141
           6.84247
          -0.88132
          -3.53060
          -1.48073
          -3.79098
           6.77241
           0.36306
          -8.82236
           1.13762
          -3.48860
         -17.76533
           1.88195
          -3.24876
          -3.39401
           3.92295
               NaN
           5.30240
           4.72609
          -8.51705
          11.24256
          -8.34243
          -6.76878
           4.50812
           4.17169
           2.76298
          -4.94667
           0.94074
          -2.90274
           2.45437
          14.48286
           0.34368
           8.00206
           0.09939
          -1.45538
           4.54551
          13.57525
          16.44159
           2.97570
           3.11493
           0.97414
           4.11453
          -0.83604
          -2.22140
           3.69015
          13.80921
          -6.52290
          -3.66172
          -7.18793
          -5.82693
          -4.96658
          -3.09330
          -2.53828
          -3.32363
          -8.33455
          -1.38534
           0.93506
          -5.15078
          -7.02286
          -7.78580
           4.54586
           0.85827
          -8.26544
          -4.09302
          -2.05570
          -0.01829
          16.87511
          -2.12248
           6.46327
          -4.24440
          -5.61221
           1.72202
           5.14544
           8.62059
           1.36540
           6.98673
          -5.85777
           4.90780
          -4.37190
          -6.55480
           8.20399
          -2.48827
           3.70842
          -0.83221
           0.65651
               NaN
          11.29199
          -2.05440
           9.97118
           0.30768
          -2.66280
          -9.43469
           6.45900
           4.61352
          -6.21098
           0.04801
          -9.70805
          -0.23637
          -3.99016
          -5.21073
          -5.47355
           6.67475
          -3.93528
          11.69415
          -0.70600
           1.69498
          -9.99482
          -5.08330
          -5.14036
          -8.59356
          17.05318
          -7.44565
           5.42534
           0.17301
          -4.36872
          -1.43222
          -8.29412
         -12.36290
          11.20560
           8.08290
           0.52638
          -6.42405
          -5.89862
           7.14160
          -8.63737
          -1.71287
          -2.56070
          10.16131
         -10.37819
          -3.53365
         -11.79719
           9.10472
          17.44991
           5.10536
          16.17431
          -1.77906
          -6.87797
          -4.75994
          -2.90842
          -6.92478
          13.78775
          -7.31088
          10.49219
          -2.80253
           5.20479
          -5.95079
          -1.15533
          -6.52906
           0.45891
          -4.21221
           4.44792
           0.10934
           2.60662
          -0.00759
          -7.24869
          -5.35516
          -7.73297
           1.23511
          -6.90562
          -4.19488
           6.85001
          -2.02097
          -0.75853
          -3.09392
          -8.18870
         -10.38489
           7.98888
           3.52807
          -4.92721
          -5.92452
           0.05370
           1.79860
          17.95736
           1.96587
          10.46355
          -9.64402
          -0.30819
          -2.13330
          -1.39166
           4.79401
           2.23892
          10.59518
          -6.11146
          -2.17694
           7.43989
           7.29517
           5.02619
          -2.12072
          -5.24030
          -1.96247
          -8.83213
          14.96248
           4.77888
          -5.18778
          -4.44564
           9.65493
          -1.37889
         -12.54753
           0.34168
           7.42273
           4.26371
          10.38286
           9.41637
           0.01371
          -2.29675
         -10.25250
          -2.11875
           3.21644
           3.09534
               NaN
           5.54330
           0.68557
          -4.89302
         -10.17594
          -1.99865
          10.66907
          -5.90294
          -0.53333
           5.57870
          -2.60946
          -7.60013
           2.23055
          19.17611
          -3.91632
         -11.67506
           0.16752
          -7.35962
           0.51881
           2.98312
           9.52031
           6.58622
          -2.59962
         -11.93969
           0.11520
          -0.74380
         -10.72451
          -0.76132
          -2.96160
           6.01459
          -7.51088
           4.83540
          -6.40100
          -3.02575
           7.02435
          -6.25932
          -5.29142
          -0.12764
          -3.97848
          -1.15816
          -3.09969
         -10.27608
          15.33025
           1.92459
          -4.49452
           2.32013
           0.18344
          11.79336
          -4.46542
           1.65313
           2.13396
           1.22170
          -0.78142
           1.98461
          -2.62243
           5.77221
           1.03330
          -9.05279
          -1.41077
           9.44577
          -2.47099
          -1.15238
          -2.98676
          -6.58930
          -9.14015
          -5.96627
          -9.16140
          -5.46232
          -6.00724
           0.85960
          -1.35339
          14.04268
          -3.12138
          14.65612
           7.00116
         -10.09736
          -1.28703
           6.49987
           6.47741
          -0.78671
           3.06621
          -1.09271
          11.34644
          -5.15767
           7.46035
           4.35329
           7.32887
          -6.61467
          -6.24107
           0.27923
           0.47836
          15.87907
           4.81879
         -12.32610
          15.97926
           4.21759
               NaN
           7.97999
         -10.19084
           3.33222
          -3.35673
          -4.86060
         -13.17401
          -9.40430
          12.09157
          -3.09320
          -9.76526
           6.96183
           5.83093
           6.94546
          -7.62335
          -2.80526
           2.42230
          -1.66527
           3.79067
          -2.16300
          -2.56125
           6.83530
          -1.05002
          13.58432
          -6.63208
           2.39040
           2.13695
           2.85749
          13.68622
          -5.55016
          15.86158
           5.78280
          -5.50918
          -7.57428
          -5.03029
           4.95188
           4.20092
           7.13876
           4.97665
          -1.19856
          -1.81153
          -4.43261
          -1.42245
         -11.45581
          -0.43040
          -0.14896
           0.32275
          -2.52511
           2.14985
         -10.40637
          -7.98384
          -0.76052
          -1.06522
          -0.74946
           0.87251
         -12.18711
          -2.21616
          -6.29955
          11.34351
               NaN
          -6.47543
           9.75197
          -5.31143
          -7.93403
           1.86629
          -3.57356
           4.32238
          -0.76904
          -2.22218
           0.20120
           0.32113
          -0.67626
           2.19499
          -2.31439
          -1.09560
          -6.08247
          -7.16347
               NaN
          -2.47326
          -2.43398
          -3.89319
           3.79384
          -2.22742
          12.36980
          -2.86565
          -7.18284
          -1.95949
          -5.68009
          -3.37625
          -8.60221
          -6.63327
          -3.77666
          13.37960
         -12.63527
          -9.35997
          10.00958
          11.31984
          -4.17697
          -7.75798
          -1.40126
           8.80613
          -6.68425
          -7.77025
           2.52089
          -2.16710
               NaN
          -9.49714
           3.08707
          -8.52295
           1.03898
         -11.85501
          -0.26250
           9.79698
           1.72186
           9.83578
          -0.67269
          -0.24082
          -2.54551
           1.89080
           1.88009
          -8.74770
         -11.27671
          -3.41299
          -8.16772
          -5.63602
          -1.22832
          -4.36080
          15.04450
           8.28358
          -5.52654
           5.27660
           0.82320
           2.36273
          -3.19203
           0.74240
          -4.93217
           1.59893
          -1.38543
               NaN
           0.16550
          -8.14879
          -0.72837
          10.84536
               NaN
           5.98633
           1.09480
          -8.57943
          -2.34641
          -6.75175
          17.15255
           9.99578
          -6.78895
          -5.84042
          -4.43801
           7.54254
           2.97754
           4.87390
          -3.18253
          -1.99438
          11.06104
           0.35877
          -5.67665
          -8.42108
           4.68103
          -4.77698
          -2.89952
         -14.41497
           2.96304
          -4.96723
           8.38171
          -0.47905
           0.27942
           5.16576
               NaN
          -5.88979
           9.56377
           0.26138
           2.13871
          -4.89174
          -2.73477
          -7.32134
          -2.59241
          -4.99393
         -11.93289
           5.41932
          16.88119
           4.47531
          -1.78161
           6.96699
          -4.98902
               NaN
          -2.95886
          -0.17992
          12.69338
           6.58804
         -16.47031
           8.91677
          12.56425
          -4.33635
           3.30536
           4.85467
         -10.03946
          -4.69983
          -0.88505
           6.38141
           5.22569
          12.91572
          -1.28367
          -0.09192
          14.17381
           8.72843
               NaN
          12.14106
          -9.21860
           7.73701
           6.36935
          -2.71417
           0.94067
           3.08987
          -1.10541
          -1.05065
          -1.16798
           0.58160
          14.24435
          -6.01628
          -3.22758
         -10.09120
           0.55663
          -6.94781
           2.69799
          18.00600
          10.10886
           9.88232
           8.64566
          -1.73383
          -3.30440
          -3.68415
           0.88826
           3.02340
           9.09157
           7.42375
           7.92877
          -7.56897
           1.23038
           7.89599
           5.34128
          -1.26025
         -10.55996
           4.40254
          -5.97851
          14.44270
          13.00988
           6.52839
          -7.60590
           4.01076
          -0.70946
          -6.69673
          -6.75706
          -3.36550
          -0.76376
          -0.57208
           9.61067
          -7.43545
          -3.05524
          12.20199
          11.25280
           1.67410
          -0.78303
          18.72803
          -4.80983
           7.62035
           8.50945
           7.45000
          -1.22987
          11.65644
          -2.02037
           6.91273
         -10.70713
           1.80047
           5.57335
          -2.61467
          -2.04150
          11.39018
          10.33550
          -3.55086
           7.69066
          18.43006
          -7.76337
          10.24228
          -3.91232
          -0.96534
           5.90878
           3.87306
          12.30228
           2.95853
          -6.56232
          13.66113
           4.38404
          -3.04071
           7.71468
         -12.98218
           1.74197
           3.80023
           5.20742
          15.35004
           4.28121
          -5.13675
           0.26192
          -0.96440
         -10.10438
          -1.99445
          13.59736
         -13.09735
          -6.28929
          -6.22594
           7.09494
          -7.67654
           0.14519
          -2.07719
          -3.76966
          -9.60702
           9.73630
          -2.53513
           5.94387
           4.16821
          -2.05393
           2.34960
         -13.69158
          -0.04707
          10.67046
           9.54073
           1.02531
           6.94255
          -3.98027
         -11.55187
           1.06739
           7.81748
           2.53654
          -5.00840
           0.88995
          -8.02176
         -10.29602
          -6.69396
          -3.38966
           8.84025
           2.45788
          11.01007
           6.24118
          -4.62298
           3.11967
           0.83886
          -3.50527
          -0.28987
          12.64296
           8.10023
          14.22907
           4.66873
           2.83505
           5.05750
          10.40761
          -4.40778
           1.17461
          18.13968
               NaN
           3.01418
           1.75808
           0.54755
           1.68727
          10.61371
          11.48246
           8.47563
          -2.92098
           2.37755
          -0.64325
           2.43764
          -0.53979
          -7.96353
          -2.83812
          -1.28038
           8.45151
           6.34691
          -6.17551
          -0.14011
          -4.11916
          -3.11545
         -13.25257
          -4.47355
           7.57712
           4.24639
          -1.17660
          -0.91218
          10.95710
         -12.68927
          -5.11896
           3.37031
          -0.85750
         -11.57744
          -8.03352
          -4.19407
          -5.02306
               NaN
          -2.60898
          -6.46102
           4.76789
          -9.81065
          -2.12437
          -2.55373
          -7.82599
          -3.95196
           0.12791
          -2.57311
          -3.40844
          -0.87603
          10.75647
          16.85954
          -0.77568
           8.65644
           8.48654
          -1.94499
          -5.18081
          -5.42442
          -3.91491
          14.56614
           0.41433
          -2.25557
          -1.55636
          -2.74016
           3.82353
           6.22541
          -2.76591
          -3.57275
          -0.28331
           6.64474
          -0.51145
           1.18353
          -4.44355
         -14.26477
          16.92876
          12.68818
          11.29522
           1.54367
           6.43710
           6.54640
           3.86785
          -8.26894
          -3.30572
           4.05650
               NaN
          10.13323
          -7.72310
          -0.20785
          -4.84550
          -0.12723
           5.06151
          19.40039
          -4.00689
          -5.76804
          13.97089
          -4.94771
           0.46298
          -0.66683
          -2.34464
          10.50085
          -7.58133
           9.73270
          -6.72267
           6.44805
           3.11909
           4.29683
          -4.53734
               NaN
           3.05137
           2.61633
           1.51811
          -8.07546
          -3.28848
          -0.50126
          -5.25613
         -10.35909
          -2.32664
          16.21219
          -7.69620
          14.53818
           5.15588
           7.14478
          -0.01098
          -4.03385
           0.58749
         -11.61937
           2.55395
          -2.09899
           6.08452
           9.81923
          12.10531
          -7.39400
           0.57298
          -0.91266
          -7.53810
          -2.89336
          -1.40185
           6.42849
          -3.01072
         -10.54735
           9.17111
