          27.50060
           0.28394
          20.31760
          23.00490
          15.39627
          -2.36281
           7.80299
         -26.61832
           4.37281
          28.43907
          40.27526
          38.92077
          49.41431
          -6.06360
         -10.77340
          16.52687
          38.17995
          30.82001
          11.85841
          -8.73329
          39.42573
          37.05763
         -22.26664
          -0.37342
           7.39499
           4.76581
           6.37911
         -21.00735
          -7.32033
         -20.88984
         -12.07493
          10.21785
          29.21073
         -23.94861
          13.52103
           0.46080
         -11.59325
          21.60456
               NaN
         -30.37680
           4.75768
         -43.04903
          23.66486
         -29.53577
          32.55815
          -6.12552
         -18.68172
           7.63586
          44.71794
          39.35645
         -17.03269
          63.47946
         -12.38195
         -14.58848
          36.03106
          -9.49509
         -57.31029
           3.25755
           7.02568
          60.84422
          -2.16052
           8.11259
           9.21234
          43.45063
         -11.61033
          39.74618
          32.16706
          44.06061
         -16.95603
          -1.10534
         -17.42985
          -6.27132
          37.54232
          -2.11135
         -30.39172
          30.48159
          26.62395
         -25.49821
         -35.04133
          10.02184
         -20.82650
          16.24903
          -6.82625
          10.25846
         -37.28085
          26.75334
         -26.45097
          12.51197
         -16.37962
           5.97514
          52.15782
          17.93976
          56.97016
          -6.31762
          18.73289
          -6.37913
          -8.86084
           9.72852
          30.13533
         -34.24432
               NaN
         -13.24263
           0.05679
          21.98308
         -18.14205
          61.65114
           3.15976
          -2.96789
         -12.20569
           4.62486
         -12.02012
          38.82488
         -11.09057
          23.27996
           6.92162
          37.01002
          13.69066
          26.47320
           3.00199
         -31.31736
           0.00933
           0.87136
          -2.23957
          11.88279
          -4.99312
           7.62684
         -26.65337
         -24.05578
          -0.20235
           6.15815
         -20.63407
         -10.54569
          -1.56464
         -22.06619
          -0.50168
          11.82989
          21.17746
           6.87262
          44.58081
         -17.26622
         -29.95575
          23.25878
         -10.17049
          -1.81704
           2.41549
         -20.84620
         -26.35575
         -11.66576
          23.59346
          -8.99952
          11.05000
          26.41243
          22.14337
         -42.03505
         -29.65095
          19.05119
         -41.55727
          -5.36210
          42.77840
          48.10245
         -19.30750
          38.49615
          25.50614
         -13.97609
          23.73507
         -14.72474
          24.24976
         -38.04182
         -22.55103
         -25.10913
          -9.03872
          -1.76707
          12.85529
          -8.68640
           3.16467
         -18.23438
          18.33441
          -4.23324
           5.52028
         -22.74127
          18.62860
          -5.64455
         -11.66708
          32.66718
           0.84073
          39.75297
         -29.58141
          25.69166
           9.46029
          40.48332
          38.32736
          10.26308
          -4.24574
          29.46439
          39.74973
          20.70924
           3.10416
          11.30763
          29.36238
         -10.77705
          -2.44208
          12.10106
          16.77333
         -31.81968
          22.94969
          -5.38061
          16.18341
          15.65117
          29.57098
           2.74869
          28.79142
          33.73908
          22.12418
          -7.18914
           2.88863
          10.11157
          25.39330
         -22.64134
          34.05545
         -14.55407
           9.76270
          20.58161
          36.36228
          15.47352
          11.61588
           0.41399
          25.95977
          26.08407
          10.59297
          12.26728
           7.58377
         -11.51194
         -12.58942
         -35.87543
          23.61538
           9.90642
          21.94522
          21.45608
          23.60380
          19.49156
         -19.57482
           2.40663
          11.41932
         -23.73780
         -29.62846
          -0.42980
           3.02354
          16.63788
           4.51603
           4.54550
          -4.11280
          28.37053
          32.27560
         -12.41965
          30.51323
           9.24265
          10.06064
           9.89031
          -7.83535
          11.92503
         -25.66090
          40.86593
           0.96361
          43.40171
         -25.69788
               NaN
           2.12997
         -15.37837
          21.27402
          35.90986
         -21.81033
         -12.21572
          -7.75519
           6.35785
               NaN
          20.39855
          -3.21041
          18.34498
          -5.76340
           0.38802
           1.87123
          48.34098
         -12.56580
          -9.50591
          28.68843
           9.58068
         -16.49569
         -10.42150
          23.89201
          -6.34554
         -12.38843
          15.04401
         -13.79353
          -7.68303
          19.66455
          22.50532
           4.76859
          -1.42520
         -16.12478
          -9.29473
          -9.97327
          -6.55130
          14.58526
          35.74922
         -15.32360
          10.25274
          -4.69988
         -26.31431
          -5.25254
          -8.17990
         -12.28979
          -2.29662
         -10.53981
          11.65294
           8.42850
          -3.40588
           7.71666
           2.18427
          38.97612
         -14.59671
           8.16394
           5.25330
         -25.45381
          19.46199
          22.18054
          29.40354
          13.57914
          11.97108
         -25.00763
          -7.31593
          50.60958
          39.65562
         -33.81544
          -8.11299
           5.34942
          -2.30182
          -5.64395
          32.33236
          22.36973
           6.17874
          26.23749
          13.19337
           2.76940
           5.60464
         -43.14388
          11.21268
         -16.36116
               NaN
          -6.14161
          -1.96240
         -12.95454
         -38.69902
         -37.80108
         -26.95647
          28.64087
           9.41275
          26.94654
          26.44904
         -10.38095
         -23.93107
          25.72389
         -19.18326
          22.29716
           5.51125
           8.15024
           9.93443
           0.37365
         -12.94162
          30.46883
          18.05929
         -10.84904
          46.16559
          20.46570
           8.34432
          -0.03592
           8.94405
         -21.27753
         -15.06148
           7.25504
          28.30931
          26.65745
          15.30041
          69.73259
           6.15237
          70.17401
          48.26249
          34.91993
          -3.83647
          19.07182
           1.14582
           1.58414
          33.16839
          -3.45079
          -5.42324
          46.36222
          -1.83720
          16.37689
         -10.86454
          21.24106
          21.47546
          23.43336
          10.50916
          19.74940
          58.26202
          -0.89151
          24.50248
           1.61471
           7.32407
          24.91580
          -0.20621
          -2.42332
          14.08550
         -30.45380
          20.34774
          17.68329
           1.63205
          24.98614
          44.69489
           8.24377
         -11.56159
         -10.38462
         -11.35001
          21.62368
          -9.62667
          15.74915
         -24.38484
          -5.33130
           4.40909
          24.64254
          26.24439
         -40.48840
          56.52016
          39.09276
         -21.14811
          18.63047
           4.34754
          -8.89729
         -14.77340
          11.10537
           8.74109
          19.57580
          32.04768
          19.84028
         -33.18034
          50.91513
          37.35961
          30.27803
          38.90653
          20.50919
          24.05094
          27.36988
          37.67674
          66.56472
          41.26624
         -34.68168
          23.26519
          -8.87731
          33.82131
           4.03384
          12.31879
          24.29726
          22.79514
         -27.04173
         -19.13069
          -5.62464
         -10.07404
         -18.63849
          17.65260
           2.28245
         -12.27190
          -8.37587
         -20.00817
         -29.30708
         -51.59146
          14.10127
           6.40541
          40.09599
          17.82766
          33.98122
          40.22724
          25.18487
          43.98326
           9.29820
          28.65945
          -2.12936
         -11.22443
           7.88517
          16.35563
           8.53124
         -22.04803
           0.42399
          21.58640
         -17.96480
          29.41884
          30.50202
          19.67556
          62.65969
          33.98604
           2.32015
         -15.75005
         -23.30020
          59.21907
         -24.42975
          -5.95136
          32.43475
         -13.23448
         -14.86887
           7.66601
          40.04382
           8.56872
          14.28176
          17.46251
          69.27660
          12.14453
         -41.45593
          11.16259
         -28.12791
          26.17728
           2.81034
         -15.23194
          33.89082
          -5.52693
         -22.70347
          32.16178
          55.28085
          13.51124
           4.52020
          -1.68503
          -7.36847
          -8.21645
          27.28723
         -18.27055
          33.06300
         -10.27079
          11.96379
           5.36426
         -13.32537
          31.67719
           9.88343
          -9.92254
          -2.75676
          34.36564
           9.86753
          -3.57197
          23.42653
          -3.31401
         -10.02038
           8.05631
           8.31719
         -20.84334
         -14.29798
          12.58466
          33.17057
          14.97041
           7.98695
          33.55345
         -20.86410
          63.45961
          19.70170
           6.44195
          -2.69031
           1.01283
          15.49064
          -5.41875
          32.17476
          33.63848
         -44.53961
          25.10769
           9.98906
           6.25072
          31.46804
           9.90781
         -17.51370
               NaN
          10.53461
          13.71140
           4.09893
           9.71079
          20.24881
           5.27403
          18.06925
          40.53742
          12.19703
           9.11487
           2.33671
          -2.91700
          31.90856
          -5.80851
           8.09533
         -22.58032
          34.24038
          11.83864
         -31.56643
          32.37397
          30.21251
           6.72941
          -4.04712
         -14.99421
          15.02879
         -52.71250
          36.60197
          47.52623
          43.38875
          13.34755
          20.43144
         -23.43693
         -20.04609
          21.80031
         -17.79293
          34.55340
          -5.95240
         -29.90924
               NaN
          32.87919
          -4.56802
         -42.51273
          -9.35908
         -15.78801
          11.52375
          27.00351
          -3.42364
         -17.21672
          26.20477
          36.75160
         -12.02544
           3.79981
          22.17172
           0.21539
          31.86500
          22.10920
          55.38056
           6.86292
          13.71852
          30.40003
          11.98208
          -6.77925
           4.67217
          -4.34081
          26.73043
          22.00512
          42.86677
         -25.28615
           3.12005
          23.69869
          11.07654
         -18.00332
           7.00144
          -1.39673
           0.74842
          29.94661
          11.02221
         -34.32039
          27.43001
          19.32811
         -14.91855
          70.85957
          -4.66261
          -8.57990
         -10.62949
          55.38654
         -12.69307
          21.23602
          34.17368
         -30.04947
          28.25789
          26.24160
          23.32463
           5.71007
          -8.97622
          31.68132
         -17.02607
          12.34935
         -32.95731
           5.09585
          -5.49192
           7.14240
          19.77430
           2.00323
          16.44377
         -50.82587
          11.06900
          -1.99532
         -10.73725
          27.54213
          -4.20852
          -4.83677
           4.19898
         -14.00478
          24.86414
          28.36708
           8.68848
          48.18826
         -25.76513
          16.26519
          10.87846
          11.81351
          -8.50108
         -38.54677
         -32.99697
          -4.08298
          20.93630
         -12.71737
          58.92632
         -17.82570
          -3.68144
          38.32900
           5.10818
          -3.32436
         -13.36380
          32.99190
         -19.44584
          15.76369
          32.32595
          -9.23609
          -7.78135
          20.88178
          18.96631
           3.91604
           7.49090
         -27.61416
         -19.42833
          23.34078
         -34.26303
          50.34203
          31.58004
          -1.26657
           3.87261
          -3.30495
           5.44839
          11.12854
         -19.19567
          16.67363
           5.68061
          10.29017
          20.37385
         -21.47253
          25.61680
          14.22951
         -11.29400
         -21.38630
          28.78291
          32.30324
         -32.36407
          51.18637
           2.30384
         -12.81862
          28.00297
          -3.10807
          31.89772
          34.77528
          35.47429
         -29.75673
          34.78669
          19.77078
          60.19423
          53.85169
          33.93279
          -9.64035
          57.10102
           4.66859
          14.29877
          14.65455
          -2.56760
          26.46701
          43.86848
          45.37001
         -19.77571
         -20.25756
          -0.82860
          27.02131
          -1.15416
          11.98259
           9.31602
           9.21212
          42.66982
          13.87602
         -23.96919
          14.32615
         -47.82258
          -7.59799
          22.92066
          24.72390
          39.49303
         -28.77876
          13.81927
           3.71388
          12.18908
          -4.20577
          28.95528
          39.84377
          10.18315
           6.00251
           2.25811
          56.33848
          16.08984
          -7.14727
          15.73656
         -39.99408
         -16.50689
         -33.50991
          63.08334
         -30.55441
         -24.25196
           1.62693
          23.63889
          -8.32573
           4.27198
          -7.71593
           8.52760
          -4.87303
         -26.95837
          -7.76001
         -19.10605
         -19.61673
          24.08131
          21.40407
          23.26014
           5.70766
          -8.61174
          24.20191
         -21.68781
          12.04083
          -1.69825
          31.44393
         -30.50286
          37.75409
          22.82152
         -29.47220
         -46.49944
         -12.75925
          10.28821
          43.19413
          35.19382
         -12.26177
          15.10628
          -5.92468
          12.39333
          48.71699
           6.96148
           9.51231
         -15.22738
         -27.22151
          23.80669
          50.58779
         -35.61359
           9.52655
          40.84945
          -1.03017
          28.76431
          -3.42684
         -12.86600
         -22.26140
          -6.29898
          60.93441
           9.90164
          -4.84938
          31.12620
         -12.72706
         -44.70183
          18.39685
           3.12062
          10.61681
          28.73690
          55.36044
          -8.73953
          39.77138
          35.83022
          54.36123
          -8.56448
          34.48784
          -8.61351
          -8.17384
          22.20579
         -20.93699
         -10.29192
          49.38222
          28.82149
           0.53197
          14.93697
          16.10683
          32.28888
          -5.77639
           1.15574
          -9.77579
          39.36913
          -7.02422
           4.36791
         -10.59987
          -1.71294
          24.07270
          -4.28091
          -1.26123
           4.38344
           6.32405
          22.05692
          -7.98461
          -9.90296
         -18.21263
          54.57797
         -11.49624
         -17.04227
          36.08402
         -15.59453
          -9.92529
          20.28392
          51.51373
          -4.80315
          19.64356
          26.15955
         -29.24675
           0.62955
         -16.06541
          17.60178
          10.28982
           2.56740
          15.56735
          -7.20050
         -10.35753
          36.36605
          27.37554
          16.13218
         -11.76640
          42.69397
           3.47303
           4.54892
         -26.84484
          18.68056
         -18.00315
          17.30505
          -8.25258
           1.92286
          21.74347
          -5.19921
          20.88774
          24.69897
         -57.08079
          40.56851
         -15.94765
          -0.97360
           1.22094
          -8.32112
         -12.15076
          -6.04261
          -4.56887
         -51.02645
         -23.05173
          -6.77447
         -12.27492
          52.38494
          25.65107
          26.45440
          -9.32330
          -4.36982
          15.44424
           5.59685
         -11.20176
          27.70094
         -13.39633
          -1.02381
          10.62883
         -14.14055
          33.07328
         -22.05764
          40.25989
           6.63278
          42.96612
         -34.25629
         -13.23802
           3.93712
          25.44077
           3.11084
         -28.96256
         -44.22175
           7.39364
          22.31444
           7.58808
          -6.49794
          23.38348
          13.56052
          41.99218
           4.87055
         -31.94187
         -15.29999
          29.15676
          31.79704
          24.84899
         -10.41252
         -19.00966
          64.08157
          23.33642
         -11.97501
         -12.72962
          -1.13569
          -7.86977
         -24.95373
           1.04543
          -6.79322
          22.70390
          -0.38504
           2.26711
          -1.37593
           0.68132
           0.97142
          -1.27286
           2.47422
          -1.69172
          -1.34018
          -3.09490
           0.00324
          -3.86427
          -2.24699
           2.04435
          -0.82900
          -2.41691
          -1.72422
          -2.09406
          -2.36484
           2.18425
          -0.47278
          -1.33353
          -2.01652
          -5.03671
          -4.24954
          -3.08981
           0.63586
          -1.64522
          -2.44538
          -0.93452
          -3.32783
          -1.70272
           1.53426
          -0.36088
          -0.51097
           0.83273
          -1.98469
          -0.11575
           0.21708
           1.29679
           1.35802
           1.19832
          -0.63791
          -2.22311
           0.70489
           0.41087
           0.77547
          -1.16760
          -2.11321
           1.19125
               NaN
          -2.10204
          -1.86086
           1.32323
          -0.99197
          -1.48934
          -1.25989
           0.83095
          -2.36333
          -4.20228
          -0.72168
           0.00391
           0.19875
          -2.26894
          -0.24734
          -3.55026
          -3.75721
          -4.55033
          -0.51878
          -0.98387
          -0.83904
          -1.35679
          -1.86137
          -5.17898
          -2.08520
          -4.94380
          -2.21734
               NaN
          -0.01591
          -0.92390
          -3.20290
          -2.93689
          -3.27174
          -3.47639
          -0.08673
          -1.88400
          -5.50715
          -2.73154
          -3.50807
          -3.65535
          -1.18968
          -2.51516
           1.69036
          -1.95775
          -3.88157
           0.16276
          -0.56215
          -1.23852
           0.17903
          -2.91991
          -0.05931
          -1.19183
          -2.67674
          -3.78597
          -0.68853
          -3.22906
          -1.84685
          -0.20103
          -1.27468
          -0.89027
          -3.45210
          -1.35562
          -2.72647
          -2.13566
           0.67035
          -1.22944
          -0.02463
          -1.19905
           1.82379
           0.64404
          -1.98431
          -3.49451
          -1.14578
          -4.35159
          -2.14152
           1.59541
          -0.27518
          -1.84295
          -0.21322
          -1.68597
          -2.54979
          -2.88768
          -2.15427
          -3.45016
           0.35569
          -3.64987
           0.64166
          -1.66169
           0.24317
          -1.23652
           0.26332
          -1.03018
          -1.24088
           0.63167
          -0.94393
          -3.94106
          -2.95430
          -2.46018
          -0.05492
           1.49342
           2.40527
          -2.36784
           0.79702
          -2.98431
          -3.01522
          -0.55921
          -3.41226
          -0.32638
           0.02797
           0.53086
          -1.36308
           0.93683
          -2.88286
          -2.18321
          -1.48930
          -1.37502
           3.09696
          -4.35573
          -1.10685
          -3.83909
          -4.89339
          -0.99961
          -3.61267
          -2.09590
          -0.36849
          -2.13911
          -0.43596
          -0.36302
           0.62126
          -3.51713
          -3.05728
          -1.45960
           0.43451
          -3.39467
          -2.21647
          -3.40558
          -0.96032
          -1.95339
          -1.70784
           0.67317
          -0.90440
          -3.04259
          -1.06729
           1.18063
           1.52326
          -3.53884
          -1.34771
          -2.75495
           1.27261
           2.21552
           0.50296
          -0.92267
           0.90012
          -1.64938
          -1.97526
          -0.16116
          -2.81571
          -0.70776
          -2.26599
          -3.60868
          -0.83200
           2.84575
          -2.73691
           1.17394
          -1.27513
          -1.88950
          -1.07706
           1.90889
          -0.46445
           1.69933
          -1.62119
          -3.93233
          -1.50262
          -2.05486
          -1.28667
          -1.60816
          -0.00585
          -1.22280
          -1.51302
           0.85923
           2.78612
          -3.70658
           0.16625
           1.73497
          -1.64440
          -1.12613
          -0.65380
          -2.61923
          -1.63512
          -3.76891
           1.21276
          -0.94915
          -4.26677
          -2.41774
               NaN
           1.21564
          -0.14367
          -0.27775
           0.87721
           2.01733
          -0.74000
          -0.73070
          -1.22274
          -3.46138
          -0.87696
          -2.03046
          -2.74089
          -0.78853
          -0.55466
          -2.05204
          -3.19879
           0.76295
           1.03180
           0.66101
          -1.18764
          -0.98617
           0.05891
           0.34151
          -0.85419
          -2.82009
          -3.11655
          -0.09866
          -1.29015
           0.29309
          -1.43801
          -0.42445
           1.29847
          -1.46065
          -0.78190
           2.46812
          -0.86633
          -1.50218
          -2.95756
          -1.69088
          -1.68807
          -2.33655
           0.63796
           3.10416
          -1.64581
           0.86574
          -1.81628
           0.08273
          -0.32578
          -0.92048
          -3.52817
          -2.60176
          -2.08053
          -2.06649
          -2.53134
          -1.91175
          -4.78044
          -3.41532
          -1.78623
          -3.43137
          -1.54707
          -1.37346
          -1.89214
          -0.61500
          -3.63728
          -0.53580
           1.65230
          -4.68460
          -1.28999
          -0.19591
          -3.33137
          -3.38203
          -3.12203
          -0.79887
          -3.04478
          -3.98517
          -1.49910
          -0.66936
          -2.98328
          -0.69049
          -2.01941
           1.96245
          -2.97119
          -0.79876
          -1.17502
          -1.90115
           0.37161
          -0.07074
          -1.72804
          -1.79922
          -2.32976
           0.10286
          -1.62089
          -2.00991
          -3.66813
          -1.64530
          -2.30287
           0.04760
          -0.57154
          -0.98685
           0.05769
           2.17773
          -1.70839
          -0.69658
           1.13465
          -0.93946
          -2.99743
          -1.93806
          -2.60274
          -0.82985
          -1.80648
          -4.77136
          -3.26210
           0.59697
          -0.50352
           2.15736
           0.94284
          -2.57471
          -2.48514
           3.08669
          -0.52900
           1.71617
          -3.49185
          -1.33318
          -2.56774
          -1.91650
           0.39468
               NaN
          -2.45819
           0.82954
          -0.05401
          -0.31516
          -3.81759
          -0.94772
          -4.04437
          -4.56984
          -1.85102
          -1.95318
          -3.86938
          -1.16908
           1.58037
           1.01454
           1.26447
          -0.23147
          -1.93802
          -2.38999
          -1.12141
          -1.64000
          -3.63674
          -2.44340
           1.77064
          -0.92745
          -1.90380
          -0.87861
           2.59933
          -2.33812
          -1.07804
          -2.94926
          -2.41012
           1.41377
           2.44860
           2.25059
           2.24360
          -3.58211
          -1.96151
          -1.56164
          -2.30752
          -3.21032
          -2.04913
          -0.08707
          -1.93707
          -1.72974
           0.06582
          -2.18713
           2.81253
          -0.63307
           1.43877
           0.08965
          -5.42883
          -2.53283
          -1.40694
          -2.61449
          -2.20566
          -4.07451
          -0.95277
          -0.76996
          -3.09108
           2.43304
          -3.03388
           2.01356
           0.71176
          -0.03461
          -4.41975
          -1.78459
          -1.03093
          -0.73513
          -1.17926
           0.01509
           0.58520
          -2.19514
           3.08511
          -2.74553
          -2.75968
          -2.51111
          -3.23215
           1.73195
          -3.81360
          -2.54480
           0.30268
          -1.01976
          -1.62396
          -4.29196
          -3.66589
          -4.11504
          -2.01733
          -3.04992
          -5.43167
          -3.13757
          -2.03169
          -4.98824
          -3.47471
          -5.89440
           0.85799
          -5.85280
          -0.40575
           1.10095
           1.86240
          -2.42642
          -4.42528
           0.20221
          -6.14126
           1.07453
           0.65922
           1.54664
          -3.55097
          -1.61554
          -1.92134
           0.36047
           3.69529
          -2.40982
           0.23906
           1.25845
          -1.67032
           0.24390
          -2.37661
           0.85925
          -4.53026
          -2.90558
           1.05818
          -1.39923
          -3.23248
          -0.57233
           1.28304
           0.42467
           1.64348
          -2.14871
          -3.17695
           1.06914
          -3.79708
          -1.73957
          -0.72712
           2.78339
          -1.04887
          -1.73756
          -2.25512
          -3.03100
          -2.79736
           0.51893
           1.59439
           2.31578
          -2.28708
          -0.00848
          -0.50147
          -0.02642
           0.03692
          -1.39055
          -0.32799
          -3.17897
          -2.16415
          -0.39788
          -5.96366
          -0.26882
          -0.87598
          -5.29096
           1.05866
          -3.04611
           2.40931
          -1.54059
          -3.65910
          -0.71341
          -1.56909
           1.53176
           0.00795
          -3.20544
          -2.53139
           2.48025
          -1.44050
           2.24196
          -0.95072
          -3.10958
          -4.04389
          -2.32298
           1.78513
           3.22343
          -2.16249
          -2.25853
          -3.87579
          -5.72161
          -2.66555
          -3.28342
           0.20946
           2.47021
          -2.21289
          -0.68638
          -4.40889
          -0.50578
          -0.45499
           0.02297
          -0.01512
          -4.06189
           1.48009
          -1.16797
          -1.24622
          -0.44701
          -2.96029
          -0.93910
          -2.26517
           0.11906
          -1.10359
          -0.22007
           0.22495
          -4.22640
          -1.66119
          -0.80951
          -4.21004
          -4.00505
           0.22891
          -3.47322
          -0.23649
          -0.48504
          -0.50790
          -3.35959
          -3.68154
          -3.14401
          -2.73642
           0.83030
          -2.62634
          -1.90088
           0.48844
          -2.61749
          -3.43918
          -0.94887
          -3.92411
          -1.11267
           2.38039
          -0.84957
          -1.63663
          -3.66434
          -0.18772
          -3.09332
          -2.80877
          -4.02216
          -4.18793
          -0.25528
          -0.12947
          -2.06002
          -1.30154
          -0.84257
          -2.78147
          -1.77036
           0.90187
           2.94831
           0.11562
          -1.10005
           0.35229
           0.11014
          -2.62548
          -1.30820
          -2.96179
          -1.54885
           0.46228
          -1.83934
          -1.08311
           0.08371
          -0.26053
          -0.62753
          -2.86192
          -1.55076
          -1.52708
          -2.24127
          -4.38483
           0.04177
           2.05240
          -1.40359
          -5.06273
          -1.15462
          -0.91450
          -0.37890
          -4.38412
          -1.55537
           0.86042
          -1.19914
          -2.72973
          -0.81409
          -1.10001
           0.25807
          -1.38864
          -1.29953
           0.21849
          -0.71403
          -1.41259
          -1.62952
           2.33035
           0.58566
          -3.32733
          -2.71765
           0.69811
          -2.05365
          -4.63820
           1.03732
          -2.65868
          -0.31315
           0.95541
          -0.04295
          -5.18054
          -3.79471
           0.37997
           0.35606
           1.01569
          -2.54110
           0.22223
          -2.05864
          -3.22900
          -1.27629
           0.64832
          -4.70069
           2.16597
          -2.50937
          -1.50156
          -1.11069
           0.27758
          -1.34974
          -3.33304
          -3.64250
          -0.88449
          -1.50247
          -0.49831
          -0.09270
          -0.13364
           0.07475
          -1.30314
          -1.83963
          -2.55145
          -0.90368
          -3.27680
           2.04240
           1.74406
          -0.17393
          -0.91773
          -0.56650
           0.56211
          -1.95060
          -0.73997
          -3.80569
          -2.99307
          -2.28563
          -0.88920
           0.68062
          -3.25467
          -3.31557
          -4.42297
          -0.61833
          -0.18919
          -4.37495
           1.71841
          -4.17074
           0.94934
          -0.96315
          -0.08482
          -0.21627
          -0.80251
           0.72666
          -0.45106
          -1.05459
          -0.44015
          -0.21417
          -3.29434
           0.49363
           0.64234
          -2.10098
          -2.87204
          -0.56695
               NaN
          -0.03993
          -0.54154
          -2.26603
          -5.64870
          -1.74106
          -1.70873
          -1.71404
          -0.85615
          -0.58030
          -0.80676
           2.15886
          -2.12413
          -0.91225
           0.10801
          -4.86235
          -5.93912
           0.99562
          -0.20342
          -1.58264
          -1.09741
          -1.69797
           0.28220
          -2.35621
          -2.71928
          -0.35184
          -1.03122
          -1.44228
          -2.48667
          -0.86330
           0.04737
          -3.05192
          -0.06528
          -0.67674
          -0.12850
          -1.73918
          -0.62074
          -4.96883
          -1.98095
           1.14578
           0.59721
          -0.74686
          -2.08574
           0.66537
          -5.73494
          -0.60271
           0.17782
          -1.53800
          -3.36113
          -2.28497
          -3.35674
          -1.27484
          -1.53207
          -0.35622
          -0.02489
          -0.64346
           0.47585
          -1.46912
           0.73451
           0.37368
          -2.30303
           0.06561
          -2.54320
          -0.26698
          -0.12987
          -1.80034
           3.06526
          -1.59088
          -2.56398
          -2.10768
          -1.80321
           0.48250
           0.19633
          -4.25977
          -0.27622
          -0.65193
           1.07922
          -2.48882
          -3.97046
          -2.81332
           1.05108
           2.30414
          -0.89353
           0.21606
          -0.04435
           0.47051
          -0.90895
          -0.57878
          -0.31205
          -2.42114
          -1.01541
          -2.04354
           0.42196
          -0.46245
          -2.04975
          -1.04162
          -0.05114
          -0.78122
          -0.93117
           0.01742
          -2.36431
          -0.73888
          -4.53638
          -1.92598
          -0.01217
           0.34593
          -2.07598
          -0.92768
          -1.19048
          -0.27274
          -0.67319
          -5.10674
          -2.38760
          -3.92461
          -0.32559
           1.26129
          -1.02543
           0.61308
          -1.87782
          -1.66906
          -3.39198
          -2.47819
          -4.05839
          -2.72280
          -1.96529
          -3.30546
          -3.26652
          -2.78115
          -0.60334
          -2.54044
          -3.53596
          -2.09104
          -1.49696
          -3.42482
          -0.16544
          -2.90316
          -1.37038
          -1.69993
          -0.66796
          -1.16835
          -0.45363
           0.27719
           3.60071
          -2.35683
           1.30283
          -2.74657
          -1.82103
          -3.75372
          -0.26556
          -3.63053
           0.23187
          -0.88411
          -1.95701
           0.30922
          -3.02175
          -1.00767
          -0.59959
          -1.24039
          -0.53617
          -0.28282
           0.06289
          -1.27676
          -1.34122
          -3.87448
           0.61105
          -4.87347
          -0.92702
          -0.90115
          -0.03062
          -1.56168
          -2.98618
          -2.78753
          -1.38597
          -4.14321
          -2.14986
          -1.29844
          -2.66680
          -4.52672
          -1.90841
               NaN
          -3.32703
           0.35460
          -1.97410
          -1.40611
           0.75320
          -1.47098
          -3.01113
          -1.10245
          -4.69327
          -0.92637
          -1.11130
          -2.82540
          -3.76793
          -4.15550
          -2.80528
          -0.15254
           2.87971
          -1.53785
          -2.04521
          -1.83959
           0.44441
           0.77652
           0.97715
          -1.51385
          -2.73867
               NaN
               NaN
          -0.66451
          -0.60525
           1.54167
          -2.11450
          -3.63461
          -5.10207
          -2.11701
          -2.52127
          -1.38053
          -1.75190
          -2.51657
           1.55410
          -0.83107
          -1.07471
          -1.60999
           0.35071
          -1.54819
           0.00636
          -0.71270
          -0.61637
          -1.07221
          -0.98009
          -1.75386
          -1.06041
           0.23021
          -2.28249
           0.41933
          -1.53781
               NaN
          -1.42270
          -3.15846
           2.56938
          -1.73567
          -2.16084
          -1.58092
           0.32904
          -2.73166
          -4.41851
          -3.70371
          -1.86302
           0.29003
          -3.50569
          -2.67672
           1.41460
          -3.46505
           0.80649
           0.28632
          -1.55645
          -3.24213
          -1.37302
           1.76030
          -0.97986
          -1.92042
          -3.51955
          -1.76654
          -5.20430
           2.95224
           0.22124
          -3.01868
          -3.91529
           0.58268
          -0.55310
          -2.77621
           1.41410
          -1.79954
           0.81453
          -0.55749
          -0.07076
          -5.76908
          -5.12862
           1.28911
          -4.97228
          -1.58594
          -0.06875
          -3.13536
          -5.60428
          -0.58346
           0.35632
          -0.70959
          -4.97178
          -6.31471
          -2.86875
          -2.96678
          -0.07084
          -0.86564
          -0.42082
           1.18500
          -3.19969
          -0.32126
           4.13482
          -0.59573
          -2.42044
           2.44056
          -2.02906
          -0.62280
           1.26430
          -0.44473
          -5.85346
           3.91095
          -0.81786
           1.71170
          -1.48628
           4.05045
          -2.08977
          -0.80201
          -1.06826
           0.14558
           0.81908
          -4.71711
           0.22244
          -3.01099
          -0.18637
          -0.36518
          -3.88300
           1.19774
           1.79742
          -4.33381
          -1.02047
          -3.56591
           0.62346
          -1.56611
           1.53457
          -7.04190
          -1.77969
          -7.59570
          -3.03712
          -4.69059
           1.31891
          -1.56482
          -0.84502
          -4.71025
          -4.72013
          -5.23015
          -0.02486
               NaN
          -1.76842
           1.14765
          -1.09079
          -4.15271
          -1.64274
          -2.82144
           1.19198
          -2.79452
          -2.40941
          -4.39585
          -1.93159
          -2.15796
           0.71904
          -1.33696
          -1.59361
          -2.79400
          -6.97059
           0.89461
          -1.58457
          -0.17542
           0.70215
          -3.68370
          -1.59284
           2.86211
               NaN
          -3.06552
           0.52196
          -5.16191
          -0.95639
          -5.18496
          -1.27655
          -0.71790
          -2.31102
          -2.02984
          -1.29112
          -5.20228
           3.04403
          -3.15782
           0.22395
          -4.22152
           0.36285
          -0.89879
          -2.18324
          -1.65769
          -1.48336
          -3.50569
          -0.04044
           1.30747
           0.45535
          -2.54559
           2.30236
          -0.02589
          -2.00816
          -3.65874
          -1.06960
          -2.63443
           1.06963
          -1.75208
           0.98956
          -2.20133
          -1.53181
          -0.93206
          -1.92439
          -0.10305
           1.18316
          -1.51186
          -0.60213
          -3.29653
          -3.47906
          -0.58228
           1.62678
           3.00062
           0.29107
          -1.86903
           1.07340
          -5.19954
          -4.78314
           2.41497
          -1.65548
          -0.15875
           4.17350
           1.07895
          -4.75089
          -2.65724
          -1.36872
          -4.96295
          -1.15571
           0.52021
           1.04464
          -3.06239
          -2.96919
          -0.71020
          -3.56075
           0.67566
          -2.91894
          -1.25428
          -1.37305
          -1.42280
          -0.36143
           1.02304
          -0.86127
          -3.49773
          -3.62215
           0.23837
           0.30787
          -2.10396
          -1.20254
          -6.20979
          -1.29232
          -4.24398
           0.45478
          -0.71123
          -1.57805
          -6.37581
          -4.21633
          -0.07214
           3.20060
          -6.00472
          -4.63293
          -4.07858
           0.63388
           1.63706
          -2.22623
          -0.52554
           1.01823
          -2.89153
          -2.68106
           2.16005
          -4.68959
          -0.68768
          -1.27573
          -3.47928
          -2.27313
           3.25683
          -5.34535
          -1.63883
          -3.12960
          -1.70736
           0.20511
           1.15063
          -2.02031
           4.07934
          -4.61174
          -3.00241
          -1.83120
          -2.98419
          -4.43165
          -2.54539
          -0.95468
          -1.30481
          -3.52684
          -0.88226
           1.96558
          -4.66418
           1.82361
           2.27104
           0.15962
           2.23167
          -1.94474
          -3.19945
          -3.03086
          -5.76204
           0.27449
          -2.53525
          -3.04497
          -2.28383
          -7.42245
           3.11290
           2.40709
          -0.13009
           0.33354
           0.23775
          -0.96743
          -0.06881
          -1.24787
          -4.06198
          -3.28254
          -1.02020
          -4.99227
          -0.49401
          -1.78561
          -2.76304
          -3.01713
           0.48173
           2.77376
          -2.74622
          -1.36225
          -3.51822
           3.02182
          -5.52074
          -0.75035
           0.49669
          -4.04079
          -2.31900
           0.50278
           0.78554
          -1.02831
           1.40391
          -5.50889
          -3.18324
          -0.43568
           0.66875
          -0.28370
          -1.51329
          -2.98524
          -2.49907
           1.58758
          -1.20276
          -0.89308
           2.87880
           0.35074
           2.23897
          -4.08673
           1.05003
           1.47014
          -1.16263
          -2.56473
          -1.56478
          -4.00506
          -3.52808
          -3.11546
          -0.45570
          -3.81205
          -1.67845
          -0.34071
          -1.96588
          -2.63357
          -4.15679
          -0.60933
          -1.23858
          -3.74285
           1.39003
           1.58021
          -3.87643
          -0.11126
          -0.22422
          -2.46392
          -3.64699
          -3.87062
           1.59806
          -3.85011
          -4.30973
          -4.37294
           0.79815
          -2.18719
          -1.32429
          -0.53490
           0.06096
          -4.89565
          -2.54344
          -1.80640
          -2.69475
           2.61155
           0.01961
          -5.84094
          -3.54763
           0.65183
           2.82810
          -1.82963
          -1.49214
          -3.39447
          -4.26602
          -4.40448
          -0.06140
          -2.22759
          -1.40970
           0.28272
           1.35878
           1.34134
          -1.55584
           3.33521
           3.84058
          -1.73722
          -1.61336
          -1.28425
           2.88677
           1.53971
          -3.13088
          -4.07114
           0.25493
          -2.33646
          -0.22517
           1.62542
           0.04534
          -4.30915
           4.43160
          -1.70673
           0.87387
          -3.96173
          -1.43882
          -3.04310
          -1.27955
          -0.79137
           5.12092
          -1.00424
          -1.81220
           0.42098
          -0.80113
          -3.35446
          -1.67704
          -2.57113
          -3.68855
          -2.84964
          -2.12883
          -4.98532
          -0.88409
          -3.94529
           0.91284
          -4.38818
          -4.40105
          -3.24171
          -1.99686
          -2.02413
          -0.69183
          -3.92765
          -5.17778
           3.39728
          -0.84286
          -5.69360
           1.21145
           1.61555
          -0.34981
          -2.53800
          -4.24221
          -3.31649
           1.69113
           1.95049
          -2.81838
           4.91912
          -4.92584
          -2.36749
          -2.01808
          -3.67952
          -3.54482
          -2.31240
           0.54132
           0.07114
          -2.14561
          -1.54075
          -0.54575
           1.22328
          -3.86479
           1.03465
           0.87425
          -4.07659
          -2.07502
          -2.74169
          -1.68895
          -3.57403
          -2.63347
           1.41165
          -1.54163
          -5.17603
          -0.12715
          -0.36221
          -2.92989
          -1.91913
           1.74727
          -5.92668
          -1.77217
          -0.61316
           1.13115
          -2.11368
          -1.08336
          -0.96627
          -4.78422
           1.67690
          -0.25325
          -6.85642
          -4.95317
          -4.36547
          -0.09112
          -4.97023
          -2.71629
          -1.08427
          -2.92201
          -4.21460
          -6.23613
          -1.17059
          -6.03766
           0.89721
          -3.11659
          -4.91545
          -3.90557
          -2.61993
          -6.17759
          -1.71454
          -4.11566
           1.85066
          -5.42726
           1.11257
           0.35554
           1.28283
          -1.33163
          -3.76987
           2.61766
          -2.80287
           4.95027
          -0.90187
           1.67120
          -5.08847
          -2.92995
          -4.04150
          -1.76855
           1.70292
          -5.77934
          -0.12449
           0.23375
          -1.06677
           2.84799
          -2.40099
           0.44605
          -5.59989
          -1.70621
           0.86632
          -2.29037
          -1.85957
          -3.26231
          -1.37272
          -0.96497
          -2.75061
          -4.78303
          -3.70992
           3.67117
          -2.46866
          -4.34099
           0.77356
           3.67915
          -2.98141
          -1.17278
          -0.03084
          -2.57783
          -4.41311
          -0.04133
           1.92162
           0.95535
          -7.93238
          -0.91898
           3.07291
          -0.56855
           2.21629
          -2.73438
           0.74239
          -1.24458
          -4.95979
          -0.17414
          -4.50726
          -2.46799
          -5.27583
          -5.70220
           2.14849
          -3.03112
           4.10346
          -0.25117
          -5.79910
           2.81537
          -4.44129
           1.84725
          -0.65781
          -4.05128
          -0.83569
          -0.08362
          -2.29503
           3.42607
          -1.13828
          -5.77496
          -5.13205
          -2.08795
          -0.53850
           3.39051
          -1.11947
          -2.06560
          -3.41372
          -4.48965
          -1.98471
          -2.94128
          -2.63969
           1.45955
          -0.83791
          -3.27271
          -3.24805
          -5.45485
          -1.70395
          -0.83237
           0.42524
          -3.57022
          -0.19020
           0.37863
          -3.62560
          -2.01661
           0.04879
          -2.41223
          -2.85076
           1.07155
          -3.03423
           0.33447
           1.93116
           0.46783
          -2.50656
          -2.08229
          -4.32259
          -4.62411
          -0.04131
          -1.85597
          -1.43043
          -3.75107
          -1.18824
          -3.39232
          -3.38900
          -3.14233
          -3.77029
           1.23391
          -3.53153
           0.63134
          -1.42024
          -3.69586
          -1.35068
          -3.18717
          -6.41973
          -1.29855
           2.57136
           1.13104
          -1.63318
          -0.18189
          -0.95205
          -6.04291
          -5.33828
          -4.52815
          -6.03140
           1.10786
           1.83294
          -3.59282
          -0.04560
          -3.65442
          -2.54187
           0.98274
          -5.64384
           0.57515
           0.00446
           2.40184
           2.28915
           3.13845
          -3.77556
          -3.12104
          -2.74924
           0.81045
          -1.29942
          -4.58335
          -0.63680
           0.42047
          -2.30249
          -0.59111
          -4.58075
          -3.19424
          -4.88778
          -2.93233
          -5.24750
          -2.54399
           1.39301
          -1.32731
          -4.69909
          -1.21835
          -0.99592
          -2.34099
          -5.54654
           1.09675
           1.80733
          -3.23963
          -3.39043
           0.65559
          -1.35256
           0.46485
          -1.07906
          -2.94696
          -0.64995
           2.55301
          -3.06275
          -3.55152
           4.50558
          -3.37053
          -2.66911
          -2.22034
           1.99443
          -6.45889
          -3.23497
          -0.19981
          -5.10782
           1.76204
          -0.93143
          -0.19650
          -7.08957
          -4.60673
           0.89065
          -1.96478
           2.31977
          -2.49276
           2.79239
          -2.09702
          -2.16063
          -2.19495
          -0.33216
          -5.09977
           0.73908
           1.02778
          -2.73032
          -0.65675
           1.91028
          -1.84422
          -3.24999
          -2.85531
          -1.57811
          -0.25375
          -1.04591
          -1.97665
          -0.31953
          -4.10246
           1.70441
          -3.36434
          -1.31646
           0.01049
          -2.30167
           4.93624
           4.95981
           0.39568
          -2.74580
           1.14855
          -2.65833
          -0.42415
           0.20518
          -5.80888
          -2.05590
          -2.33683
           0.16830
          -2.34029
          -1.57507
          -4.46485
          -7.17754
          -0.29401
           1.76335
          -4.24037
           1.20861
          -4.06480
           1.02626
           1.28765
           1.71655
          -1.95247
           1.41474
          -3.56131
          -2.16778
          -0.92816
          -0.67129
           0.36381
          -3.26166
           0.76081
           2.15441
          -3.18816
          -2.67840
          -0.88632
           2.94907
           1.41282
          -1.04566
          -3.20452
          -4.43707
          -0.50329
          -3.90919
          -3.77200
           1.84221
          -4.45200
          -1.35042
           3.62066
          -3.79591
          -0.55440
          -2.76792
          -7.71308
          -8.12132
           2.85969
          -1.76685
          -3.20996
          -5.68683
          -6.22015
          -2.05181
          -1.00702
          -6.72647
          -0.91510
          -2.50030
          -2.48052
          -2.37590
          -2.71301
          -2.77642
          -6.04873
           1.24747
           0.62507
          -0.18552
          -3.82024
           0.18411
          -6.26040
          -2.78397
           1.49697
          -1.45624
          -1.61509
          -0.42166
           1.59486
          -1.91240
           0.93879
          -2.03587
          -3.10022
          -6.12780
           0.29201
          -4.32810
          -1.21212
          -1.69793
           1.84354
          -2.44272
          -2.76972
           0.15255
          -1.16677
           0.62880
          -3.14961
          -2.88718
           0.32313
          -3.55361
           2.57157
           1.49467
           1.85997
          -1.61680
           0.69714
          -1.17883
          -2.08485
          -3.39640
           1.96512
           2.06538
          -2.13089
          -1.17441
          -0.51104
           3.52642
          -2.11132
          -2.39229
          -1.26211
          -0.22697
           0.41015
          -1.51098
          -0.33656
           1.17974
          -1.73456
           0.25604
          -0.99439
          -0.10259
          -4.53685
           2.19734
          -4.30852
          -1.64866
           1.91762
           2.01620
          -0.46531
           1.07527
          -3.11988
          -2.76523
           0.92270
          -3.84733
          -0.76933
          -4.09037
          -5.90558
          -0.60860
          -0.45851
          -0.53847
           1.78096
          -2.68347
          -4.49284
           1.63956
          -5.98097
          -5.22601
          -3.75950
          -0.53665
           1.29954
           0.12227
           2.01715
          -1.55988
          -5.90232
          -2.86205
          -0.69774
          -6.60516
          -2.11602
           1.11563
          -3.64565
          -3.95927
          -3.47716
          -2.95004
          -6.13268
          -2.20004
          -5.05879
          -3.18848
          -6.84812
           0.51103
          -5.07103
          -0.67783
          -1.48391
          -2.10138
           2.10219
          -0.03977
          -2.81729
           1.72626
          -2.66637
           0.03438
          -4.29853
          -3.63750
          -3.34468
          -0.60165
          -0.62112
          -2.32736
          -0.69200
          -2.18200
           1.62565
          -2.77325
          -2.21737
          -0.20471
          -1.34549
          -1.03462
          -0.29087
          -1.96266
          -0.59261
          -0.61124
          -2.88300
          -3.52288
          -4.47621
          -0.05376
          -3.42712
           1.48884
          -0.82771
          -4.63928
          -4.13209
          -0.14549
          -5.64502
          -4.42229
           1.31678
          -3.09300
          -3.46493
          -1.26370
           3.75444
          -3.61858
          -0.19176
          -0.86323
          -0.66084
          -2.29942
          -3.88043
          -2.89492
          -0.50067
          -8.28297
          -1.62897
           0.82537
          -1.18382
          -5.06416
          -2.84726
          -3.78546
           0.82984
           3.03643
          -2.69175
          -1.87350
          -3.61398
          -0.26222
           4.71090
          -2.51664
          -0.65962
          -2.70920
           4.23195
          -7.42175
          -0.22353
           0.01046
           1.46009
           2.29195
          -1.46878
          -2.11859
          -1.06687
          -6.71329
          -2.58476
          -1.92459
          -1.21170
           2.09742
          -1.75578
          -0.32149
           0.31810
          -2.16238
          -0.91094
          -0.03355
          -1.94209
           1.92453
          -3.63589
           0.67022
          -4.13684
          -1.22067
          -3.36142
           0.40478
           1.38263
          -1.58825
           1.95704
          -1.99828
          -1.17921
               NaN
          -0.20227
          -3.82095
          -2.51362
           1.83323
          -4.49493
          -3.95095
          -6.47590
          -1.73514
           3.53039
          -2.15960
          -4.92934
          -1.46837
          -5.23264
           1.72738
           1.59279
          -6.39833
          -5.32271
           0.83993
           2.37122
          -0.90170
          -1.38871
          -1.93513
          -1.78165
          -5.02081
           1.14416
           0.61759
          -3.33275
           2.81302
           0.84405
           3.48627
           1.20708
           4.22300
          -1.51384
          -4.89461
          -7.28063
           0.12530
          -0.72209
           2.50657
           3.29021
           6.00578
          -3.78767
          -4.45508
          -0.37632
           2.97895
           6.74989
          -1.84046
          -2.36279
           2.85849
          -2.92853
          -6.52730
          -3.29276
           1.80163
          -2.93122
          -5.78510
          -4.43089
          -3.53922
          -3.98159
          -2.75564
           0.02651
           2.63889
          -1.81956
          -1.91150
           0.72070
          -1.51042
           4.16962
               NaN
          -3.27646
          -0.34105
          -8.71400
           4.31946
          -5.59301
           5.50198
          -1.77068
          -3.83698
           2.91619
               NaN
           2.21178
          -5.29749
           8.47298
          -2.32088
          -3.34377
           3.06720
           0.22590
          -9.22692
          -3.98530
          -0.22880
           5.89270
          -0.50184
          -3.42834
          -3.18679
           2.20957
          -7.01934
           0.47334
           3.63550
           5.13077
          -4.39879
          -1.01363
          -3.53795
          -5.95220
           2.26140
          -4.47144
          -5.83408
          -2.69817
           2.87504
          -4.34115
          -6.68705
          -0.93127
          -5.95895
          -4.55680
          -2.19610
          -0.38199
         -10.61720
           0.01392
          -6.10863
          -6.12545
          -4.33832
          -4.45872
           7.10762
          -0.57827
           1.21410
          -1.04449
           1.12444
          -2.99222
          -0.68392
          -1.65994
           2.47040
          -7.87924
           8.35840
          -4.97442
          -2.68537
          -0.04062
          -3.31576
           8.02048
          -1.27159
          -1.17463
          -5.33444
          -0.24344
          -5.09424
           2.92307
          -3.24528
           1.95164
          -0.43470
           3.78684
           4.23378
           3.18910
          -1.65617
          -6.52452
          -0.58891
          -5.74699
          -5.60747
           2.07038
          -1.48026
          -0.68386
          -4.36293
          -4.42445
          -3.44325
          -1.61574
          -3.94353
          -4.79579
          -0.82201
          -6.78046
           0.06776
          -0.77150
           3.17119
          -1.73874
           3.87218
          -2.55959
          -5.23958
           4.16765
          -1.50778
          -5.00427
          -2.08866
          -5.55799
          -2.82907
          -0.99285
           5.89288
          -3.19066
           0.34110
           0.66994
          -0.09884
          -5.46544
          -6.31026
          -0.60290
          -6.81051
          -0.37327
           4.22548
           6.86563
          -5.38060
           2.40228
          -2.03960
          -4.50141
           6.48249
          -6.48922
           1.96527
          -9.00054
          -7.09172
          -3.76313
          -4.75705
          -3.48424
           1.28863
          -3.32075
          -0.55892
          -2.64948
           3.06685
          -3.54914
          -2.12547
          -4.26058
           0.64343
          -5.52382
          -3.88905
           1.22025
          -0.41266
           1.82517
          -5.27532
           2.95688
           0.20686
           2.45591
           4.12739
           3.24722
          -1.24370
           0.52890
           4.07160
          -0.57147
           2.32625
           3.16974
           5.00504
          -1.57779
           0.70528
           0.39969
          -0.81098
          -3.99023
           0.27546
          -0.74089
          -3.89953
          -3.82212
           1.54529
           2.16764
           1.56597
           5.81390
           1.78401
          -2.18996
          -3.19212
           3.15973
           2.10211
          -2.22674
           3.31204
          -5.46631
          -0.96061
          -0.52182
           3.90132
          -0.06208
           1.55934
          -1.08751
           1.80897
           3.73201
           4.13970
          -2.12692
          -2.56775
           0.85067
          -4.62032
          -6.66518
           1.47574
          -1.66209
           0.66730
          -0.48102
           2.76054
           1.66729
          -6.28227
          -2.63863
          -4.59514
          -1.91411
          -4.35142
          -0.52134
           1.77404
           4.95294
          -0.36483
          -1.82258
          -1.18129
          -2.47063
           3.09130
          -3.69698
           0.97300
          -1.27437
           1.47591
          -0.87919
          -3.49847
           1.22685
          -1.84173
           6.28159
          -0.89960
           3.19072
          -4.82871
               NaN
          -1.02548
          -8.29147
          -1.59191
           3.56404
          -4.24777
          -0.51926
          -2.11386
          -3.44054
               NaN
           1.38094
          -1.35303
           5.43635
          -1.82745
          -1.48384
          -2.91189
          -0.35769
          -7.09160
          -4.20685
           3.16357
           3.47591
          -4.93934
          -1.39955
           1.92907
          -1.51294
          -3.28834
          -0.52103
          -5.11747
          -4.31236
           1.09419
           0.34456
          -1.56775
          -4.31365
          -6.37790
          -6.28048
          -4.17075
          -5.84886
           0.24523
           3.21793
          -4.00827
           0.41366
          -3.46313
          -3.71265
           1.77122
          -6.01777
          -3.23444
          -0.14922
          -4.76232
          -2.94496
          -1.88716
          -4.75286
          -1.71630
          -3.44975
           3.24159
          -3.09017
          -4.29653
           0.35502
          -4.46828
           5.09915
           0.20340
           2.07927
          -0.13350
          -0.59201
          -3.32339
          -0.21978
           5.05663
           1.08498
          -7.24821
          -4.39272
          -1.27655
          -2.86402
          -4.11956
           2.67787
           1.16397
           0.22741
           2.16029
          -0.28930
          -0.31353
           3.52868
          -6.73924
           0.72087
          -2.49540
          -8.82463
          -5.07630
          -2.47368
          -4.77772
          -6.96082
          -7.32638
          -7.47750
          -1.92750
           1.16121
           2.52011
           6.08760
          -0.18315
          -6.89678
           0.52377
           0.86812
           1.41381
           3.10563
          -2.71674
          -1.15892
          -1.78359
          -2.96722
           2.35119
           2.74191
          -4.85662
           5.18735
          -0.83756
           0.48649
          -4.58158
           0.25538
          -6.47463
          -6.02362
          -0.20370
          -1.66341
          -2.02851
          -1.63920
               NaN
           1.18231
               NaN
           6.64668
           0.21256
          -3.03848
           0.36772
          -3.20411
          -3.15685
           2.06725
          -0.91268
          -1.06699
           4.34788
          -4.32639
           4.22219
          -5.61804
           1.33031
          -0.81642
          -0.91497
           0.95623
           3.27028
               NaN
          -2.16995
          -1.36548
          -1.29181
          -0.80869
          -0.04426
          -2.65854
          -1.61483
          -1.12367
          -5.24981
          -1.04372
           2.71603
          -4.89477
           5.43416
           4.69801
           2.10541
          -1.20462
          -7.65949
          -3.28804
           0.79487
          -4.14127
           0.05162
          -6.45167
          -4.85312
           0.50297
           0.34827
           6.65633
          -7.44109
               NaN
           5.05170
          -2.97400
          -1.93392
          -1.80507
          -1.72010
          -3.81375
           0.36216
           1.82711
           3.14452
           2.07583
           5.40811
          -6.85681
           3.99832
           1.51733
          -1.36260
           4.73931
          -1.90562
          -2.26191
           2.59059
           2.11822
           2.64958
          -1.08486
          -7.78215
          -0.94347
          -6.82519
          -2.93993
          -6.28324
          -1.87068
          -1.06133
          -3.02629
          -6.37830
          -8.82862
          -0.77951
          -6.55476
          -2.91038
           2.33058
           2.81845
          -4.23238
          -5.50645
          -3.78234
               NaN
          -5.31892
           3.23440
           1.34116
          -1.01470
           0.55274
           1.57611
           3.87253
           6.98192
           3.14857
           0.83876
           2.94880
          -2.66595
          -4.05181
          -2.33640
           1.54086
          -2.76579
          -4.88408
           1.37469
           0.07079
          -5.49724
           3.86509
           5.66401
           2.71702
           8.89201
           2.19689
          -2.29775
          -3.22317
          -5.98843
           2.55176
          -3.20265
           1.30574
           2.13907
          -2.66922
          -5.92431
          -3.77855
          -0.13202
           1.44314
           1.05459
           4.55997
           7.02544
           1.49348
          -6.39781
           0.86787
          -3.55817
           0.82623
          -2.09371
          -6.36995
           2.44756
          -0.76696
          -8.36615
           3.35894
           6.38203
          -4.61259
          -0.73913
          -3.07084
          -0.38536
          -3.66763
          -0.12895
          -6.53450
           3.16892
           1.01131
           1.10620
          -1.81013
          -5.32864
           6.70961
          -0.03087
           0.28866
          -0.64132
           1.28726
          -2.24886
          -2.71069
           5.61820
           2.94781
          -3.88305
          -2.57677
          -4.63803
          -7.75387
          -3.78865
          -3.84781
           4.90944
           4.13739
          -4.48106
           3.58006
          -6.32382
           7.65824
           1.60531
           1.43393
          -0.74155
          -4.87295
           4.23543
          -3.71924
           2.67882
           2.14221
          -7.92408
           1.49100
          -1.29917
          -1.45218
           2.08119
          -1.13485
          -2.58961
               NaN
          -0.26667
           1.29008
          -4.02438
          -2.98385
           0.67467
          -6.14105
           1.73305
           4.90261
           0.61440
          -3.30558
          -4.16412
          -3.14678
          -1.03094
           0.16451
          -1.13315
          -6.07805
           3.63701
          -0.83860
          -6.88436
           2.74344
           0.19267
          -0.80605
           2.06535
          -4.11680
          -1.64232
          -9.40902
           1.07311
           1.77235
           1.36391
          -3.18748
          -1.14693
          -2.50393
          -3.36667
           0.46850
          -3.37334
           3.79589
          -3.17673
          -6.31189
               NaN
           6.86309
           0.29898
          -6.87679
          -2.84278
          -4.88539
          -0.72829
           1.68227
          -3.31240
          -5.44077
           3.36840
           2.68720
          -1.81935
          -0.47181
           3.10791
          -0.68762
          -0.02653
           1.16033
           4.01674
          -1.10129
          -2.96177
           4.30725
           3.14013
          -1.52942
          -5.66258
          -1.04948
          -0.78018
           2.85779
          -2.46659
          -5.93034
          -0.70161
           2.16685
          -1.63984
          -3.23849
          -0.68342
          -0.08302
          -1.89932
           1.41808
           1.65108
          -6.10336
           1.30953
           1.54101
          -1.25791
           7.11182
          -4.41314
          -3.53801
          -1.44032
           5.21325
          -6.95298
           3.07809
           1.38144
          -3.73639
           4.06795
           0.21035
          -2.03140
          -2.45518
          -0.46246
           4.18455
          -1.13552
          -2.62083
          -4.01753
          -1.99533
          -4.99140
           0.23913
           2.26573
          -4.04236
           4.51977
          -8.34429
           0.52541
          -1.85952
          -2.41573
          -0.53404
          -3.47004
          -4.94105
           0.25971
          -3.56236
           0.40502
           3.01508
           0.17301
           6.96550
          -6.26440
           0.67555
          -4.58870
          -2.41170
          -4.88539
          -2.73130
          -3.56067
          -1.11356
           2.09786
          -3.39564
           5.87455
          -4.46864
          -2.29910
          -0.50122
          -4.53904
          -2.20116
          -2.63366
           5.66393
          -6.02534
          -1.41970
           0.12100
          -1.15333
          -3.41012
          -4.59695
           2.55937
          -4.34549
           0.82246
          -4.67608
          -3.05638
           2.64778
          -4.46009
           7.80012
           2.38086
          -1.26315
          -0.05884
          -1.16760
          -3.34826
           0.05289
          -1.85196
          -0.30757
          -3.19147
          -0.04011
           7.70317
          -2.43639
           0.29008
          -0.71789
          -7.64742
          -3.78288
           1.92117
           1.68078
          -5.30737
           5.80650
           0.09007
          -0.25253
           0.63365
          -1.50257
           4.85217
          -0.15976
          -2.33935
          -2.07937
           2.37563
           1.10180
           6.47333
           5.76185
           4.13240
          -4.58184
           3.89099
           0.57733
           1.39218
           0.27041
          -2.66940
           2.18799
           4.70550
           1.89165
          -2.23082
          -2.82421
          -0.03443
           1.69374
          -1.94842
          -2.83823
          -0.65627
           0.56645
           3.98459
           0.68539
          -4.83081
          -0.86792
               NaN
          -3.14558
           3.82954
           1.03905
           1.20279
          -6.53598
          -1.75437
          -1.37831
          -1.25847
          -3.98494
           3.96358
           2.86404
           1.00916
          -1.96789
           0.90890
           6.18572
          -1.33942
          -0.35920
          -0.87641
          -4.94947
          -2.80971
          -7.83843
               NaN
          -5.36522
          -4.84893
          -2.14534
           0.82492
          -1.96324
          -2.88686
          -7.77159
           1.20545
          -0.88434
          -2.95770
          -3.11156
          -6.57383
          -5.37219
           3.15936
           5.42847
           0.12502
           1.12766
          -2.06362
           4.10801
          -2.83072
           0.10682
          -0.65758
           1.06893
          -6.31518
           1.69277
           3.83768
          -4.38864
          -8.75695
          -1.99230
          -1.90927
           3.07665
           2.09432
          -1.47595
           0.08209
          -0.68864
          -5.27212
           4.63878
           0.97171
           1.67294
          -4.61228
          -5.39585
           1.27237
           6.68877
          -4.48832
          -3.66462
           2.29466
          -4.19697
           0.02256
           1.19820
          -2.91868
          -1.70308
          -2.40229
           5.31414
          -4.26616
          -5.41522
           0.14277
          -3.72375
          -7.04759
          -2.74430
          -2.12374
          -1.63301
           3.26780
           3.38533
          -5.73970
           2.80459
           1.29338
           2.22227
          -1.28135
           0.67298
          -2.51281
          -2.05627
           1.69663
          -6.56344
          -1.13634
           5.38186
           6.69282
          -1.84620
           3.39527
          -0.18646
           1.17543
          -4.42847
           0.28884
          -8.59489
           4.45359
          -1.20100
          -1.58587
          -1.86236
          -3.43167
           0.98787
          -1.25099
          -1.06701
           0.28609
          -0.26953
           3.40424
          -2.40534
          -2.54540
          -5.51005
           7.43039
          -5.52880
          -2.36755
           3.26572
          -2.53714
          -2.77245
          -0.25920
          -0.56955
          -3.43227
          -1.66582
           1.59875
          -5.61253
          -1.96374
          -6.27825
          -2.97192
           6.89352
          -2.84609
           1.25587
          -3.80658
          -2.63552
           5.78883
           2.50366
          -3.20283
          -2.09516
           1.22831
           0.23265
          -4.30606
          -5.53336
          -1.62967
          -6.31357
          -1.18837
          -1.77309
           2.62118
           0.36564
          -2.32845
           1.08746
           1.61008
          -5.71366
           6.74052
          -2.92300
          -2.78727
           4.06750
          -8.92392
          -1.39197
          -1.62094
           1.67626
          -9.38340
          -7.20737
         -10.02362
          -3.84933
           4.39392
           0.60598
          -1.46703
          -4.66909
           0.65785
           0.69434
          -2.31724
          -4.79058
           4.49633
          -2.59940
           0.07221
           1.31531
          -4.80787
           3.15686
          -3.70245
           2.17712
          -0.79604
           6.15500
          -6.71542
          -1.16974
          -1.45459
           6.99973
          -0.47321
          -6.42345
          -2.56622
          -4.26518
           0.57769
          -0.04233
          -2.15229
           0.17704
          -5.18978
           0.86931
          -2.07396
          -5.05530
          -5.72623
           1.03921
           6.17036
          -0.54922
          -0.71261
          -1.86886
           6.43075
           0.19000
          -5.02350
           0.75252
          -1.10879
          -2.79752
          -6.13322
          -1.74161
          -5.50698
           5.93487
          -0.43260
          -2.50057
