          -7.11749
         -11.47375
          -3.01786
          -4.12380
          14.27865
          -9.17889
          -0.13826
          -4.59167
           2.33945
          -9.63215
          -3.27144
          11.41179
         -19.86743
           8.56498
           2.99181
          -1.69501
           3.93394
           6.35482
          22.08224
         -11.40606
           4.89432
          16.90846
          -5.49222
          -4.85524
           3.27514
           5.33993
          -8.75240
           9.11109
          -5.81136
          17.91306
          -0.59562
           3.72828
          11.49425
          10.37923
          -3.68660
          -3.35514
           3.20766
         -26.50594
          -3.37645
           2.76585
          -0.35775
          -7.72291
          20.93719
           2.29918
           3.28237
           3.62559
           6.78056
          19.44188
         -18.47182
           0.75831
           3.56066
          -5.98736
          13.72543
          -1.85384
           6.64342
          -5.47243
          15.00191
          14.34001
          13.86956
           3.14478
          -4.50124
         -24.62372
          19.47705
           9.69453
          -5.44089
           8.23402
          -1.93612
          -5.18244
           3.59682
           8.70645
           3.03211
           8.80154
           1.73812
           2.15904
          10.72392
           7.45901
         -13.81554
           5.95749
           8.75776
         -12.72532
          18.32349
          -6.45798
          11.65829
           6.77548
           8.30049
           9.97876
           7.42805
         -14.98298
          -5.44107
           9.30787
           3.23497
          -6.43189
         -18.46862
         -11.17543
          -8.51544
          19.27216
           6.74217
          15.79139
          -1.01977
          -6.01674
          10.27244
           4.66720
          24.37831
         -11.36159
         -11.28301
           3.25700
          -0.74744
          -8.15066
          -5.29136
         -25.53155
           2.77726
         -11.66468
           2.06681
          18.04289
          -7.43483
           2.35971
          13.62106
          -9.45957
          15.50943
          10.06126
          -1.78679
          -2.95747
         -19.16270
         -10.25619
         -18.79197
          -3.26580
         -17.19505
          20.95464
          -5.22106
          -8.67525
          12.20533
           6.21734
           6.63635
          -2.59833
           2.89605
           5.73298
          14.28584
           2.24771
         -12.51232
           6.49909
           8.53104
          20.63569
           1.36908
         -10.66359
         -12.42471
          11.49421
          11.48023
           3.47341
          -8.73132
           3.60744
          -6.60310
          -3.61624
          -9.60567
          11.26492
          10.46892
          -1.58963
         -16.76250
          -6.55448
          -4.03157
           1.31250
           8.37041
         -14.93961
          -8.50847
         -12.78154
           1.15201
           0.03154
          -7.94682
           5.10189
          -2.51143
           1.86712
           8.20630
           5.88212
          -1.78977
          10.91027
         -12.69388
          12.05545
          -1.92816
           7.67711
           2.84328
          -3.74771
          -6.51445
          -7.40009
           4.04043
           2.21227
         -24.56555
          -5.60547
           8.21396
           9.35675
           2.43408
          -3.25118
          -2.47240
          -2.93904
          13.53774
           0.10816
          -8.74181
           6.45615
          11.73522
           3.83014
           5.85189
          24.77258
           2.76940
          12.11299
           7.36683
          16.79753
          21.97320
         -19.61307
          -8.81115
          15.10341
           2.73042
          -3.73526
          17.19474
           3.03370
          11.36530
          -9.05173
               NaN
           3.24566
          -6.43839
          -1.70074
           1.51040
          -7.06972
           6.21615
           3.31393
          11.42406
         -14.93023
           2.52068
           0.92024
          17.67813
           5.05494
           6.95296
          -3.32426
          -8.25809
          12.42751
          24.12503
           3.26466
          -0.78317
         -12.36326
          -8.50765
           0.26286
         -11.80529
           7.07687
          -3.55276
           2.54193
           1.62931
          12.98049
           5.60226
          -4.01917
         -14.63233
         -13.13212
          19.32042
           5.25212
          22.39754
          17.49305
           0.86565
         -10.17648
           3.38769
          -2.73370
          10.50803
          13.34699
           5.53737
           1.02980
          -4.70890
          -7.51843
           5.47154
           1.39273
           3.58959
           9.91297
           0.66005
         -12.50164
          10.92212
         -19.38154
         -10.69557
           1.06219
          -1.94942
          24.16757
           9.62814
         -14.37872
          -8.85361
           0.71377
          -5.56063
          -7.20477
          -8.21292
         -12.85039
          -2.14623
          -5.22446
          -0.77708
          -0.32077
          -6.17933
          -0.46098
           9.42354
         -12.78906
          -7.93968
          -5.46813
          -1.17945
          18.36432
         -18.30321
          10.37190
          -6.98247
           8.84367
          -4.63179
          -3.27512
          16.11102
          16.68478
           7.52708
           8.56806
          -0.40091
          15.42689
          10.63897
          -2.94608
          17.39460
          -6.99858
           3.94474
           0.12466
          -3.69503
          13.27099
          12.25802
           4.83259
           7.55703
         -18.76693
          12.14777
          -4.41873
           9.55088
           4.27153
          27.81153
           3.38871
          -9.00425
          17.36132
          -2.09841
           1.19273
          -8.50497
          11.96173
          20.37703
          -6.21625
           1.23947
         -10.20171
          15.56459
          13.22359
           0.22779
          -0.71357
          -0.76167
          18.57696
           8.89303
          16.26730
           4.08303
          15.78866
         -17.92423
           3.96331
          -2.28139
          14.89873
           1.57940
           8.77380
          13.22308
           8.18909
          12.34674
          15.53379
           1.85210
           6.07215
          -6.68053
          -8.24201
           7.75720
           4.10330
          -2.11911
          11.85647
         -19.74675
          11.20373
          18.02118
          -8.41626
           2.30826
          20.58897
           4.05506
         -15.45063
          15.56243
          14.65006
         -15.63748
          -1.64895
           9.30613
          17.00312
           3.60549
           8.04208
          -4.01358
          -7.19708
           5.24346
           8.99152
          15.99211
          -9.94495
           9.97297
         -13.42323
           9.40521
           7.12559
          -7.58766
         -12.92732
           0.69885
           0.07087
          15.54273
           2.28380
          15.68063
         -17.12522
          -3.84917
          -0.38847
           0.87008
           6.56542
           5.86185
          24.30499
           5.96296
          12.20880
         -12.04598
           0.73189
           7.38075
           8.32826
           6.37765
          -9.27848
          -8.57403
          17.24595
           4.67989
         -12.97285
          12.03640
          16.47854
          -0.25400
          14.00581
           0.78659
          10.71748
          -1.30750
          18.20354
           6.82006
          14.63059
          -2.72707
           8.48058
           9.68955
          -5.59312
         -12.02114
          -7.40392
           5.38669
         -15.79453
          -6.36775
          -3.72131
          11.15399
         -11.46862
         -16.44076
           1.41674
           0.05579
           6.40654
          -2.02046
          -9.94223
          -2.13378
           7.91843
           4.31035
         -13.87304
          28.66619
           4.13161
          20.74578
          -0.20270
          -2.19783
           9.31445
         -12.66624
          12.52062
           2.85785
          -1.66724
          13.45545
           4.71091
           4.32224
          22.77048
           4.78155
           9.89246
           9.05702
          12.83843
           9.00327
           7.65570
         -13.61936
          16.81933
           7.48238
         -15.40874
          18.10838
         -16.36420
           8.42835
          -9.60769
           4.63866
          -4.72927
          -0.81441
           1.86412
          11.50663
           5.62650
          -6.76622
           9.08976
           2.40625
           5.07197
           6.51241
          -4.39761
         -16.40040
          -6.15460
          -8.59553
          12.08734
          -0.38082
           8.23839
           3.61067
          -4.42843
          11.73500
         -17.12579
           0.85304
           3.70173
          -0.42336
           2.12889
           9.79391
         -11.06430
           1.48964
           6.41110
          -0.25333
           4.14148
           5.35812
           6.52446
           4.77243
           5.57939
           3.16696
          11.69269
          17.50890
           9.78981
           9.51842
           9.26701
           8.37551
          10.41059
          -7.01954
          -5.00359
          -1.60028
           6.95917
          -5.93307
          11.51989
         -10.14709
          13.68925
          -5.96457
          10.81720
           2.68137
         -17.85268
          -0.01805
           8.84365
          -6.55311
          19.37529
          12.54080
         -13.59845
          -6.96472
          -8.07330
          10.03894
           0.04438
           4.73246
          16.41741
           3.10413
           6.04097
           7.44201
           1.84748
          22.80792
         -24.12366
          -5.66742
           5.99020
           7.04857
           0.30061
           7.87351
           9.12211
          -9.41866
         -15.36692
          18.60418
           1.07746
          -5.02010
           1.09725
           9.02516
          19.28278
          -5.82713
          11.31252
          22.88863
          -2.98915
         -25.75129
           9.64640
           1.34138
         -19.95624
           8.54258
         -10.43517
          21.56930
         -18.31262
          10.95897
           0.62255
          20.64619
          26.06211
           8.98242
           0.81271
           0.37841
          10.61908
          -2.70975
         -14.32152
          -0.51470
           5.40528
          -0.35535
          -0.22463
         -20.41250
           2.11372
           6.08622
          -3.50555
          -2.43086
          -6.80554
           5.35877
          14.90239
          18.46161
          -0.35090
          17.09276
           0.08549
          12.95718
          -0.93934
           1.12512
           6.07838
          -4.12084
          -2.98004
          -7.92518
         -16.55864
          -0.73998
          15.70080
          14.80244
           4.70066
          -0.70260
           1.43105
          -6.81162
          -9.03957
           4.77711
           9.29512
          19.48945
          10.68196
          18.43799
         -12.32825
          -8.02675
          -5.12005
          -2.79153
           4.89075
          -0.55866
         -13.41967
         -19.12137
         -17.48278
           5.53028
         -26.40199
           2.40228
          -2.75266
         -10.96255
           7.56821
           8.43999
          14.37964
          -6.74301
          -0.05554
          -9.67175
          13.56411
         -19.65619
         -12.28430
          -9.02333
          20.62592
           2.24779
         -11.24478
           2.06706
          -2.72938
          -1.86647
          15.86452
          -0.96575
          16.70551
          20.30853
          -9.11952
          -2.32143
          12.50551
           5.60829
           7.68310
           4.49385
           0.50841
          -6.66155
           7.36176
          15.13498
          -3.69825
          -1.52651
          14.61809
          22.57139
          11.72972
         -16.22362
           7.36837
          -7.00598
          12.05479
           4.51352
          15.98296
         -14.48539
          -0.23404
          -9.20752
         -13.33136
          -2.94048
          -0.62700
         -12.34022
           7.47431
          26.37467
          14.20036
           5.73667
          -0.23183
         -11.74652
           1.09685
           8.34758
          -6.41839
          25.14778
         -18.07368
           2.82194
         -17.50263
          -6.51532
          -3.78962
          -8.66466
           0.49879
           4.36609
          -4.19187
           0.46875
          -0.69486
           4.16407
           0.32833
           0.24140
          -2.59190
           7.93921
           1.83146
          20.83296
          -2.38454
           4.41841
          -1.20672
           5.68195
          10.82963
          -5.94293
          -4.77719
           0.26933
          -1.75249
           4.22059
          25.99570
          15.26473
           8.21324
          -8.37116
          -8.69271
          -3.56157
         -12.56224
         -21.20356
          26.53812
         -16.39951
          -8.38514
          -5.34599
         -13.37712
         -18.06301
          10.89726
           4.47538
          10.42285
          17.89071
         -11.29504
         -11.58640
          18.30640
         -10.35690
           3.18126
          -3.09194
          12.04122
         -11.00412
          17.40014
          -9.15355
          14.53513
           4.32876
           0.46872
         -23.05132
          -5.90296
          -5.26795
           8.61548
          16.16214
           3.97483
          11.58295
          18.12574
          11.00775
          14.38834
           1.55218
         -18.57145
           2.04441
         -15.10748
           3.68316
           5.31058
           0.48781
         -25.47878
           8.53544
           5.23954
          10.33286
          -0.10626
           0.32462
           3.02001
           2.26209
         -16.77336
           0.84831
           7.79585
          12.36885
           9.64714
          -3.23785
           9.44342
          -9.72358
         -12.75057
         -16.98719
           2.57602
          -6.75638
          10.62190
         -12.03134
           7.11010
         -12.13739
           3.02266
          -0.76218
          -1.67374
         -21.51516
           0.92976
           8.80655
           0.80352
          13.19326
          15.40385
          -5.38630
          15.60731
           4.58516
           2.46037
           5.61409
          -5.65371
           7.48484
          11.31412
          -5.98795
           5.57291
          16.21680
         -12.23790
          -8.55560
          -5.49072
          -7.94025
          -4.69360
          -7.49337
          -1.67866
          -1.78984
          -2.21842
           3.29086
           5.73036
          14.08048
          -8.67310
           4.26938
          15.35126
          10.74608
           6.58748
          -1.76021
           0.15902
           9.62157
           4.37429
           8.68935
          -8.35391
          -2.13479
           7.46957
           7.38689
          -7.55191
          11.32402
          18.18216
          -3.79289
          17.21350
          -2.41677
           5.77170
         -22.89798
          11.85402
          13.83497
          -8.47108
           8.85716
          -0.05428
           9.04806
         -19.65558
           0.92531
           6.24003
          -2.41684
           9.98947
          20.96297
           6.20529
          17.88871
          10.19185
          -9.47009
           1.45632
          10.87935
           7.82333
          -7.16468
          -0.66356
           9.32427
          -6.63708
         -13.61526
           5.74908
          11.80868
          -9.65488
          17.22606
          -9.25402
          -1.87851
           8.59720
          -5.66929
           9.97590
          -2.52355
         -15.04453
          -3.93871
           6.11481
           2.66519
          18.88300
          -3.74712
           6.36954
           7.61525
          -8.95307
          -5.53415
         -10.73534
           9.64325
          10.58912
          -1.42867
          19.78205
           0.76756
           6.98024
           4.73267
           5.95687
           8.45043
           1.72242
          -7.26484
          -3.87441
          11.40477
          14.57879
          14.65705
          -5.77784
          12.23073
         -13.40852
          -3.63388
           2.09245
           3.83328
         -11.42420
          -0.00201
         -16.21947
          14.02198
          -2.28876
           2.91565
          -1.23677
          -4.34891
         -10.79977
          14.00449
           4.32655
         -16.00884
           5.12281
          -3.43410
          10.43411
         -14.25954
           3.38192
          -2.71923
           9.02620
          -2.65415
          -2.98275
           6.18122
         -17.63545
          15.02702
          -2.05379
           1.22438
          16.63812
         -13.56439
         -18.86114
          16.39015
           2.16731
          -0.77992
         -11.81536
          15.55366
           6.93770
           0.12581
           7.75410
          -5.58783
          -8.99795
           6.79232
          -6.10949
          -3.48442
          17.31503
          13.20079
          -9.51967
           5.70395
          -2.27725
           9.03640
         -11.72981
          11.05033
          -4.69734
               NaN
          -7.01096
          10.96870
          -0.00008
           1.20798
           9.13956
          -7.94277
          -3.42390
          15.87955
           4.10753
          25.89039
          15.23570
         -12.45826
           9.70090
           0.97767
          -9.58049
           3.14528
          -2.65276
          -0.78095
         -10.30648
          14.22286
           5.80860
           6.75374
          -2.22120
           8.34946
           5.88243
           7.91628
          -6.68579
          12.01581
           2.54454
          10.29130
           1.31544
         -11.33404
         -11.17336
          -1.16688
          -8.37830
           2.37133
          -0.93543
          -2.64196
          -2.62142
          -4.87695
          -3.78653
          -5.32896
          -0.62748
           0.12801
           0.60710
           0.71503
           2.31505
               NaN
           2.56588
          -2.00809
          -0.33557
           1.96657
           0.20957
          -3.00176
          -1.94160
           2.38565
           0.42646
          -3.13370
           1.50111
          -1.10145
          -1.03003
          -0.70053
           1.52000
           1.78141
          -1.13313
          -0.72452
          -2.63636
          -2.15212
          -3.14525
           1.98686
          -1.80971
          -3.98519
          -0.65933
          -0.71285
           2.88456
           0.58734
           2.31334
           4.54240
          -0.38932
          -0.31903
           0.31330
          -4.21049
          -1.34475
          -0.18051
           3.34100
          -0.78103
          -4.62739
          -0.76305
           5.64635
          -0.85401
           0.70646
           2.65759
           3.11682
          -0.95904
          -1.43487
           2.69378
          -1.12873
          -0.12412
          -0.82691
           1.56997
          -0.88771
           3.43254
          -0.31449
          -4.13084
          -0.21189
           0.70022
          -0.22010
           3.58490
           1.78544
           0.41664
           1.24214
           2.14626
          -1.58042
           3.16835
           1.93425
           0.37422
           1.64314
          -2.94854
          -2.79664
          -0.60439
          -1.55542
           0.55886
           0.50134
           0.61193
          -2.52325
          -2.01827
           0.52884
           2.53282
          -0.00959
          -0.47270
           2.05247
          -0.47893
           1.31314
          -1.50023
          -2.36021
          -1.24836
           3.00916
          -5.31695
           1.99436
           1.46050
          -1.00787
           2.75367
          -1.51991
           1.11296
           4.12261
          -2.24544
           2.08729
           0.33857
           0.47038
           3.24760
          -0.89536
           0.36997
           2.96660
          -2.67062
          -1.17083
           0.03853
           0.11358
          -1.01260
          -2.46627
          -1.04803
           2.42137
           2.17766
           3.48990
          -0.73173
          -1.75052
          -1.18296
           2.55823
           1.80305
          -1.70627
           0.14137
           1.57288
          -1.05211
           1.25984
          -0.32038
           0.57791
          -4.34288
          -4.75988
          -0.37668
          -3.29973
          -0.17131
          -0.76554
           1.09269
          -1.46121
          -2.32695
               NaN
           2.08051
           0.92117
           1.36476
           0.79371
          -4.20884
           0.70568
          -0.40241
          -2.14001
          -1.88614
          -1.42382
          -0.95486
           3.30971
          -0.84892
          -0.23925
           0.40850
          -0.20335
          -0.22851
          -2.64090
           1.44336
          -0.05390
          -2.03474
           2.29478
          -2.74930
          -2.97235
          -1.22072
           0.21273
          -2.78287
           1.25460
           3.04035
          -0.00101
          -1.26742
           2.19587
           1.05012
          -0.98789
           0.08117
          -0.51876
          -0.80623
           0.89903
          -1.19066
          -3.13775
          -0.83145
          -0.11953
          -4.97183
           2.97308
          -2.04539
           3.29976
          -0.24433
          -2.74956
           0.05674
           3.27439
          -0.09819
          -0.65157
          -0.78560
          -1.99451
          -0.49002
               NaN
           0.97955
          -2.89512
          -1.30873
           1.26974
           3.53424
          -0.09293
          -0.77526
           2.93772
          -1.40717
           0.63012
          -1.35084
           2.13872
           4.43459
          -0.04760
          -1.46208
          -1.38597
          -0.14530
           0.30185
           4.89001
          -2.92541
           1.07786
           3.16844
          -1.71702
           4.95780
           2.35701
           0.48739
           4.71276
           0.14153
          -0.15361
          -1.39685
           0.75229
          -3.65948
           0.12789
          -2.35654
          -1.37484
           0.31885
           0.84988
          -0.29547
           5.27078
          -2.93942
          -2.37032
           0.78350
          -1.04178
          -1.02684
          -1.39903
          -3.67833
           1.70094
          -0.64781
          -1.43585
          -0.11644
          -1.42825
          -3.53386
          -3.64726
           0.14154
           1.91333
               NaN
           2.35953
          -1.54104
          -1.19593
          -0.10562
           1.26103
          -1.79390
          -1.46499
           1.10259
          -1.26940
          -2.54781
           2.36139
          -1.53679
          -0.01861
           0.53966
          -1.85527
           0.90308
          -1.28831
           4.16813
           2.40073
           0.70177
           1.72333
          -1.06624
          -3.73810
           0.65868
           2.30044
           5.10741
           2.52210
           0.79596
          -0.36536
          -0.45916
           2.62082
          -0.25852
           2.02901
           3.22711
          -0.54785
           0.13707
           2.39381
          -0.55573
          -0.02046
           2.21924
           2.35637
          -1.21374
          -1.27376
          -0.94257
           0.29772
           3.55334
           0.37436
          -0.79714
          -3.95204
           0.56315
          -4.68910
          -1.78517
          -2.76421
           1.67209
          -1.24961
           2.40109
           2.46472
           0.63706
          -3.62589
               NaN
           1.10289
          -2.75992
           1.78070
               NaN
          -0.62758
          -2.15916
           2.80758
          -1.63557
          -0.76160
           2.37443
          -1.32734
           4.11794
          -1.33100
           3.55631
           4.18349
           1.62406
          -1.06989
          -0.98166
           1.00472
          -0.50042
          -0.77610
          -2.86537
           0.75829
          -0.80205
           0.57949
           1.04489
           0.49572
          -5.07278
          -2.16571
          -0.53183
          -0.83523
           0.15021
          -0.51643
          -0.52573
          -1.60048
          -0.51484
           0.80058
          -1.46524
          -1.41893
           1.85423
           0.06474
          -1.02373
          -0.18262
          -0.19076
          -2.59351
           1.44216
          -4.52608
          -0.88580
          -0.90978
          -1.87560
          -0.77376
           0.23806
          -5.20330
           2.02906
          -2.69437
           1.18889
          -0.45201
          -0.77273
          -1.79875
          -2.67594
          -0.31666
           0.01377
           4.44146
          -1.65510
          -4.54826
           3.83098
           2.70772
           0.07714
           3.06609
           1.53224
           2.14815
           2.82740
          -4.09590
           2.22586
          -0.51152
          -2.83681
          -0.30302
          -4.04282
          -0.25217
           0.57483
          -1.55431
          -3.02800
           1.19364
           2.90672
           0.74275
               NaN
          -3.13952
           1.91428
          -3.44471
           2.61615
           0.38150
          -0.50197
          -2.34353
          -1.36439
           2.70685
          -1.21700
          -1.12080
          -3.20254
          -1.27828
           1.23067
          -2.86823
          -3.59132
          -4.51337
          -3.14137
           0.69774
           1.42830
          -1.27793
           1.85242
          -0.21220
           0.87128
          -1.48948
           0.84827
          -0.47721
           3.79219
          -3.14963
           1.30358
           1.49147
           0.10037
           0.38157
           2.79780
          -0.47039
           1.20546
          -1.43553
           4.82358
           2.44762
          -1.43416
          -1.17636
           0.81887
           3.81430
               NaN
           0.05809
           2.69006
           2.47987
          -0.30186
          -2.05260
           1.73952
          -0.07852
          -0.15441
           0.00728
           0.47039
           2.28293
          -1.65226
           0.91681
           0.67349
          -4.18771
           1.78044
           2.58923
          -0.12935
           1.79451
           3.29853
           2.84027
           0.31219
          -0.62902
           0.54887
           0.96476
           2.68865
           0.62715
          -2.15249
           0.08981
          -1.42393
          -1.84190
           5.17254
           0.59145
           2.83020
           0.49735
           0.60045
           1.81314
          -4.54664
          -1.92295
           1.84179
          -2.08433
           0.77156
          -2.48428
          -0.41243
           0.82231
           1.56245
          -0.98939
           0.86484
           1.31304
          -0.19840
           2.44084
           2.79249
           1.04697
          -2.12785
           1.74627
          -2.10453
           0.23799
           3.22154
          -2.38052
          -0.72886
          -1.91820
           1.02133
           3.29561
          -2.09108
          -0.18615
          -4.46247
           2.21123
          -3.96228
           1.58400
          -2.36076
          -1.63235
           0.05219
           0.42511
          -1.80487
           3.25158
           1.66039
          -5.21296
          -1.67888
           1.47072
               NaN
           1.30515
           0.18721
          -0.05797
          -3.04764
          -0.74866
          -1.84974
          -0.60372
           1.12032
          -4.14575
           0.84927
          -2.08782
          -1.03846
           0.38398
           2.26108
          -1.93685
          -3.61012
          -1.91534
           1.24344
           0.62932
          -1.00966
          -2.81918
           0.22970
          -1.78049
          -1.80562
           0.66068
           0.92148
          -1.36762
          -1.36883
          -0.12855
          -1.54014
          -0.48912
           0.18403
          -0.31763
          -0.14938
          -0.52034
          -3.45295
          -0.79753
           1.56579
          -0.35699
          -2.43270
           1.97509
           0.21297
          -1.05798
           1.03404
          -1.00638
          -2.46578
          -0.75654
          -2.11036
          -3.66323
           0.72680
          -0.17586
          -5.15825
          -0.96901
           1.44597
          -1.36148
           2.00831
           0.18996
          -2.18993
          -0.23474
          -0.25771
           0.18120
          -0.23611
          -0.98428
           2.13998
           0.81870
          -1.52379
          -0.47832
          -0.78882
          -2.00564
          -0.18514
          -0.45087
           1.92136
          -2.39021
           0.41254
          -0.44374
           1.47278
          -0.39100
          -1.61571
           0.50505
           0.29418
           0.33204
          -0.97545
          -3.43286
           4.15034
               NaN
           0.70538
           1.73265
           1.78165
          -0.09040
          -1.48970
          -1.10870
           1.00332
           1.63990
           1.43501
          -1.24415
          -2.26978
           0.25754
           2.02878
          -0.80322
          -2.92730
          -1.04696
           2.45187
           2.68524
          -2.77061
           0.96143
           2.92086
          -0.93511
           2.38812
           0.25731
          -1.86456
          -1.27001
           2.99254
           3.57661
          -1.67208
           0.13036
          -0.59424
           4.43289
          -1.08853
           0.22126
           1.25970
           1.78129
          -0.93199
          -4.19333
           0.28443
           1.09305
          -1.17124
          -1.64519
          -2.39531
          -3.18519
          -0.72314
           1.70691
           1.76796
           1.79841
          -2.57875
           0.48307
           1.04177
           1.93482
          -0.80503
           4.64607
          -2.74361
           2.53563
           3.47914
           1.68700
          -1.54887
          -2.61271
          -2.34307
          -1.70081
          -0.21738
           2.32988
           1.84458
          -1.00859
           0.69045
           0.44207
           4.41217
          -1.11396
           0.96112
           1.74859
          -3.13560
           0.46431
          -1.97887
           0.06305
          -0.12988
           1.55059
           1.65234
          -0.05247
           2.97510
           0.31124
           1.15124
           0.02307
          -0.46428
          -1.06049
           0.80392
           1.39876
           3.46465
           0.20069
           0.29208
           2.59172
          -1.04585
           0.15394
           0.33633
           2.85125
           3.27786
          -0.60792
           0.77723
          -0.21802
           0.12540
           1.35510
          -2.91974
           1.12937
          -0.25752
           0.57947
          -3.91376
          -0.21002
          -3.32521
          -3.39368
          -3.17033
           1.63998
           0.78922
           0.02328
           3.02398
           2.58658
           2.57587
          -4.21822
           1.00373
           1.95042
           0.36099
           1.25480
           0.31727
           2.25297
          -3.00612
          -2.10037
           1.27356
          -2.03339
           1.36170
           0.28929
          -3.85972
          -0.53308
          -1.29465
           0.29549
          -0.15580
           0.06068
           0.01836
          -0.01440
           1.98091
          -1.56480
           0.89219
           3.10080
          -0.83572
           0.01782
          -0.89194
          -4.70114
           0.21892
           0.33568
           2.07860
          -0.46565
          -2.96997
           0.36317
           0.48013
           3.02479
           1.51382
          -0.15896
           0.54372
          -2.54327
          -0.71385
          -3.01272
          -2.34769
           3.47295
           1.65414
          -3.18635
          -0.38932
           1.15885
          -0.44989
           2.05048
           3.07963
           0.80494
           1.77604
          -2.23086
           2.34386
          -1.08640
           0.57689
          -1.16606
          -3.25209
          -1.25034
          -0.03038
           1.95827
           5.27090
          -0.22232
          -1.37375
           0.97755
          -0.25759
          -1.10270
          -0.68901
           4.81435
          -0.94564
          -0.87691
           3.31562
          -5.44980
          -0.08752
          -0.10191
          -0.02349
          -0.00703
           0.22553
           2.80228
          -2.38519
           2.44878
          -0.32502
           0.26563
          -0.94552
          -0.78192
           2.96083
          -0.27550
           0.00896
          -1.15663
           0.04511
           2.36594
          -2.45431
          -3.58692
           2.35933
           1.19612
          -1.86962
           0.52101
          -4.44995
           1.38538
          -1.96283
          -0.10530
           0.42947
          -1.44189
           3.06656
           3.55409
           1.89492
           1.45367
           1.80210
          -2.54929
          -0.84104
           2.60287
          -0.51623
          -0.31416
          -0.39680
           2.04105
           1.56347
          -1.63956
           1.55011
           1.01836
           0.55791
           4.01911
               NaN
           1.14331
          -1.54614
          -2.23215
           1.59184
          -0.16551
           0.50889
           1.65614
           1.98437
           1.73948
           3.20364
          -0.46019
           1.99549
          -1.22406
           0.78599
               NaN
           0.08556
           3.10298
           2.96077
           0.17580
          -1.51709
          -2.61003
          -0.78955
           1.45757
           3.65507
           0.95249
          -2.82631
           1.26660
           3.02891
          -1.65274
          -0.34375
           2.64432
          -0.02986
           1.05721
           0.94386
           2.55568
          -2.26755
           0.04151
          -1.14969
           0.83357
           1.26107
          -1.42436
           1.60037
           2.05665
           0.55354
          -4.14301
           0.76064
           0.18008
           3.19706
           1.32621
          -3.46014
          -3.70171
          -1.44200
          -0.62877
          -1.57898
           1.21197
           0.41480
          -0.48168
          -2.76726
          -1.39305
           1.89592
          -1.10543
          -3.86481
          -1.14418
           3.04581
           1.69065
           2.80578
          -0.55703
           0.09552
           1.97022
          -2.43156
          -1.49852
          -1.90317
           2.49881
           1.00623
           0.52769
           4.19259
           0.40915
          -1.77052
          -2.86405
          -1.56586
           1.12428
          -0.87842
          -1.22277
          -1.78633
          -0.37570
          -0.47147
           0.67668
           3.85021
           0.49819
           2.92340
          -4.18290
           1.99230
           0.34050
          -0.50195
           1.13848
          -0.70610
          -0.95780
          -0.35113
          -1.99682
           4.05298
          -0.42624
          -0.56324
           1.65309
           2.50344
          -1.29471
           1.09130
           0.62773
          -0.46450
           1.89426
           0.64752
           1.46067
          -5.53354
           2.23015
          -1.33825
          -2.40365
           0.95407
           1.09205
           1.08860
          -3.99729
          -2.93193
          -0.31945
           0.59180
          -2.02475
          -0.40485
          -1.85690
          -2.08603
           0.48477
          -4.61111
           0.50616
           2.02557
           2.48979
          -1.45818
           1.84934
           0.09263
           2.96132
          -1.13967
          -2.40475
           2.55168
           0.29694
          -2.64312
           2.01297
          -3.81830
           2.89864
           0.42962
          -2.31981
          -2.40564
          -6.33197
          -2.53531
          -5.65430
          -0.03745
          -0.32295
           2.05433
           1.63196
           0.86458
               NaN
           1.44368
          -2.35486
          -0.13327
           2.01905
          -0.76723
          -5.73725
          -0.70628
           1.83929
          -1.76544
          -2.13390
           2.29650
          -1.79256
          -1.85470
           0.39308
           0.30615
           2.56842
          -2.91697
          -0.70588
          -3.09459
          -3.25107
          -4.12674
           2.43660
          -1.37411
          -4.28953
           2.57268
           0.28971
           2.39146
           0.80467
           3.09409
           1.61486
          -0.52589
          -0.74468
           0.07568
          -4.74427
          -3.50435
           2.23401
           2.95863
          -1.25908
          -3.55619
          -2.30918
           5.94911
          -1.49946
           1.45670
           0.66370
           1.20162
          -2.61991
          -2.03660
           3.86011
           1.87144
          -2.52099
          -1.82331
           2.68741
          -2.14720
           3.49679
           0.64212
          -4.16573
          -1.10075
           0.34027
          -1.43970
           3.56578
           1.30955
          -0.59782
           0.45201
           4.14848
          -1.32967
           2.53963
           3.67301
          -1.55264
           2.30024
          -3.91292
          -3.57894
          -1.76950
          -2.05719
          -0.23642
           2.34475
           1.55570
          -3.02434
          -2.23622
           1.46585
           5.14009
           1.49719
           0.69894
           0.16835
          -1.17140
          -0.42510
          -0.96129
          -1.82238
          -2.63654
           2.34825
               NaN
           3.25158
           2.60700
          -1.28689
           2.65311
          -0.88676
           2.03161
               NaN
          -2.83561
           3.58619
           0.20217
          -1.23448
           4.73809
          -1.32027
          -0.85525
           4.08229
          -4.50311
          -2.37483
          -0.09813
           0.23119
           1.57685
          -1.22762
           1.32301
           2.85393
           4.44986
           1.28543
           0.39143
          -0.83350
          -2.65052
           1.47208
           1.04506
          -1.37891
          -0.08897
           0.58130
          -2.73495
           0.84800
           0.91520
           0.34400
          -5.40760
               NaN
          -0.41988
          -1.88842
           1.69542
          -2.11083
          -0.29561
          -0.82458
          -1.00127
           6.05783
           2.55697
           1.34128
           2.94156
          -0.66888
          -5.50724
           0.56468
           1.39170
          -1.70688
          -1.43344
          -1.45677
          -1.94308
           5.55842
          -0.06849
           1.05443
           0.31410
          -0.18097
           1.16953
          -3.08875
           1.68317
          -0.60702
          -3.27431
           1.83992
          -2.63339
          -4.17815
           0.26532
          -1.14404
          -2.58916
           0.00802
           3.11878
           1.11594
           0.49183
           3.18374
           0.31120
          -0.94968
           2.75120
           0.28847
          -1.50847
           1.17697
          -1.18525
          -2.63142
          -0.69659
           0.31556
          -6.42191
           2.74518
          -0.98601
           2.33944
          -1.34343
          -3.49250
          -0.71770
           0.49482
          -0.13276
          -2.23121
          -1.57312
          -3.83393
          -3.39947
          -5.40802
           3.16259
          -3.96902
          -0.94001
           2.70804
           1.14495
          -0.60553
          -2.01122
           3.94190
           1.67249
          -0.00222
          -0.79616
           2.26601
           4.28047
           0.54002
          -2.10081
          -1.41153
          -1.45283
           1.91685
           4.34970
          -3.11637
          -0.88829
           2.59336
          -2.50916
           5.27588
           3.29943
          -1.07498
           1.97681
          -0.53521
          -0.30284
          -0.21809
           2.14744
          -3.36834
           1.54887
          -3.49996
          -1.19887
           0.22006
           0.31743
          -1.55754
           4.24507
          -2.38054
          -0.85947
           2.19549
          -2.25927
          -1.20800
          -4.09816
          -5.35336
           1.69591
           0.51827
          -1.68356
          -0.04868
          -1.85294
          -5.33712
          -4.25526
           0.62417
           2.21228
          -6.32583
           2.49410
          -0.81776
          -1.74367
          -1.54139
           1.09209
          -0.46308
          -2.96631
           4.01432
          -0.00408
          -2.63159
           3.15823
          -4.24186
          -1.22049
           2.18337
          -0.81277
           1.01719
          -0.31246
           5.62563
           3.59759
           2.51421
           1.79228
          -0.37735
          -3.28377
           1.52642
           2.88624
           4.99876
           1.53643
           2.19812
           0.44378
           0.10277
           2.75829
          -2.20234
           4.32478
           1.56762
           0.89159
          -0.94364
           2.91183
          -0.41938
          -1.68388
           0.32052
           1.19958
          -2.16954
          -1.28864
          -2.72663
          -0.82390
           4.29160
          -1.28696
           0.11257
          -4.60940
           0.96931
          -4.45195
          -2.72433
          -4.20099
           0.80542
          -2.01924
           4.45789
           0.86574
           1.19734
          -4.93624
           6.18719
          -2.52045
          -3.13801
           3.19546
               NaN
          -0.24834
          -2.33154
           3.94435
          -3.40310
          -3.07416
           3.13589
          -1.26276
           5.06810
          -3.35959
           1.71990
           4.23164
           1.97997
          -0.97000
          -2.97373
          -0.28570
          -1.30368
          -1.27026
          -4.75022
           4.18305
          -1.00096
           1.01575
          -0.45121
           0.14569
          -5.95307
          -3.58531
          -1.50830
          -2.29602
          -1.06725
          -0.39327
          -0.75392
          -0.86991
           0.45049
           0.08850
          -2.15235
          -0.90690
           0.62500
           3.00818
          -2.50091
          -2.41549
           0.96946
          -2.70857
          -0.66603
          -4.77708
           0.73728
          -2.60291
          -3.84827
           1.95682
           0.74273
          -6.49164
           0.00909
          -2.58388
          -0.15834
          -0.03416
           0.13008
          -2.09621
          -4.03514
          -1.74938
           1.23901
           3.14523
          -0.11937
          -4.11132
           2.62616
           3.70877
           1.35866
           3.29630
           1.63659
           0.09820
           2.57808
          -5.70820
           4.61628
          -0.04817
          -2.33645
          -0.17248
          -4.26999
          -0.01535
          -2.46235
          -2.38535
          -4.74954
           2.56639
           3.10638
          -0.14162
          -6.39654
          -3.54710
           3.01630
          -2.75421
           0.88191
           0.70696
           1.21663
          -3.84227
          -3.13019
           2.76776
          -3.00532
          -1.53848
          -4.78356
          -1.40978
          -0.71829
          -3.65867
          -5.29663
          -4.43811
          -3.17345
          -0.64944
           2.04026
           0.43838
           2.86052
          -0.87024
           2.70996
          -0.79132
           1.51016
          -1.86246
           5.19945
          -1.38076
           1.05223
           1.40907
          -0.24510
           1.47175
           4.45982
           0.12002
           0.25925
          -1.94390
               NaN
          -1.30960
          -2.23206
          -3.37930
           1.26218
           4.01253
               NaN
           1.86897
           1.08746
           2.19657
          -0.09632
          -3.83822
           1.02228
           0.48507
          -2.31811
          -0.60641
          -0.92791
           1.73608
          -3.17779
          -0.09405
          -0.21504
          -2.54098
           0.09340
           1.96763
           1.74468
          -0.64042
           5.60584
           1.57097
           1.59461
          -1.01974
           1.52636
           1.18812
           2.99155
          -0.56526
          -2.56419
           1.58826
          -2.61437
          -1.97361
           4.31503
           0.13900
           3.50279
           2.64384
           1.31333
           2.68891
          -5.67244
          -2.19392
           0.62981
          -2.43070
           1.52111
          -3.72293
           2.20194
           1.04681
           1.25961
          -0.67569
           0.39726
          -0.19323
           1.01966
           2.34148
           1.98039
           1.18702
          -2.40623
           1.51371
          -2.80106
          -0.10078
           2.62406
          -2.67613
          -2.09627
          -3.58397
           0.27186
           3.36111
          -2.72329
          -1.13975
          -5.71473
           3.10545
          -2.73553
           2.72185
          -3.29121
           0.03641
          -0.84474
           1.48392
          -3.40039
           4.07053
           0.63856
          -5.77018
           0.28167
           1.30216
          -6.59112
           2.66721
          -2.02991
          -1.59607
          -1.00241
          -0.02706
          -0.35267
          -0.50568
           1.21882
          -4.46090
          -0.70770
          -2.66813
          -1.77043
          -0.39819
           2.38975
          -4.33872
           0.24036
          -0.60258
           0.82320
          -0.13321
          -1.10252
          -3.66158
          -0.55575
          -0.87650
           0.21338
          -1.23008
           1.01371
          -0.89806
          -1.75501
          -0.92610
          -3.86256
          -0.09086
          -1.11746
          -2.72503
           0.01085
           2.91276
          -4.35641
          -0.97996
           3.68842
          -1.33874
          -1.48371
          -0.77977
           3.16330
          -1.71520
           0.73909
          -3.06898
          -5.45464
          -1.87795
          -2.27379
          -3.97067
          -0.73158
          -0.07459
          -3.37339
          -0.89154
           0.62368
          -1.09957
           2.05713
           2.51817
          -2.27497
          -0.61387
          -0.05878
           0.77515
           0.61578
          -1.79716
          -0.01047
          -0.58918
          -1.60050
          -2.73209
          -0.85314
          -3.76666
           0.01741
          -0.54269
           1.46197
          -1.92146
           0.84532
           0.45975
           3.45054
          -0.02366
          -2.96887
          -0.70524
          -0.32327
           0.61245
          -0.67379
          -2.58885
           5.18668
          -5.85631
           0.00146
          -0.57774
           0.24488
          -2.31688
          -0.17601
           1.28285
           1.86928
           2.16715
           0.77589
          -1.24392
          -0.49265
           2.93613
           4.14943
          -1.11459
           0.25506
          -0.51529
           2.54970
           4.04624
          -3.76288
           0.00286
           1.21776
           0.04092
           2.24916
           1.21219
          -3.76631
           0.91776
           4.58259
           4.69029
          -3.86142
          -0.26413
           1.51432
           3.88396
          -0.48624
           0.86811
          -0.59419
           1.79076
          -3.05646
          -6.42598
           1.50671
           1.49480
          -2.84030
          -2.44033
          -2.80048
          -3.41713
          -0.50011
           2.30247
           0.72021
          -0.24161
          -1.90857
           0.78169
          -0.10336
          -0.74152
          -1.91142
               NaN
          -2.57369
           3.59203
           2.11921
           0.81340
          -3.81932
          -1.22201
          -2.16053
          -0.60776
           1.50511
           2.42425
           1.92746
           0.38299
          -0.02529
          -2.76107
           2.57724
          -0.54313
           0.84815
           2.89659
          -3.55530
          -0.89268
          -1.11342
          -3.17453
           1.87936
           1.44388
           3.60839
           0.86230
           3.33398
           1.38456
           1.00578
          -0.58283
           0.09239
          -1.16883
           0.99388
           0.76209
           3.32647
           0.45166
           1.36531
           1.68088
          -0.65898
          -2.46476
           0.75182
           2.27644
           3.18997
          -1.20385
           0.00329
           1.06594
           1.01874
           1.07688
          -1.40616
           1.02266
          -3.20512
          -1.40220
          -4.73119
           0.78799
          -2.41229
          -3.28132
          -1.53395
           4.04001
          -1.70312
           2.37066
           3.83110
           3.10594
           4.21663
          -1.21888
          -0.57078
           1.15341
          -0.81184
          -0.65143
           1.93081
           3.35506
          -5.40681
          -1.09928
           1.71123
          -1.78916
           0.75178
           1.86377
          -5.82719
           0.59869
          -2.43069
          -0.21164
           0.27292
           3.02611
           0.62183
           0.50164
           0.87666
          -2.94577
           0.06206
           1.56599
          -3.04031
          -1.61386
          -2.60217
          -4.99095
           2.30061
          -0.07855
           3.84120
          -1.14273
          -3.76503
           0.05744
           4.30439
           1.78015
           0.99532
          -1.37536
           0.51228
          -2.22047
          -0.45551
          -3.37856
          -0.53580
           3.38725
           0.85879
          -4.72427
          -1.71794
           1.55136
          -1.21329
           3.07156
           4.88019
           3.40992
           1.93359
          -1.64506
           1.03819
           0.33094
          -0.46619
          -0.00734
          -2.89265
          -1.01989
           0.27897
           4.99962
           5.06118
          -1.34808
          -1.45273
          -0.82357
          -2.30539
          -0.19146
          -2.74117
           4.24278
          -0.94472
          -1.63730
           3.93159
          -6.07575
          -1.73654
           0.36906
          -0.70953
          -2.29272
           1.65680
           3.72802
          -1.71435
           3.37050
           0.18741
           1.62945
          -0.90540
          -0.07119
           3.15334
          -0.20923
          -0.99531
          -2.89115
           0.92923
           1.96170
          -4.50734
          -4.86664
           1.97547
           2.05685
          -1.23731
           0.11747
          -4.53311
           0.17743
          -1.01875
           0.81807
          -0.33364
          -2.25811
           3.74080
           1.79381
          -0.39352
           1.79444
          -0.13068
          -2.28232
          -1.46983
           5.11758
          -1.20132
          -1.37094
           0.57832
           0.68683
           1.30825
          -2.64673
           4.20970
           1.45587
          -0.31519
           4.37836
           6.41136
          -1.61805
          -1.49695
          -3.68567
           0.02509
           0.73528
           0.17535
           0.71412
           1.04115
           2.77566
           4.25830
          -1.65996
           2.68918
           0.62804
          -0.08602
           4.15026
           1.03585
           0.78753
           4.39827
           0.19925
          -2.33801
          -1.31759
          -1.91749
           2.35117
           5.56455
           1.13879
          -3.76367
           1.20920
           0.47784
          -1.21942
          -0.62972
           2.43971
           1.23764
           2.02267
           2.09564
           1.32231
          -3.61335
           0.03531
          -3.44156
           0.53173
           0.42259
          -1.88038
           1.05174
           1.03445
           0.98570
          -3.14439
           1.15130
          -1.49855
           1.46443
          -0.31824
          -2.90301
          -4.89425
           0.06657
           0.03850
          -2.02182
           1.10242
           1.70030
           0.23758
          -0.79355
          -3.27087
           2.86320
          -0.93229
          -3.60872
          -0.68752
           4.65811
           0.27956
           2.03221
           1.42864
          -0.49870
           2.28723
          -3.73851
           0.35517
          -2.11047
           2.86179
           0.83331
           1.10633
           4.22683
          -0.46322
           0.32377
          -4.70521
          -1.43307
           1.27681
          -2.74318
           0.47832
           0.41388
          -2.15602
          -0.62299
           0.73329
           5.28910
          -0.47272
           2.05722
          -4.33051
           1.01453
           1.34662
           0.95480
           0.71686
           0.61010
          -0.61043
          -2.43649
          -3.24897
           5.02699
          -1.30267
          -0.23250
           0.35568
           3.95635
          -2.45296
           2.12239
           4.03482
           0.18815
           0.35307
           0.99838
           1.38120
          -6.67390
           3.78792
          -1.07960
          -4.06372
           0.80093
          -2.21824
          -0.76541
          -2.36889
          -4.02139
          -0.48969
           1.62595
          -2.19079
           0.07564
          -1.38153
          -0.35003
          -0.55688
          -5.38006
           0.40759
           2.53728
           1.88977
          -2.41345
           0.75129
           0.91104
           1.66181
          -1.48002
          -3.67273
           2.48445
           1.80553
          -1.41836
           2.78780
          -2.76793
           1.58709
          -2.96558
          -3.12108
          -2.94234
          -2.71299
          -5.64738
          -4.84510
          -1.50498
           0.79869
          -1.54527
          -0.64865
           4.47224
           3.23735
           4.23483
          -1.49237
          -0.63643
           1.88852
           1.66231
           1.06654
          -3.77881
           3.19821
           3.68633
          -4.62065
           0.31819
          -0.07360
           0.19644
          -2.32698
           3.32527
           0.61095
           1.51986
          -0.75223
          -1.95487
          -0.51773
          -1.68555
           1.31800
          -2.45756
          -3.53257
          -5.46606
          -2.20389
           3.61792
           0.26412
           1.15217
               NaN
          -0.18622
           0.31401
           0.66669
          -3.41664
           1.86706
          -3.77145
           3.90967
          -0.07007
          -6.22050
           1.53639
           5.19607
           0.10591
          -0.40932
           5.62297
           5.96516
           1.51105
          -0.53996
           0.95916
          -5.59067
           3.44058
           0.65497
          -0.09193
           0.98546
           3.33698
          -1.73718
          -4.07895
           1.11005
           1.23554
           1.59374
           3.61334
           2.49320
           1.92537
           2.41725
          -0.83151
          -1.95335
           4.10339
          -0.65170
           3.23989
           0.66589
          -1.51429
          -1.63317
           1.12840
          -0.80916
           1.74163
          -2.24025
          -0.79168
          -1.77801
          -1.69411
          -0.86472
          -1.34480
          -2.25052
          -2.21521
           4.85458
           0.55092
           3.89830
          -2.30175
          -3.16008
           0.81618
           3.99208
          -1.42309
           0.12459
          -0.24460
          -0.59290
           2.90323
          -2.46155
          -0.25329
          -1.47452
          -1.36771
          -0.14192
           0.54143
           3.00589
           1.03091
          -0.26343
           2.19215
           1.30731
           0.05472
           0.61980
           0.24177
          -0.06134
          -4.86369
          -4.30843
          -4.57431
           1.77804
          -1.20163
           6.76845
          -2.40213
          -3.11433
           0.99963
           4.17359
           2.93036
          -2.19313
           0.48394
           3.04760
           1.45067
           1.87233
          -2.15797
           0.92579
          -2.75938
          -1.04978
          -0.31242
          -5.39868
          -2.94757
           1.23521
           3.15740
          -2.40803
          -4.29853
           5.80236
           1.37192
           0.29636
          -0.98030
           2.96892
          -2.27783
           0.91537
          -3.07066
          -2.78418
          -2.55940
          -1.37482
           0.51486
          -0.03464
          -2.00960
          -2.16325
           0.54890
          -0.23664
          -2.30771
          -1.97486
           1.08672
           0.76872
          -0.19122
           2.97126
          -2.92170
          -1.17905
          -3.43080
           2.23057
          -3.07096
           3.10855
           2.92371
          -1.66216
          -3.88382
           0.72668
           2.14906
          -1.04471
          -3.88977
          -1.71931
           0.23817
           0.48566
          -1.19871
          -3.89079
          -1.03201
          -0.76661
          -2.81522
           3.31202
          -3.62095
           4.72798
           1.39029
          -1.64464
           1.20851
               NaN
          -0.04678
           1.69770
           0.38562
           0.74111
           3.83701
               NaN
          -2.26712
          -1.29799
          -1.85710
          -0.86935
           7.08766
           0.66941
           1.06290
           1.44429
          -5.98734
           1.57057
          -2.17578
           1.94941
           4.66379
          -0.92152
          -0.51215
          -1.34795
           1.79931
          -2.10004
           5.69358
          -2.64141
           4.00198
           4.02371
          -0.53893
           4.48474
           0.95543
           2.81101
               NaN
           1.14799
           0.06833
          -3.14993
          -1.32262
          -4.09248
          -1.98544
          -0.65601
          -1.63656
           0.46577
           1.64175
           1.58152
           6.79626
          -3.77059
          -4.61731
          -1.31644
           0.76891
          -0.75741
           2.61520
          -1.18717
           1.70841
          -2.38204
          -1.06746
          -0.21721
          -0.79664
          -0.85200
          -2.74302
          -0.57625
           1.46872
               NaN
           2.15940
          -2.61673
          -0.38130
           2.02969
           1.51229
          -3.77313
           0.76783
          -3.22783
          -3.15122
          -2.42319
           1.17631
           2.48627
           1.76885
          -1.90491
          -3.40572
           0.73338
          -2.73962
           2.00050
           0.62073
          -1.99375
           1.62078
          -2.09078
          -4.41381
          -0.63184
           1.42923
           5.26900
           3.98802
          -1.28938
          -1.56873
          -1.29487
           2.41638
           2.63238
          -1.38531
           5.69514
          -2.68862
           1.74432
           1.62338
          -0.75851
           2.45341
           5.04308
           4.07677
           0.20776
          -1.25162
           1.71075
           1.96584
           2.45538
           2.84511
          -2.15010
          -2.97441
          -0.04091
          -5.04179
          -0.38843
          -0.62739
           2.96103
          -0.10501
          -0.65786
           4.84277
          -0.19619
          -1.67710
           5.35013
           6.49164
          -2.19760
          -0.32337
          -4.21933
          -1.19160
          -1.90280
           1.11695
           0.99316
           2.67770
           1.24196
          -1.42339
           2.70482
           1.68600
           6.28746
           4.11188
           1.09475
          -1.21844
           1.98101
           2.92387
           0.69422
          -0.04117
          -0.06216
          -4.33510
          -0.50621
          -0.06934
           3.26992
           1.01629
          -3.76358
          -0.05445
           0.92041
           1.33729
           1.96087
          -0.69959
          -0.18636
          -2.68702
          -1.95051
           1.85960
          -0.44336
          -2.18044
           3.68238
          -4.31284
           1.17318
           3.13818
          -1.91628
          -2.42239
           4.57751
          -4.15278
          -3.29969
           1.60829
           1.05822
          -4.83474
          -0.51250
          -3.28724
           5.03323
          -2.85870
           3.19253
          -1.07344
          -2.11540
          -1.35637
          -0.65449
           1.81412
          -1.80844
           6.36926
          -3.93908
          -5.19808
           5.62282
           1.21893
          -1.82878
           2.72372
           1.37703
           5.19689
           3.19820
          -1.69803
          -1.32925
          -1.20064
          -3.58095
          -0.49718
          -3.70497
          -0.60438
           5.09182
          -0.31836
          -0.46767
          -0.84794
           2.60978
           2.05800
          -4.75024
          -2.53337
           0.27532
          -4.47165
           5.19537
          -0.10253
          -3.05791
          -0.11456
           1.26177
           2.61626
           1.44265
          -0.49962
          -0.85119
          -1.08270
           4.12922
          -1.69266
          -1.05515
          -4.62531
          -3.09367
           2.70130
           0.51819
          -3.83048
           0.35314
           0.76645
          -1.86325
          -2.52780
          -0.13612
           1.58298
           1.69926
          -5.78034
           1.67738
           1.61402
           0.61415
          -1.23979
           0.32601
          -1.34847
           2.61270
          -0.67946
           1.73513
               NaN
          -0.24750
           2.09990
           0.15956
           3.51948
          -4.75432
          -2.63509
           5.07351
           2.90122
          -0.60755
           0.60302
           2.80621
          -0.91670
           3.06350
           0.91997
           2.54999
           3.09622
           0.61656
           2.42020
           1.99494
          -6.63677
           4.28945
           3.51371
          -2.91647
           5.41582
          -0.13298
           4.72802
          -1.59506
          -0.04792
          -0.90487
           0.63259
           2.23818
           2.40054
          -1.54020
          -2.13873
           0.34652
          -1.64602
           6.44786
           1.26435
           1.82989
          -2.69497
          -0.45976
           0.51067
          -2.87231
          -1.51996
           3.64428
          -1.56920
          -0.34319
          -0.64214
          -4.30061
           0.48842
           2.01285
          -1.45593
           1.56023
           3.55322
          -2.00993
           2.58861
           4.00027
           0.83867
          -1.71382
           2.09214
          -1.06862
           0.74182
           4.11014
          -1.94088
           1.30479
           0.55918
           2.13596
           3.19821
          -1.15084
           1.23206
          -2.60007
           0.88133
          -5.78673
          -0.10825
          -0.97695
          -4.11418
           1.38614
          -1.14957
           0.56802
           2.03361
           3.18008
          -4.38423
          -4.59468
           1.72139
          -5.14725
          -0.72054
           3.48457
           2.22954
          -6.08936
          -1.82185
          -4.07623
          -0.74953
           0.97382
          -3.67706
           3.16483
          -1.22476
           0.05015
           1.54724
           2.06971
           1.63527
               NaN
          -3.86772
           1.86844
           1.76336
          -0.87157
          -1.56634
           1.39785
          -3.12493
          -4.80833
           3.47268
           0.78431
          -2.06596
          -0.79448
           1.05758
           1.91383
          -1.08144
           2.11965
           3.26273
          -0.38769
          -5.62614
          -2.10929
          -0.52621
          -1.59103
           1.10310
          -3.84406
           6.07221
          -4.17484
          -0.08053
           1.47270
           2.06118
           1.97933
           0.91126
          -1.86730
          -3.20599
           2.89575
          -0.32646
               NaN
          -1.08421
           2.66889
          -1.75100
           1.93571
          -3.27262
          -2.06345
           0.32912
          -0.55357
          -0.70214
          -1.50306
           0.22465
           5.33819
           2.91254
          -1.40970
           2.87356
          -0.69316
           0.61339
          -0.48637
          -0.31431
           2.60457
          -3.08733
          -0.23111
          -1.78742
          -1.46859
          -0.93731
           0.39675
           2.30502
           1.21248
          -0.08500
          -1.42408
          -4.68810
           2.60907
          -5.38494
           1.75228
           5.16873
           4.06718
           3.22089
          -3.44346
          -4.66548
          -0.28455
           0.85575
           2.41526
          -1.24449
          -4.91277
          -3.72613
          -1.12510
          -0.34013
               NaN
          -1.83767
           2.30636
           0.66112
          -1.29489
           2.38705
           5.45377
          -2.38668
           2.59478
          -1.16282
           0.96378
          -4.52374
           0.62779
           1.92031
           1.58395
           0.71705
          -3.73015
           5.24928
          -1.98426
          -0.74076
           4.01685
           1.76720
           2.22759
          -0.87287
          -1.53337
           0.49555
           1.31104
          -0.46263
          -1.79274
          -2.84025
          -1.05484
           0.82117
           3.32621
           4.83239
          -3.57546
           0.03895
           2.74482
           5.91514
           0.84044
           1.37985
          -2.99631
           0.96453
           5.50166
           2.98626
           1.82782
          -4.68099
          -2.61455
          -3.32643
          -2.77911
           2.18953
           1.72131
          -3.07819
           1.75493
           5.20588
           7.14115
          -1.96291
           1.12913
           0.04125
          -2.51140
           2.48246
          -3.26599
           4.87808
          -3.11808
           1.70930
          -1.25677
          -1.41294
           2.44136
          -1.28503
           1.36757
           0.92417
          -1.29218
          -0.89937
           0.52141
           2.34565
           3.67015
          -0.17254
          -1.30405
           3.94635
          -1.62122
           4.04854
          -0.28159
           3.70613
           3.40858
           0.27836
           1.92824
          -2.12755
          -1.20321
           1.76888
          -5.17079
           1.28807
           4.12624
           3.52667
          -2.69804
          -1.69430
          -4.68293
          -3.56080
          -5.60399
          -1.92942
           4.49590
          -3.46783
           1.82361
           1.81415
           0.13568
               NaN
           3.34539
           3.13575
           2.10527
           4.08979
          -2.08242
           0.61391
           0.56424
          -3.58923
           0.62264
          -2.39662
           2.26880
          -2.05231
          -0.93365
          -2.21629
           0.39490
           1.04972
          -0.79340
          -4.34960
          -0.87915
          -0.78187
           3.62320
           0.48901
           2.12677
           5.38340
           2.44302
           2.44449
           1.65156
          -4.27012
          -2.87702
           0.95172
          -0.54278
           0.54134
          -1.78753
           0.81786
          -5.20744
           4.87585
           2.28494
           1.65012
           0.59047
          -3.02335
          -1.09806
          -2.46863
          -5.04238
           3.60039
           2.83702
          -0.89910
           1.58665
           0.57510
           0.68546
           0.53189
           0.40178
          -3.06925
           1.54172
          -3.10208
           4.28570
          -3.19431
           2.12818
          -2.88933
          -3.78666
          -1.59308
          -0.49045
          -2.56492
           5.58280
           1.45195
          -1.25628
           3.65623
           2.78795
          -2.45794
           2.36303
           5.66440
          -0.94700
           0.25397
           2.39952
          -4.51886
           2.36495
          -0.80237
           0.99679
           3.39232
          -1.90308
           1.42548
          -3.38287
           1.07798
          -1.08713
          -1.76270
          -1.00519
          -1.83894
           2.67452
          -0.37405
           1.50254
           1.42300
          -1.26978
           2.96715
           0.59902
          -1.68368
           2.93020
          -0.08398
          -2.81002
           1.12116
          -4.32627
           3.18189
          -3.36690
          -1.47855
           1.56439
          -0.22798
           2.06381
           6.17203
           5.29835
           0.94687
           4.67660
          -2.94633
           0.09412
          -1.13707
           0.50264
           1.25751
          -1.84703
           4.05509
           1.94305
          -0.14167
          -2.40532
           0.36769
           1.85642
           3.48483
               NaN
           5.25008
          -1.61930
          -0.07042
           3.92197
          -1.50518
           1.00494
           3.05715
           3.38716
           0.19843
           1.63513
           1.32414
           0.96381
          -3.97854
           2.08287
               NaN
          -1.32774
           6.54658
           0.82288
           0.14092
          -0.29618
          -4.53219
           0.88794
           0.12859
           0.81523
           0.67541
          -1.43224
           1.35195
           6.82293
          -2.29719
           0.08156
           2.94864
          -1.91491
          -0.37863
          -0.76909
           4.39000
          -0.26603
           0.05073
           2.25884
           1.28247
           2.50808
          -0.74617
           2.41630
           3.57689
          -0.08917
          -5.62819
           0.17964
           2.67660
           5.77386
           3.77190
          -4.28872
          -1.92813
          -3.68558
          -1.62117
          -0.92037
           1.37490
          -1.49704
          -1.55139
          -5.70262
           1.39968
           0.45734
          -1.36292
          -4.24567
          -1.82333
           0.64795
           3.78926
           3.95625
          -3.51016
           0.97926
           1.49875
          -0.48782
          -4.25538
          -1.59486
           1.95898
           1.26342
          -0.33287
           4.14166
           1.70656
          -4.88521
          -0.12583
          -1.76334
           0.89744
           1.89491
          -3.75267
          -5.05855
           2.27204
          -0.24612
           0.59249
           1.71025
           1.94215
           4.21161
          -3.96336
           3.44646
          -1.15582
          -2.66848
           1.76552
          -2.66359
          -1.47441
           2.75028
          -0.13460
           2.60440
           0.87720
          -1.05513
           3.58263
           0.34263
           0.42787
          -0.44216
          -4.43939
          -1.43513
           4.18637
           0.12571
           1.57886
          -3.83755
          -0.08661
          -1.72292
           0.06525
           1.18181
           6.01522
           3.84594
          -6.41910
          -1.31166
          -0.06625
          -0.94623
          -1.77780
          -1.11945
          -2.56387
          -4.66785
           2.03394
          -3.46749
           0.65274
           1.26453
           3.38215
          -0.03747
           3.48240
          -1.12453
           4.89399
          -0.63349
          -0.51897
           2.65168
          -1.94668
          -4.46463
           0.86061
          -5.38045
