          -2.10824
          19.39236
          53.17551
          -4.24053
          50.95616
           3.04156
          -2.59724
         -20.34141
         -32.77574
          15.26982
           9.54099
         -35.21488
         -23.60662
           4.16467
         -29.97632
          -1.02287
          21.54963
         -26.48563
          18.33363
         -39.21046
          29.36572
         -14.65524
           8.26658
         -24.92976
          24.42936
          19.89277
          25.91956
         -13.37911
          32.56450
          -4.90382
         -32.77683
         -39.40638
          34.71212
          12.55918
          -7.63306
           6.06064
         -26.29152
          51.97199
          31.25414
           1.63468
          47.52211
         -29.48376
          -3.09425
          29.89014
          18.67250
         -12.19652
           4.19841
          25.05306
          19.85787
          -9.10930
          31.08153
          15.12985
          -2.10905
          15.53921
          -9.41741
         -21.88318
          21.47243
         -14.53395
         -28.02451
          10.69405
          41.16054
           1.05069
         -12.80377
         -19.19537
          29.35636
          22.69462
          23.32809
           6.36958
          32.59957
           1.42863
          46.89166
          25.86448
         -12.06102
          -9.74177
           5.23427
          -1.35585
         -15.59834
          41.31367
          15.46123
         -15.67495
         -15.84564
          -9.16679
          13.49545
          18.01150
           9.42320
         -30.69259
          33.24680
           4.33988
         -25.84158
           2.63568
          -1.80495
          24.95966
          -0.86498
          27.49682
          -0.98350
         -25.49215
          18.30387
          28.55285
         -23.42529
         -18.60750
         -10.76475
         -19.49512
          10.54549
          11.02521
          12.06297
          -6.26642
         -27.58215
           4.18708
           3.58963
          40.68779
          24.99674
          53.51067
          60.66988
         -50.25713
           1.58211
         -21.82150
          -9.51647
          54.75155
           3.34027
          35.21751
          54.39222
          -6.56271
         -12.02388
          18.54671
          -9.12067
          -7.40269
           5.75158
          10.94444
          59.33768
           0.21753
          -9.69911
          16.97014
         -19.72064
          42.03848
          -5.03229
          18.29523
          13.80439
          29.89840
          43.69080
          12.50655
           8.84098
         -11.66162
          48.15633
          13.55670
          -6.89106
         -16.03456
          16.93597
         -17.11585
         -10.98734
          -1.57888
           9.70668
         -20.13510
          17.48923
           1.75320
          32.07726
          51.01745
          -7.18182
          12.38220
          42.54036
         -22.53224
           4.86684
           0.31481
          17.71605
          14.30046
           9.15356
         -35.99658
          -5.55553
           8.63296
         -20.93265
          25.57680
          57.97870
         -12.95834
         -32.53691
           7.03053
           6.72984
         -19.09677
          -9.37173
          -6.92377
         -17.09063
           1.91371
         -27.43109
         -37.78437
          45.51586
           6.41621
           7.89299
         -47.10203
          -2.67210
         -10.48562
          -7.95416
          17.67393
          -0.42347
           2.32539
          17.31226
         -35.90994
         -18.80884
          39.12952
          25.59735
          43.00344
          -5.07966
           5.56718
         -16.15861
          -3.30389
          15.33037
           1.10660
          -3.69477
          49.22947
          11.16895
          30.26415
         -27.00797
           0.04410
           8.93864
         -20.32938
          25.94254
         -10.41646
         -13.05358
           9.13099
           6.96917
          22.97675
          15.45245
          19.82443
          20.26218
          34.13116
         -11.58547
          -5.87180
         -25.14036
         -11.83195
           1.14461
          22.20564
          37.17669
          -1.33129
          -7.77039
          31.60915
         -12.13989
         -33.74542
         -38.79567
          -5.09638
          30.02974
          31.58851
           3.17728
           7.45332
          22.77308
          10.26295
          50.00167
          -0.74625
         -17.81719
          -9.17851
           7.14192
         -25.92802
          -6.59137
          30.18270
          18.40512
           8.23760
         -26.06999
          13.51784
          17.15252
          14.23635
          34.57694
          -1.22103
           7.48813
           0.56174
          39.15292
         -13.23598
          20.84715
          -8.19931
           2.22611
          -4.25391
           8.89459
         -36.11840
         -11.82529
         -37.02532
          11.22455
          11.70136
          59.49439
          34.23204
         -28.94915
         -18.98524
          31.88720
          10.36444
          16.81414
         -17.89054
           3.63692
         -26.00397
          -0.82650
         -39.48800
         -24.11631
          16.98953
           2.32179
           0.81832
           8.35951
         -17.52702
         -19.12434
          34.47889
         -10.63883
           2.89113
         -12.19842
          24.16029
         -13.23980
          21.21449
          28.41966
          38.53022
          40.71923
          26.41965
               NaN
         -21.38961
         -30.64531
          15.30159
           8.12438
           5.30814
           0.37181
           8.26380
         -23.60661
          -8.38361
          21.08578
          55.67368
          37.29304
          16.94935
           2.41875
         -24.49061
          22.17025
          16.66281
          18.55101
         -20.91084
          -7.18043
          36.97973
          33.49440
          16.01000
         -38.26989
          19.09142
          10.79064
           9.64540
          20.98020
           2.60359
         -10.96383
          42.28272
          16.59058
         -20.02587
           7.35403
          35.61144
         -37.62451
          49.26031
         -20.46031
         -17.45322
          27.16900
         -17.55653
          16.96095
         -14.11588
         -15.92759
          17.44728
         -18.29601
         -10.65734
          21.21961
           0.19161
         -12.10969
          -9.68107
           4.80265
           5.01532
           7.13289
           5.45211
         -10.48740
          13.54446
           9.15284
          -4.61502
          20.33759
         -16.39481
           7.51895
          41.68183
         -25.97635
          52.01010
          60.04861
          -6.76303
          -0.29901
         -18.17691
          32.61607
          22.57022
         -17.78477
          14.51355
           7.61728
          -0.68189
           1.03615
          22.43119
          17.54541
         -25.96820
          -4.29413
          21.69804
           9.93828
           3.78917
           0.34794
          33.65516
          -0.17974
           5.02383
          44.33460
          21.49108
          14.95735
          31.25765
          16.77948
          38.01910
          19.65121
          15.10866
          60.63092
          -5.51365
          -4.95016
          -2.38718
         -10.68770
           8.57527
          40.28342
         -22.43297
         -18.86746
          30.60034
          -9.26591
           3.42531
           0.18195
         -39.80835
           0.73658
         -12.02413
           6.02225
         -11.62736
          10.35630
         -35.86859
          32.21495
          -9.77869
         -21.84155
          -5.21981
          -5.53896
          20.67485
         -20.61901
          28.74108
         -25.47043
          -8.38020
          20.19877
           0.68065
          43.84578
          16.34891
         -25.51549
         -25.50268
         -12.85973
         -13.46324
          66.33796
         -20.43021
          21.28334
          28.48309
          29.83972
         -19.25416
          -1.00673
          11.97826
          23.97574
           7.62344
          -6.68649
          19.71406
          18.70158
          30.39863
           8.56234
          24.83446
          16.77587
          36.74352
          21.00101
          47.61574
          43.67714
          58.44411
          18.61206
           4.75891
          31.27229
          -3.23725
         -12.08307
         -20.94839
          29.70370
          10.07366
         -19.53024
           5.38509
         -11.66627
         -16.80810
          20.72702
         -29.08854
           8.69626
          -0.17349
          25.99652
          43.42698
          -5.78982
          -8.44490
         -18.43120
          -4.52677
          12.00474
           2.78946
          43.17231
          -1.85559
         -24.85431
          20.37787
           7.63703
          50.22447
         -22.40455
          10.19308
          18.61404
          17.31167
           7.78660
               NaN
          -2.54724
          24.03739
           5.75001
          14.79616
          26.28668
          16.54814
         -14.87012
          -1.29367
          51.05960
          17.27252
          27.35515
          31.54474
          61.85953
          -0.94593
          15.42626
         -19.21688
          48.19162
         -39.26636
           2.28196
          24.90594
           2.13018
           6.40436
          -5.10860
          17.80798
           4.24381
          -5.78699
          31.11516
         -14.20230
          27.78447
         -50.20152
           7.98981
          11.38224
         -13.71820
          55.64614
           9.20736
          -7.68165
           4.69663
           7.06200
          24.54225
           0.10014
          -7.21295
          -7.03286
          -3.08574
          48.31467
         -32.66370
         -28.82961
          -4.64454
               NaN
         -14.59130
         -38.82902
           8.37525
          -5.11527
          28.08790
          25.99031
          10.25880
          23.20297
          -3.72531
          -1.65398
         -39.00117
          37.94463
          22.24223
         -15.78029
         -18.20560
         -36.53832
         -14.45917
          12.04391
          46.25660
         -11.53792
          -2.87584
          21.09048
          43.26756
          22.82190
          12.87343
         -10.68679
          19.78600
          43.98626
          -6.83652
         -18.12623
          17.76525
          -7.15589
         -33.50454
          29.77418
           3.82128
          -5.42476
          -5.86825
          28.17704
          18.82082
          33.37407
           3.04971
          -4.20736
          18.49236
          35.29901
          28.24196
          20.88011
           8.78316
          10.27866
          -5.92527
           7.86805
         -22.42626
          61.05010
          -2.02213
          31.62742
          14.89505
          -8.84978
          36.16728
          13.34733
          14.33524
         -54.71235
          15.18683
         -29.38935
          27.44195
         -30.49169
          26.91577
          -9.00861
          36.80190
          28.44308
          -4.79188
          19.74200
         -10.61453
         -22.46289
           9.69228
          14.06580
         -17.46440
          24.27292
          31.80733
          20.07848
          14.55567
           2.93157
         -13.67705
         -10.33967
         -24.49576
          35.18980
           6.67708
          32.91484
          33.27285
          19.34462
          11.69218
          -5.80525
          15.62858
           4.62506
          18.36584
         -10.69161
          36.94034
           9.64252
         -35.73070
         -25.05924
          -8.74277
          43.57738
          12.53991
           8.79582
          38.94632
          -8.14359
          11.18037
         -21.44332
          15.66790
           3.25908
          26.35116
           9.21638
         -27.67193
         -11.91118
          13.94285
         -19.56944
          -8.53569
          32.57623
         -14.78972
          14.00808
           4.77099
           8.01038
          17.69443
           8.47250
          12.34515
         -35.49751
          28.09204
          30.12956
          11.15958
           7.82652
           1.02840
         -19.70698
          18.66441
          -8.51586
           0.68259
          50.88753
          21.57184
          12.32069
          15.62321
           8.16398
         -17.57194
         -10.90372
          13.04030
          24.45316
           2.25207
         -34.62058
         -16.41529
          25.36481
          38.09988
          33.23196
         -40.30259
          13.25524
           2.92299
         -25.10531
          41.76488
          28.88459
          -2.65389
         -35.48201
          20.63196
          22.42926
          -7.14832
           5.46422
          15.83766
           6.38047
          -3.52755
           0.04895
          -6.03047
          54.75161
          12.37946
         -20.24979
          39.25287
          -2.55018
          11.61204
          25.68187
          16.29441
         -29.88959
          -4.48082
          36.00112
           1.09883
          42.59463
         -12.42192
         -15.16095
          -5.84896
         -27.39026
           0.56021
          19.28309
          43.39691
          -4.56243
           5.78629
          -8.85835
               NaN
          32.85755
         -31.18077
         -11.84989
          -0.01159
           2.96637
         -22.68911
           0.32291
          66.43427
          31.57092
          19.02385
          14.86210
          -2.25750
         -41.43638
           7.24658
         -31.07892
         -13.74938
          12.64958
               NaN
          -9.12937
          10.91910
          -5.26869
          -9.99284
          -3.18602
         -40.47583
         -23.59277
          21.01996
           4.90231
           2.58909
          29.87993
         -14.60411
         -28.34580
         -12.92130
         -17.00222
          43.48705
          62.44143
          35.58040
          22.37979
          10.83423
          20.52392
         -51.71759
          -4.18477
         -24.33559
         -35.55260
           4.71134
          26.99965
           3.39200
          -2.14303
          30.15969
         -15.99987
          15.59357
          -5.68535
         -22.93832
           0.03995
          15.88495
          22.89359
          -0.36621
         -12.41545
         -26.36645
          12.05471
         -30.49126
          40.01688
          43.84398
           7.45449
          -5.38970
          23.51872
         -18.86706
           1.63587
          25.18770
         -13.55991
          27.82325
         -20.17086
         -11.60737
         -34.58339
          65.48662
          -3.43346
           2.00681
           1.77672
          31.31272
           3.29273
          35.27012
           0.65661
           5.26050
         -22.08381
           4.30792
         -13.55165
          34.77370
          -1.72019
          12.65594
         -31.12084
          16.63524
          -6.47921
          50.95783
          -2.59786
          43.34382
          -0.11301
          23.26031
         -46.18436
          13.03485
         -20.97745
          40.34725
           0.22393
          -4.94463
          68.43775
          -4.68821
          40.85927
           6.32085
         -13.49151
         -50.48400
         -18.61902
         -38.03560
          16.45440
         -18.13459
           7.26429
           3.78470
          -3.09381
          24.09071
          14.21260
           6.22224
         -26.23574
         -45.38928
          25.22658
          15.61540
          -6.27740
         -20.20103
          56.04671
         -17.92790
          42.19359
          31.93156
          61.07970
          -7.15939
         -16.48215
          -5.97146
          -6.25562
          -5.12150
          36.39740
          18.44781
         -19.49580
          31.04073
           0.95872
          -7.80583
           6.06552
          27.97347
           0.17701
          39.76383
          22.81793
         -19.03835
           0.21696
           2.06129
          -6.29778
         -30.50744
          27.42567
          -1.78869
         -10.68981
          -9.95905
          -1.98754
         -25.57135
          12.02364
           2.54788
          65.92314
          22.93606
         -36.18448
          28.08102
         -15.18774
         -23.06876
         -38.78265
           3.29110
          25.44512
         -22.70358
           2.15962
         -12.73423
          -5.99091
           4.00554
           2.19613
          28.20783
          15.31264
          34.92980
           0.08936
          23.14087
          31.53252
          17.89140
          20.68453
           7.98678
          -3.14828
          23.75854
           0.09230
          30.78826
          48.14315
         -10.65520
          10.74807
          23.90225
          22.89691
         -20.88040
         -14.79772
          44.38942
         -16.74196
          33.03413
          27.81315
          29.28887
           8.81766
          -9.83187
          -2.84840
          48.58521
           0.89833
          31.85193
          34.83026
          -5.78865
         -20.88885
           5.93221
          28.67136
           9.47045
          10.93250
         -13.66161
          39.10742
          17.44894
          -9.71997
          13.68817
           8.90828
          53.79557
          -2.63532
         -26.37223
          44.90772
         -31.39489
         -13.65197
           4.99918
           6.94042
           9.53526
         -15.64921
         -23.34492
           8.20317
          -0.76154
         -20.42691
          17.33396
           7.11655
          35.98023
           6.27523
          26.89968
          16.83693
         -10.25804
          41.37367
          15.22486
          33.11170
          23.95407
          -3.62732
          21.65117
          30.61100
          20.43874
           3.92018
          21.66618
          -5.68842
          11.04129
         -25.51217
           2.94928
         -11.50339
         -11.28780
          49.25768
         -27.09992
          -8.89909
           7.61707
          -2.59079
          -3.83606
          19.67202
          -4.16518
          27.14329
           9.20695
          46.92444
           9.15421
         -37.84850
          59.05744
          26.68602
          -2.69487
          -1.26261
          -0.95754
          -2.18459
           1.36641
           0.25944
          -3.33001
          -0.65617
          -0.05730
          -1.94276
           0.73731
          -2.95210
          -1.18454
          -4.83119
           1.47026
          -2.42166
           0.98493
          -0.54839
          -0.49745
          -3.55503
          -1.35532
           0.66058
          -2.28059
          -3.15179
           1.97409
          -0.21788
           0.45849
           0.33824
           1.80661
          -2.98289
          -1.34378
           0.02275
           0.20607
          -0.77124
          -2.67555
          -3.16009
          -1.30958
          -1.86585
          -2.30941
          -0.77672
          -2.11550
           0.68446
          -1.97783
          -0.42636
           2.55829
          -1.14871
           0.07679
          -0.72958
           0.58803
          -0.94320
           0.04845
          -3.63086
          -2.24286
          -2.52358
          -3.25098
          -1.34397
           1.22615
          -1.61537
          -2.83076
           0.31948
           3.13258
          -0.05066
          -2.83329
          -0.97254
          -3.04435
          -2.20942
          -0.99494
           1.59361
          -2.61788
           0.05119
          -0.60310
          -2.66134
          -1.17613
          -1.96101
           0.06236
           0.50183
           0.96343
          -3.28857
          -2.51174
          -3.42946
          -3.44916
           1.01176
          -3.08022
          -4.77405
          -2.76692
          -0.38341
          -0.32773
           0.74256
          -1.93239
          -1.82061
          -1.13699
          -0.35414
          -3.71573
          -3.04407
          -1.87698
           1.22485
          -1.80665
           1.13399
          -1.77295
          -2.52320
           0.00874
          -0.95924
          -1.00030
          -0.56019
          -1.07442
          -1.52343
          -2.04077
           0.81986
          -0.34480
          -0.94189
          -0.93433
          -1.15891
           1.32319
          -2.15511
          -2.74849
          -2.46613
          -0.41372
           1.91494
          -0.83075
           1.60058
          -2.32041
          -3.53006
               NaN
          -2.36900
          -3.86519
          -2.60143
          -3.52386
          -0.24546
          -0.28276
          -0.93111
           0.63463
          -1.67845
          -0.33501
           0.05925
          -1.58244
          -2.35542
          -3.31935
          -3.14086
           0.35560
           0.99446
          -1.86623
          -3.67413
          -0.33471
          -0.51148
          -2.63415
           1.00755
           2.20681
           0.78330
           0.14227
          -1.24343
          -1.71372
          -0.95175
          -3.64619
               NaN
          -2.74716
          -0.57986
          -1.47252
          -0.46363
          -1.57842
          -1.04464
          -2.72926
          -1.34856
          -2.79063
          -1.12689
          -0.31612
          -3.10295
          -1.63371
           0.29394
          -2.37420
          -2.50098
           0.02130
          -3.57927
          -1.69559
          -1.78883
           0.31469
          -2.01508
          -0.19203
          -2.90757
          -2.04434
          -1.95852
          -0.68624
          -2.31768
          -2.17797
          -0.81245
          -0.49367
          -2.03739
          -0.48205
          -0.99635
          -2.20342
           2.49369
          -1.39295
          -2.19750
          -2.49695
          -2.80272
          -0.42183
          -3.18135
           1.41090
          -0.97348
          -2.36099
          -2.43309
          -1.41502
          -0.84726
          -3.49284
          -4.57402
           0.88492
          -0.81291
           0.09517
          -4.50588
          -2.08984
           2.15052
          -0.49805
          -2.53135
          -1.13158
          -2.36070
          -0.82826
           0.09158
          -3.11339
          -3.04671
          -0.49691
          -0.61447
           1.05308
          -4.74477
           0.12648
          -1.11942
          -2.51707
          -3.50791
          -3.09977
          -0.33185
          -0.59579
           1.07290
               NaN
          -1.31225
          -1.87842
          -2.32435
          -0.91811
          -2.09048
           0.40398
          -1.04703
          -4.75325
          -0.00910
          -0.56681
           2.39452
          -1.18035
           0.59131
          -2.57079
           0.37065
           1.06532
          -3.58604
          -2.61503
          -3.50157
           1.74271
          -3.70346
          -2.43970
          -0.83475
          -1.65401
          -1.37114
          -1.08575
          -0.36069
          -1.20564
           0.19079
          -1.49220
          -0.53274
          -1.22301
          -0.18577
          -3.88408
          -2.66824
           0.05279
           0.93366
          -2.62839
          -1.96596
          -0.13575
           0.85504
          -0.42190
           0.36902
          -2.21707
          -2.76255
          -2.14604
           0.21118
           0.71157
          -0.62254
          -2.04739
          -4.25068
           0.35010
          -0.41960
          -3.15616
           0.23334
          -0.44541
          -2.08528
          -1.43686
          -2.40426
          -0.59964
          -2.23565
          -4.59775
          -4.35574
          -1.58555
          -1.07755
           0.81234
          -0.97852
           0.93729
          -2.81550
          -2.31432
          -1.84216
           0.07439
          -2.90420
          -1.12708
          -0.74465
           0.91468
          -4.37131
          -0.58606
           1.28979
          -0.45482
           0.22331
          -3.09924
          -0.53139
          -1.70366
           0.93184
          -0.22572
          -1.72656
          -0.17514
          -3.26287
          -0.45905
           0.01682
          -1.73283
           0.51685
          -2.57601
          -0.74424
          -2.83933
           0.08252
           2.34203
          -5.21365
           1.55702
          -0.25616
          -1.06963
           2.57727
           1.89966
          -1.95825
          -1.02466
           2.37620
           0.28143
          -1.60211
          -3.05057
          -0.31341
          -1.21503
          -2.37759
           1.58529
          -1.03425
          -1.26716
          -0.29073
          -1.68498
          -0.25169
          -1.85787
           2.34134
           0.65863
           0.27177
          -1.79717
          -0.93641
          -0.97597
          -3.21549
          -2.19932
          -1.21061
          -2.71769
           0.26136
           1.42443
           0.07067
          -0.48571
          -0.18803
          -2.18904
          -0.22999
          -0.48957
          -1.20309
          -2.81683
          -3.04026
          -0.13352
          -3.41569
           0.21480
          -1.42631
          -2.63273
          -2.99938
           0.66754
           0.49516
          -1.03425
          -1.68266
          -2.68035
          -2.23984
          -1.09318
          -0.56427
           0.49338
           1.46622
          -0.15693
           1.16068
          -1.85706
           1.43462
          -1.86474
          -2.37131
          -0.03167
           0.47637
          -1.95198
          -1.56706
           0.85775
           0.36174
          -0.98266
           1.56395
          -1.29538
           0.59433
          -0.35613
          -2.51779
          -1.63784
          -1.05893
          -1.51657
          -1.72170
          -4.35713
           0.46821
          -3.35417
          -0.03384
          -2.14500
           0.50200
          -0.85648
          -1.03329
          -1.45178
           0.37981
          -3.25592
          -0.91031
           0.16877
           0.46241
          -1.42868
               NaN
          -1.96397
          -2.13700
          -0.25039
           1.52005
          -2.50828
          -0.99494
          -4.01730
          -0.61300
          -2.03566
          -1.09185
          -1.14415
          -1.61747
          -0.90006
          -1.17917
           0.45981
           1.98647
           0.79692
          -1.05326
          -0.37435
           0.60914
          -1.21134
          -0.46913
           1.23259
          -1.93120
          -1.82819
           2.24614
          -1.17523
           0.45230
          -0.10564
          -1.28933
          -0.21741
           0.23525
           1.89983
          -0.42180
           0.42051
          -0.34306
          -1.36513
          -1.11655
           0.55387
          -1.47742
           1.20453
          -3.68987
          -2.11832
          -0.51192
          -1.65834
          -3.82202
          -1.45566
           0.10366
          -1.89154
          -0.21830
          -1.33793
           0.35122
          -1.05354
          -2.11461
          -1.62414
          -0.50415
           1.08837
          -3.67368
          -1.90360
           1.28107
          -0.24946
           0.28499
          -0.84337
           2.65667
          -2.00349
          -1.99201
           1.54204
           0.18868
          -0.05966
          -3.79356
           1.19815
           0.08366
          -2.82274
          -2.24867
          -2.18772
           0.35189
           1.24220
          -1.78957
          -1.09178
          -1.09524
          -0.61032
          -0.24232
           0.46033
          -3.51478
          -2.29244
          -3.86142
          -1.24972
          -2.88062
          -2.13893
          -2.32195
           1.87229
           1.52138
          -1.51926
          -0.07781
           1.50400
          -2.26610
          -1.42841
          -4.39083
          -1.19299
           0.85429
           1.82722
           2.48039
          -3.56591
          -4.21573
           0.90412
          -1.36517
          -3.03449
           1.89816
           2.00663
          -3.61500
           0.27958
           2.88474
          -3.82353
          -1.17426
          -1.82771
          -2.32227
          -1.28489
          -3.09446
               NaN
          -1.85774
          -0.68810
          -2.38914
          -2.14531
          -1.39265
          -2.38518
          -1.78061
          -0.40130
          -1.60795
           0.82455
          -3.06463
          -1.99526
          -2.25392
          -0.64815
           2.01916
           0.78961
          -1.14242
          -2.08701
          -1.08021
           0.56073
          -0.65957
          -1.54628
          -3.10239
          -0.65382
          -2.35745
          -2.61492
          -1.30795
           0.82647
          -2.74376
          -3.15240
          -1.79092
           0.60154
          -1.37701
          -1.50800
          -0.99008
           0.04409
          -1.25020
               NaN
          -4.47217
           0.46854
          -1.74564
           1.27642
          -2.49900
          -0.98851
          -0.74518
           0.10290
          -1.81180
          -1.29305
           1.08154
          -2.06704
          -1.43803
          -1.09832
           1.12043
          -1.72129
          -1.81313
           0.46886
          -2.25508
          -0.02069
          -1.84264
           0.30488
           0.17571
           0.21375
          -2.84850
          -3.11405
          -2.30465
          -1.91877
          -1.60344
           0.44921
          -0.90701
          -0.16138
          -0.67819
          -1.07674
           3.23775
          -2.46804
           0.64129
          -1.68374
          -3.93113
           0.24655
          -0.82555
          -0.67164
           2.82523
          -2.06893
           1.89255
          -1.21263
          -0.36011
          -0.43455
           1.62805
          -1.26094
           2.17841
          -2.14608
           0.39381
          -0.27963
          -3.27522
          -0.83160
          -1.25443
           0.09210
           1.21656
          -0.33456
          -1.36511
          -3.59855
          -2.95359
           0.30050
          -2.12280
          -2.31621
          -0.01417
          -0.18654
          -3.15306
          -1.08845
          -2.95290
          -0.62798
          -2.51386
           0.79268
          -0.37260
          -0.67313
           0.13310
          -2.27443
          -2.04348
          -2.20365
          -3.84756
          -0.66702
          -2.46182
           1.78291
           1.06989
          -2.35536
          -2.02199
          -0.99777
          -2.81626
           0.61379
          -0.98242
           0.13310
          -1.92300
          -1.93963
           1.39063
          -1.58218
           3.28851
          -1.39664
          -0.10623
          -1.40133
           2.81864
          -1.04708
          -2.35031
          -1.34680
           0.56337
          -0.67783
          -1.95457
           1.32054
          -1.82642
          -2.01439
          -3.24522
          -1.76799
          -1.35123
          -2.79713
          -1.67698
          -2.00031
          -1.43805
          -2.73022
          -0.56732
          -0.72634
           0.20079
          -1.64898
          -1.42750
          -1.41038
           2.99003
          -2.14932
          -2.56301
           0.52701
           2.60464
          -2.59140
          -1.25656
          -0.61459
           1.07969
          -0.18655
           0.79557
          -2.08772
          -0.03123
          -3.88948
          -1.73417
          -1.38466
          -1.82829
           0.84152
           1.19619
          -1.21502
          -3.32115
           1.79491
          -1.24969
           1.27402
          -2.23706
           2.30774
          -1.62485
          -2.28307
          -0.18813
          -2.30729
          -1.71087
          -0.41160
          -1.60016
          -2.73842
          -2.20682
          -0.94260
          -0.65443
           2.67588
          -4.88086
          -2.17154
          -2.55117
           0.77967
          -0.40183
          -0.98200
          -2.71867
          -2.66235
          -2.03995
          -0.12070
          -3.06412
           1.09472
          -0.29459
          -4.86622
          -0.23347
          -2.68274
          -0.66557
           2.00367
           1.52713
           0.14384
          -2.95210
          -1.92192
          -1.15769
           0.64019
          -3.18031
          -2.35719
          -2.32660
          -4.79033
          -3.55780
          -0.37218
           1.41526
           3.48678
           0.81696
          -1.58687
           1.06338
          -3.94008
          -1.35969
          -3.16707
          -2.34854
           0.09655
           0.81292
          -1.62008
          -0.77214
           0.74918
          -1.28563
          -3.92658
          -0.68619
           2.24760
          -5.01914
           0.36809
          -1.86956
          -1.66520
          -1.38736
          -0.61537
           0.47543
          -1.62229
           1.19722
          -2.28351
          -2.15386
          -2.27599
           1.15469
          -0.59977
          -0.57646
          -1.11352
           0.45740
          -1.34764
           0.62804
          -1.31875
          -1.10509
          -1.51335
           0.51137
          -0.73440
          -1.56386
          -0.92783
          -1.79210
          -1.87902
          -2.38703
          -0.01237
          -1.62406
           1.56151
          -2.82839
          -0.10439
          -0.43071
          -2.29896
          -0.84505
          -1.84237
           0.18531
          -0.17141
          -0.85948
               NaN
           0.78215
          -0.16516
           0.20195
          -1.34919
          -2.13732
          -2.35281
          -0.48330
          -2.71191
          -1.58320
           0.15791
           0.31450
          -3.09867
          -0.25718
          -2.88004
          -1.21110
           1.60073
           0.10328
          -1.77845
          -2.28177
          -3.92361
           0.61512
          -0.69025
           2.18626
          -1.79389
          -1.26474
          -3.44372
          -1.09279
          -3.15220
          -3.50773
          -0.81822
           1.09793
          -0.56727
          -3.29607
          -1.37292
           0.54638
          -3.38699
          -0.37454
          -1.24979
           2.22763
          -5.22536
           2.10074
          -2.07189
          -1.71292
          -3.05833
          -0.26261
          -1.67678
           0.93882
          -2.10584
          -4.06594
          -1.85081
          -1.37086
          -3.10055
           0.90818
          -0.38935
          -2.82227
           0.58038
          -3.81030
           0.55976
          -0.77043
          -3.54736
          -1.84974
          -2.17286
          -0.94601
          -1.42451
           0.20006
          -3.11886
          -2.41546
          -0.10758
          -0.48624
           1.73260
          -1.89013
           0.18721
               NaN
           1.90064
          -1.62476
          -1.37323
          -1.65322
          -0.36787
          -0.70742
           0.01231
          -0.34613
          -1.79235
           0.03106
          -3.01572
           2.05818
          -2.06913
          -3.02872
          -1.49941
          -0.95927
          -4.00520
          -1.32905
          -4.34034
          -1.93308
          -0.48192
          -0.09412
          -1.39847
          -1.52777
          -2.95232
          -3.81815
          -2.23858
          -2.35603
           1.66948
          -5.29691
           1.34933
          -2.65326
           0.76568
          -0.65677
           0.22780
           0.34577
          -4.04845
          -0.62119
           1.37485
          -0.65031
           1.17192
          -2.21343
          -2.14732
           1.02156
          -3.71940
          -0.82777
          -1.02495
          -1.56512
          -3.11763
          -2.94619
          -0.17535
           0.04064
          -1.73909
          -1.82422
           0.22972
          -0.30332
           2.19407
          -0.73727
          -0.65828
          -2.14411
          -0.68755
          -1.68744
          -0.09550
          -2.91314
          -1.65765
           1.33019
           0.96242
          -3.71758
          -2.93660
          -0.32923
          -0.90732
          -2.65521
          -1.19654
          -0.34146
           2.82127
          -0.49996
          -1.93660
          -1.85613
           0.30581
          -2.79507
           1.35686
          -2.37304
          -1.33303
           2.40693
          -0.20193
           0.38287
          -0.29094
          -1.30086
          -2.89800
          -2.81038
           0.67466
          -3.11918
          -2.91254
          -2.44053
          -4.76287
          -1.64259
          -2.12789
           0.69640
          -2.31283
           0.70735
           2.93604
          -2.04315
          -0.09243
          -0.09937
           1.25736
          -5.47115
           3.84913
          -2.58752
           0.22094
           2.67260
          -1.71756
          -0.49926
          -3.97986
           2.49559
          -1.92684
          -1.72330
           0.44335
          -1.40254
          -0.97689
           2.39245
          -0.00546
          -2.77645
           1.25146
           3.64840
          -1.04364
           0.55689
          -1.83597
          -3.80947
           2.62267
          -4.75014
          -4.42486
          -0.31566
          -6.16859
           3.05406
          -1.42059
          -1.95492
           1.50320
          -0.67742
           0.07056
          -2.61527
          -1.36988
          -0.11999
          -1.86041
          -2.90018
          -1.70488
          -3.67136
          -0.01578
          -0.03011
           0.05791
          -0.78450
          -1.08558
          -0.90768
           0.62470
          -0.05852
          -1.88130
           0.32530
          -5.16935
          -4.07480
          -2.32222
           1.01497
          -5.00578
           0.27200
          -4.59633
          -4.11057
          -0.69148
          -0.92032
          -0.18796
           2.06381
           1.67423
          -6.21764
          -1.47346
          -0.22407
          -2.06710
           1.97591
          -3.48933
          -5.26035
          -3.19738
           1.47859
          -1.40063
           0.09909
          -0.25567
          -2.22975
          -0.99991
          -1.96466
          -3.74295
          -4.92394
          -1.10268
           2.77947
          -2.54672
          -0.44325
           0.37428
          -0.69986
           0.51323
           1.40484
          -2.08029
          -0.39069
          -2.18335
          -1.16951
           0.44305
           0.06523
           0.33336
          -2.90944
          -3.24601
          -4.55372
          -1.90431
           1.16865
          -2.44557
           0.10401
           0.68410
          -2.47669
          -1.03977
          -0.63543
          -6.11167
          -2.88380
               NaN
          -3.88269
          -2.86619
          -1.69660
          -2.70432
          -1.39346
          -5.24731
           0.07002
           0.91815
          -2.32603
           0.77930
          -3.04210
          -1.34110
          -3.53908
          -4.37434
          -5.72315
          -2.67967
          -0.23947
          -1.66872
          -3.21933
          -4.31415
          -1.95904
          -1.71876
           2.15988
           0.73643
           1.82076
           1.66174
          -0.51847
          -2.85550
           0.81790
          -4.26270
          -5.71432
          -4.95106
          -4.87104
          -0.85178
          -1.86412
          -3.53392
           0.70208
          -3.11039
          -0.69634
          -4.31886
          -2.60037
          -0.40437
           0.85744
          -0.89144
          -0.79066
          -0.64697
          -3.65778
          -3.05216
          -2.91725
           0.26687
          -1.61714
           0.12248
          -0.78359
           0.49000
          -2.33329
          -0.79815
          -1.68049
           2.03846
           1.07991
          -5.92114
          -0.10313
          -0.65522
           1.15286
          -0.42363
          -0.48102
          -0.97646
           1.13783
          -1.22754
          -0.73881
          -2.23180
           0.19064
           2.18328
          -6.21691
          -0.87891
          -3.79149
          -2.20582
          -1.34169
          -0.45073
           0.05085
          -4.79784
          -4.74143
           1.35482
          -1.90598
          -0.91643
          -6.63580
          -0.50129
           2.54631
          -1.65559
          -1.20014
          -3.24355
          -1.31428
           0.14848
          -0.62718
          -3.71454
          -4.81685
          -1.94054
          -2.39553
          -0.18642
               NaN
           0.97410
          -0.29564
          -1.09846
          -1.07145
          -0.69021
          -2.41117
          -3.68054
           1.67078
               NaN
          -2.96656
          -1.16891
           0.11089
           2.08864
          -1.60851
          -2.11825
          -3.50735
          -5.14817
          -0.83439
          -2.51016
           1.16316
          -4.90750
           0.90590
          -1.43052
           2.47171
           0.04059
          -1.49008
          -2.48182
          -2.47559
           0.90348
          -4.28952
           0.68814
          -1.13670
          -3.14601
          -2.62371
          -3.65196
           0.01959
          -1.11279
           0.00422
          -3.59708
           1.35903
          -3.04931
           0.39552
          -3.90225
          -2.36581
          -1.10777
           3.97733
          -0.91563
           0.71114
           0.39676
          -0.45973
          -3.94088
          -1.55565
          -0.45557
          -1.68775
          -4.08509
          -0.79630
          -0.73670
           0.60955
          -2.59676
          -2.69580
          -0.05089
           3.30823
          -1.19357
          -1.28354
          -0.52226
          -2.00385
          -1.53806
          -1.02522
           0.83288
          -4.70481
          -4.21386
          -3.99525
          -0.47363
          -3.38308
           1.87908
          -1.05011
          -0.46592
          -5.79017
          -3.67430
          -4.05567
          -5.82989
          -1.42355
           0.96476
          -1.80411
           0.03229
          -3.86161
           0.01861
           0.56700
           2.51893
           2.26379
          -4.96142
          -5.28839
          -4.06805
          -0.12218
          -0.89074
          -0.10222
          -2.06266
          -4.96110
          -2.00292
           2.42703
          -0.53479
          -1.83024
          -5.40887
          -2.33297
           0.48118
          -0.41179
           1.01533
          -6.04770
           0.46237
          -0.46228
          -0.35652
          -0.83965
           1.80616
           0.55140
          -1.61097
           1.57099
           4.49795
          -4.83714
          -0.93807
           0.73987
          -3.24364
          -1.06460
           0.72616
           0.50020
           0.77342
          -1.19735
           0.21418
           1.94041
          -3.61976
           3.52851
           2.60111
           0.87520
          -0.45477
          -1.11106
           0.26777
          -3.65014
          -1.50956
          -2.39286
          -3.38449
           0.25067
           1.45145
           1.00409
           0.39977
          -3.43720
           0.01406
          -3.45766
          -5.09137
          -0.47423
          -2.87737
          -1.01867
          -3.01651
          -5.22597
           1.48478
          -2.78574
          -2.46790
          -3.21110
           0.30680
          -1.10827
          -1.89310
           0.77674
          -1.16769
          -2.03158
          -0.04979
           0.18403
           0.75650
          -0.90829
          -0.33218
           0.30670
          -4.88647
           0.86900
          -1.85540
          -3.94543
          -0.80652
          -2.90552
          -3.26044
          -1.51926
          -3.55178
           1.06406
          -0.38118
           1.35257
          -0.77703
          -0.21138
          -3.68154
          -0.05770
          -0.61598
          -3.61417
          -0.54938
          -1.99843
          -4.24514
           3.13407
          -3.17499
           0.79012
          -2.84684
           0.91905
          -1.74069
           1.44616
          -4.02273
           1.08004
          -1.31304
           0.78664
           0.17407
          -0.92769
           0.44495
           1.27923
          -0.27455
          -0.45679
          -0.94725
           2.43301
          -5.48335
          -2.68975
          -2.20545
           0.88537
          -1.40428
          -0.45052
          -5.04474
          -0.53391
          -1.78713
          -3.73274
          -2.10978
           4.01562
           0.72411
          -1.79168
          -0.69480
           0.19184
          -1.00474
          -1.91898
          -0.40990
          -4.09957
          -1.94787
           2.24521
          -1.51467
          -2.78484
          -1.35245
          -5.01636
          -3.88997
          -4.43750
           0.14255
          -0.93028
          -0.88276
           1.65590
           0.20921
           0.48283
           0.18254
          -1.94750
           3.14434
          -4.24727
          -0.11535
           2.25016
          -2.76777
          -1.43601
          -1.52713
          -0.17148
          -3.32608
          -3.69196
           1.47220
           2.31281
           2.29726
          -1.73506
          -2.24451
          -0.29768
          -1.81112
          -0.98027
          -0.39566
          -0.19912
          -0.29796
          -3.40176
           0.60083
           2.33357
          -3.75571
          -2.08852
           2.62504
          -5.20214
           1.10823
          -5.69202
           0.36509
           0.06816
          -4.92398
          -3.53645
          -0.53607
           1.24055
          -2.43331
          -3.51213
          -3.60804
          -2.98115
          -4.83016
           0.64120
          -0.90357
          -2.12166
          -5.55304
          -0.89094
          -0.92592
          -4.31478
          -2.24004
          -3.10360
           3.45595
           0.50910
          -1.67079
           0.05096
           0.75809
          -0.94258
          -2.73312
          -0.46658
          -1.68239
           0.29282
           4.23787
          -2.30240
          -3.78637
          -4.08457
           0.46087
          -1.35572
          -5.17460
           2.39451
           2.94255
          -3.08822
           0.59176
          -0.65421
          -0.93067
           1.37839
          -1.25535
           2.57611
           0.62966
          -0.30396
               NaN
          -1.84067
          -2.60372
          -3.52828
          -3.04401
          -1.74207
          -1.29138
          -0.77228
           2.08691
          -3.33195
          -0.34057
          -2.26728
          -0.34370
           0.48261
           0.54474
           1.52541
          -3.12149
          -0.56685
          -1.77301
          -3.11952
          -3.27447
          -2.33205
          -0.98499
          -2.64995
          -1.45794
          -3.40201
          -2.50870
          -0.39744
          -0.64723
          -0.70715
          -0.21515
          -4.44930
           0.10204
          -0.73270
          -0.65181
          -3.54511
          -0.11993
          -2.89394
           3.18143
          -4.24588
          -0.08869
          -4.83999
          -0.26153
          -4.40095
          -0.92842
          -0.90415
           0.36168
          -2.18590
           0.02947
          -3.45999
          -2.37286
          -2.36055
          -2.32481
           2.51521
          -3.61013
          -1.05775
           0.28827
           1.41913
          -0.90733
           2.03170
          -0.96783
           2.14631
          -0.74197
          -2.44552
          -5.77096
          -2.87941
          -1.45176
          -2.53825
           1.04866
           1.28293
          -1.07170
          -1.71802
           0.16233
           1.28238
          -3.78191
          -1.33601
          -2.71965
          -4.34590
           1.34381
          -0.40391
           1.17305
           1.16727
          -1.10739
          -1.02362
          -3.29098
          -1.65005
          -0.60228
           2.72607
          -2.33995
           2.11949
          -2.20000
           1.01794
          -1.91955
          -3.89032
           1.44103
           0.58877
           1.26436
          -2.09230
          -0.60779
          -2.05483
          -6.69692
          -1.65854
          -0.33781
          -0.16754
          -3.40704
           1.02016
          -2.67794
          -3.53568
           1.19894
          -2.37683
          -1.69725
          -1.27592
           1.02089
          -3.15382
           2.65508
           1.60818
          -2.68588
          -3.09852
          -3.40532
          -3.59830
          -1.23523
           0.76312
          -0.46390
          -1.16693
          -2.30975
          -2.08817
          -0.88757
          -1.20066
          -1.21078
          -0.10076
          -0.07273
          -5.73423
          -3.43164
           0.18416
          -1.91056
           2.27213
          -0.05780
           2.12931
          -1.61318
           1.41297
           0.08400
           0.16218
           0.57553
          -1.66150
          -2.75388
          -3.43936
           4.12021
          -2.20610
          -2.06926
          -1.79829
          -5.24756
          -1.87015
          -2.81498
           1.03426
          -2.49185
          -2.76260
          -1.33200
          -1.20808
           0.47627
           1.01127
          -0.79521
          -1.64260
          -1.42971
          -1.40543
          -3.03322
          -1.29121
          -2.35396
           2.45691
          -3.19903
          -3.42543
          -2.08487
           3.22553
           0.71598
          -1.37627
          -2.34050
          -3.64035
          -3.12791
          -0.39871
          -0.04506
          -0.09684
           0.90664
           0.23256
          -3.81377
          -2.11127
           2.13592
          -0.81019
          -5.69155
          -4.57615
           4.38687
          -1.03472
          -2.58870
          -0.75881
           0.09962
          -1.34837
          -5.06397
          -3.72495
          -3.98242
          -2.74775
           1.07490
           2.59321
           3.00731
          -2.85052
          -1.51386
          -2.71491
          -5.32938
           0.20393
          -1.19512
          -2.19595
          -1.86744
          -2.10188
           3.17135
          -1.51653
           0.46563
           2.31400
          -5.00231
          -2.67694
          -1.11341
           1.33552
           2.71898
           3.22272
          -2.31599
          -7.15133
          -3.91611
          -2.84979
          -0.01967
          -3.77378
           1.87993
          -0.59220
          -3.31942
          -0.72858
          -0.56850
          -1.01288
           3.18807
           2.32142
          -4.10247
           2.68874
          -4.22829
          -1.26580
          -1.01170
          -2.37216
          -0.31414
          -1.19003
          -1.73905
          -0.01077
           3.00588
          -2.50489
          -1.73765
          -3.85216
           0.27042
          -5.50428
           1.00985
          -3.99683
          -0.41317
          -1.32847
          -1.67908
           1.03762
          -3.91416
               NaN
          -0.56001
           0.37492
               NaN
           2.02884
          -0.03184
           0.15558
          -2.72579
          -0.16207
          -1.34135
           1.06585
          -1.84822
           1.83961
          -0.41131
           1.20421
          -3.11226
          -0.98510
          -0.96977
           0.67198
          -2.95959
           0.24904
          -3.89090
          -1.87821
          -2.05255
          -2.81055
          -1.32684
           2.82955
          -3.06270
           0.80113
          -4.04563
           1.22651
          -0.01026
          -6.48796
          -5.57250
          -1.19077
          -0.54237
           2.29097
           2.03102
          -0.48755
           0.61089
          -1.97389
          -1.41892
          -2.46317
           0.31882
           0.48319
          -5.28317
          -1.66502
          -3.42073
           0.47543
               NaN
          -2.21988
          -2.60572
          -1.60875
          -2.52442
          -3.80562
           0.95266
          -0.93121
          -3.48285
          -5.56481
          -2.48462
           0.48355
          -2.85418
          -3.28035
          -0.82759
          -2.20668
          -1.91687
          -1.59681
          -3.79635
           2.12611
          -2.29236
          -0.39574
          -2.15354
           3.70868
               NaN
           0.05752
          -1.01896
          -2.17880
          -3.06225
           1.15073
           0.86219
          -1.42761
          -1.63635
          -2.65575
          -1.03264
          -0.79659
          -1.41043
           0.02836
          -0.92183
               NaN
          -1.56509
          -1.07093
          -0.96337
           0.58701
          -2.04473
           2.15818
          -2.72086
          -2.64325
           2.21544
           1.52165
          -2.21582
          -2.28803
          -0.80912
           0.24509
          -0.88647
          -3.18465
          -2.68649
           4.32551
          -0.34775
          -3.89953
          -2.65302
          -3.27927
          -0.48350
          -0.89690
          -1.72527
          -0.75280
          -3.76612
          -4.15746
          -2.40572
           1.34211
          -3.52061
          -5.13871
          -0.06467
           0.28144
               NaN
           0.10766
          -6.62340
          -2.88403
          -2.44399
          -1.01539
          -0.67981
           0.49117
          -6.31628
          -3.02521
          -4.51628
          -4.12598
           2.96447
          -3.75785
           0.89486
          -2.87309
          -0.41832
          -1.43964
           1.06168
          -2.44848
          -4.43201
           1.00673
           0.51915
           0.12678
          -2.95214
          -2.42678
          -0.60747
          -2.62853
          -1.64648
           0.93284
          -1.79727
          -1.71757
          -3.35168
          -1.98101
           1.26846
           0.69038
          -1.82142
           0.11234
           1.23119
          -0.96548
          -1.06564
          -1.55349
          -2.83623
          -3.47355
           0.17501
          -4.51842
          -1.25848
          -5.47527
          -2.16890
           2.95203
           2.07343
          -6.23548
          -2.55889
           0.99015
          -0.36053
          -2.52459
          -2.13320
           3.29860
           2.17133
           0.97689
          -0.25935
          -2.50063
           2.03093
          -1.91736
           2.12768
          -2.13467
          -0.36378
           1.94814
           0.38860
          -1.66299
          -0.90738
          -4.88753
          -2.58034
          -0.39497
          -3.13281
          -4.77935
          -2.33580
           0.68050
           5.31975
          -3.07868
           7.13063
          -0.46137
          -5.00796
          -2.90545
          -4.99512
          -1.77716
           2.10606
          -7.65798
          -5.21270
          -3.77549
          -2.45393
          -2.14805
           2.24521
          -5.86176
           1.51525
          -8.59584
           2.97415
          -2.36646
          -2.86413
          -5.50823
           4.49921
           1.73634
           2.82630
          -3.05041
           4.79582
          -3.32343
          -5.62491
          -5.95815
           2.26761
          -2.96214
          -4.06052
          -2.08886
          -7.79625
           2.89210
           1.18023
          -1.53728
           4.57048
          -3.22444
          -2.89705
           2.09515
           4.29876
          -1.92615
           0.08708
           2.38105
           3.81782
          -2.30118
           3.19733
          -4.83619
          -3.13032
          -0.63019
          -8.58778
          -3.51132
           3.15328
          -2.98597
          -5.70962
           2.34382
           7.26960
          -0.03770
          -4.40371
          -3.11348
           0.46106
           0.86773
           1.19456
           2.54814
           1.32121
          -0.31306
           5.98414
          -0.27067
          -1.97561
          -3.67774
           0.47530
          -2.07482
          -0.20910
           1.54325
          -4.22448
          -8.71708
          -5.72902
          -0.57871
          -2.40536
          -3.97186
          -2.05682
          -3.45498
           1.44214
           1.80405
          -4.69833
          -1.14569
          -1.36311
           2.30258
          -3.67082
           0.05699
          -3.15427
          -1.33964
          -0.58582
           3.73580
          -5.31505
          -5.53099
          -0.82347
          -4.85906
           0.78127
          -0.83981
           0.75488
          -2.10726
          -6.13810
           2.06472
          -1.46348
           2.30377
           2.87904
           4.44121
           6.64728
          -7.63801
          -3.24818
          -6.70586
          -2.22468
           9.15942
          -0.48594
           5.28911
           3.93367
          -4.59614
           3.08077
           0.12801
          -5.51315
          -4.09405
          -4.87578
           1.64831
           7.90679
          -2.58259
           0.16695
          -0.61020
          -2.17319
           5.17525
          -1.98056
          -0.40284
          -1.57903
           1.11891
           5.36260
           3.02997
          -2.19204
          -4.42436
           6.22982
           1.87642
          -4.14417
          -0.89334
           4.63237
          -0.92810
          -2.36426
          -2.43933
           0.16978
          -3.87096
          -2.62919
          -6.09211
           0.88841
           6.49891
          -2.49648
           1.84662
           1.64738
          -3.92603
          -2.10056
          -2.42447
          -0.26965
           1.30376
          -0.17055
          -9.63603
          -2.85816
           2.08311
          -5.22344
          -0.59272
           5.09130
          -4.67134
          -4.93288
          -2.07204
           0.63177
          -4.04656
          -1.31711
          -3.85489
          -4.10005
          -2.41715
          -5.18094
          -7.92236
           3.99678
          -1.98255
          -0.22717
          -7.30005
          -0.57842
          -1.84644
          -4.22741
           4.73032
          -1.66581
          -4.60376
          -2.93435
          -7.74059
          -4.71925
           1.82612
           5.18818
           3.67512
          -2.61695
          -4.23347
          -3.00572
          -2.32879
          -1.34012
          -4.29786
           0.10976
           0.99022
           1.76391
          -0.99236
          -4.71031
           1.49761
           1.41145
          -4.72731
           2.35233
          -4.08687
          -2.43949
           1.27724
          -2.12174
          -0.12669
           1.88451
           2.32358
           3.09776
          -0.72487
          -1.27175
          -2.47832
          -4.85721
          -7.52711
          -7.07459
           3.09820
           4.49282
           0.08662
           1.01385
           1.41672
          -3.04882
          -6.34155
          -5.87807
          -2.88555
           4.56466
           3.01153
          -4.10179
           1.35230
           2.63895
           4.42580
           4.96798
           0.07236
          -4.45179
          -3.09526
           2.75572
          -7.04357
          -2.83476
          -5.19404
           3.12711
          -2.73671
          -7.59940
          -0.33664
           0.80721
           0.69512
           3.14749
          -0.98802
          -1.35880
           0.49855
           1.98003
          -3.65342
           1.78966
          -1.14467
          -3.85410
          -3.16713
           1.96727
          -4.08720
          -5.45379
          -6.38211
          -1.01419
           3.02390
           5.38303
           3.54396
          -5.12285
          -4.53554
           1.05262
           1.87311
           3.10066
          -2.65500
          -1.14116
          -6.81563
           1.01157
          -6.56906
          -6.39365
           2.73561
          -0.31863
          -2.21959
          -1.26993
          -4.67913
          -2.96275
           1.83749
          -5.23101
          -4.95041
          -3.41977
           2.72566
          -0.94735
          -0.86043
           3.25204
           2.09152
          -0.07090
           1.80925
               NaN
          -5.34669
          -4.57780
           1.00304
           2.37028
          -5.21211
          -1.58353
           2.48209
          -5.36033
          -3.14269
          -0.02738
           7.31579
           2.19664
           2.67056
           0.87130
          -4.40607
           2.93852
          -0.46146
           2.08772
          -3.95910
          -3.70911
           4.38861
           2.09709
           1.87654
          -8.31686
           0.89796
           4.53057
          -3.83780
           3.36275
           0.08385
          -2.24598
           8.21385
           2.05390
          -6.09819
          -0.05747
           3.70448
          -6.67418
           3.73443
          -6.53537
          -2.05089
           2.13139
          -4.54350
           3.00253
          -3.56547
          -4.63333
           1.20484
          -4.81784
          -3.86778
           1.04855
           0.38298
          -2.54570
          -0.72366
          -4.01161
          -0.64831
          -3.02764
          -2.49849
          -3.33716
           0.73965
          -1.61772
           0.27898
           1.37986
          -1.46910
          -1.94639
           5.17184
          -5.82327
           5.09440
           7.10159
          -2.40542
          -2.71697
          -6.37507
           4.62228
          -0.42944
          -1.88016
           0.81622
          -2.90462
          -2.65012
           1.26263
           3.14020
           0.38252
          -5.73970
          -5.17565
          -2.58339
          -2.81437
          -1.79867
           0.05932
           5.38322
           0.13215
           2.56942
           3.14027
           2.36767
          -1.88015
           0.22538
           1.24651
           6.05515
           0.20646
          -1.64591
           8.13174
          -0.79681
          -1.97487
           1.91264
          -2.15046
           1.92344
           5.12949
          -6.57596
          -3.32351
           3.15621
          -3.11206
          -1.26520
          -4.54187
          -3.92941
          -3.64974
          -1.39305
          -0.98723
          -0.18597
           0.60213
          -5.12341
           2.78926
          -0.77529
          -6.46092
          -3.70962
           0.16003
           2.75553
          -4.51942
           7.56067
          -4.75085
          -4.90868
           0.89914
           0.01405
           2.39942
           1.80084
          -7.00614
          -3.08471
          -3.07718
          -2.14978
           5.29030
          -3.40492
           0.56327
           3.03323
           4.69862
          -1.36084
           0.91703
           0.16483
           0.15426
           1.29753
          -1.55216
           1.92255
           3.94205
           1.64576
          -1.63076
           2.24767
          -0.61529
           5.79230
           1.95109
           4.85879
           5.84086
           7.94345
           4.79866
           0.41700
           2.57038
          -3.64055
          -3.96218
          -3.75489
           1.16641
          -0.70198
          -1.99540
          -2.77038
          -5.42244
          -5.06826
           0.17178
          -7.75800
          -1.33777
           0.55753
           0.47489
           5.51188
          -5.97352
          -2.88462
          -6.58104
          -2.74074
          -0.60078
          -0.84475
           5.87139
          -8.11675
          -4.39109
           3.72279
          -0.16946
           6.36669
          -3.22574
           3.18967
           0.88698
          -1.83279
          -0.24448
           9.08140
          -1.98621
          -0.66185
           2.57237
           0.10923
           0.64347
          -0.12435
          -4.91228
          -1.11405
           7.30534
           1.05199
           3.05906
           2.01578
           6.35077
          -1.69979
           2.71021
          -5.81288
           3.08627
          -8.76154
          -1.78386
          -0.51482
          -1.97213
          -1.03255
          -0.74011
           3.19124
          -1.26930
          -0.29022
           2.73446
          -4.44939
           0.72385
         -10.86429
          -0.38566
           1.78049
          -2.14939
               NaN
          -3.20226
          -4.43210
           1.63531
          -1.38075
           0.49587
           1.07938
           0.46273
          -4.48399
          -0.23541
           8.72261
          -8.59560
          -5.38514
          -2.77187
         -10.40266
          -4.44315
          -7.69768
          -4.69065
          -1.88589
           2.47192
          -0.51001
          -0.66281
          -0.81626
          -4.18954
          -3.44397
          -4.50588
           1.23596
           2.74655
          -4.37993
          -4.71969
          -6.76812
          -2.61594
           2.83366
           7.24138
          -2.09190
          -2.60499
           2.28386
           6.88730
           2.09936
          -2.47220
          -3.84874
           0.67267
          -0.63434
          -2.79015
          -2.80993
           3.25749
          -6.10336
          -7.99771
           2.59435
           1.42551
          -2.43986
          -2.92037
           3.22472
           0.31467
           1.46134
           4.10048
          -4.84547
           1.38774
           3.35881
           3.81343
           0.63847
          -1.08763
          -0.48295
          -0.32399
          -1.19469
          -3.47469
           8.57328
          -1.56256
           0.08376
           0.92492
          -1.18042
           1.39456
          -3.05921
           0.76678
          -8.31608
           1.44192
          -8.23377
           2.40436
          -3.07500
           1.79031
          -3.51326
           1.26880
          -1.35653
          -2.68915
          -0.06138
          -0.53964
          -4.51956
           1.34028
           1.03713
          -3.12072
           6.46334
          -0.30068
           3.90304
           0.02510
          -3.24693
          -1.56352
          -1.52108
          -3.71464
           5.56022
          -3.65510
           6.70308
           2.21582
           1.76779
          -0.15787
          -0.18325
           0.51900
           2.27561
          -2.05715
          -0.63577
           2.42559
          -2.26054
          -4.58056
          -4.29498
          -1.84167
           6.67488
           0.11616
          -0.22734
           1.51255
          -5.08991
           1.35347
          -5.34822
          -0.51677
          -1.72043
           3.92330
          -2.52188
          -4.86175
          -3.90319
           1.13590
          -4.55598
           0.41621
           4.21534
          -6.16337
          -2.30022
          -1.59569
          -0.30310
          -0.22136
          -4.25873
           0.27031
          -7.78171
           5.48926
           4.75976
          -2.43062
          -1.91281
          -1.17955
          -5.48137
           3.62362
          -2.43682
           0.47263
           4.36403
           0.52159
           3.38082
          -1.04048
           4.96514
          -3.60521
          -3.79398
          -1.05185
           5.13744
          -2.91293
          -6.49493
          -4.51790
           4.23353
           2.74683
           0.49474
          -3.29782
          -1.20011
          -1.92388
          -5.63208
           3.97194
          -0.49522
          -2.76769
          -6.14945
          -1.18946
           0.74693
          -5.03673
           0.48967
          -2.71016
          -1.13619
          -3.05737
          -1.07266
          -1.37849
               NaN
          -0.69123
          -4.66098
           5.27948
           2.84833
          -1.58904
           2.32121
           1.81079
          -2.46010
          -1.67538
           4.37825
          -1.67073
           5.92239
          -5.14578
          -3.93716
          -3.59447
          -4.68451
           0.73409
           2.78579
           3.07189
          -5.31696
           1.23238
          -1.97470
               NaN
           1.62151
          -1.12200
          -2.59832
          -1.77889
           0.75328
          -6.27774
          -2.30885
           7.26298
           1.90491
          -0.68630
          -1.31450
          -4.27069
          -6.01176
           2.12915
          -8.23011
          -3.25645
          -2.28106
               NaN
          -1.40108
          -0.63045
          -3.58095
          -3.97363
          -1.93780
          -5.55129
          -5.61703
           2.13247
          -4.59774
          -4.64172
           3.79728
          -5.27152
          -3.96659
           0.82369
          -1.26992
           4.20159
           3.97499
           1.36770
           1.63361
           1.72868
          -2.20131
          -9.34678
          -5.18767
          -7.21676
          -8.22491
          -0.04833
           5.42073
           3.97954
          -1.66481
           2.56289
          -1.61782
          -3.46465
          -1.51458
          -6.72259
          -2.30958
           0.77402
           4.11701
          -1.42382
          -2.02811
          -2.97349
           0.72566
          -7.53745
           4.53641
           5.50918
          -4.21886
          -0.69056
           1.63961
          -3.73055
          -1.48451
           1.13933
          -0.45197
           2.15839
          -5.45518
          -5.12661
          -6.32534
           6.03155
          -0.28730
          -1.53662
          -1.78405
           1.54608
           1.47928
          -1.35802
          -0.09418
          -0.44534
          -5.96270
          -3.33129
          -0.63155
           3.18814
          -2.51858
          -0.85866
          -5.85687
          -0.09652
          -6.73550
           6.38568
          -1.20482
           7.52330
          -2.85782
           1.91218
          -5.80885
          -1.03909
          -3.56060
           1.79214
          -1.53225
          -0.43725
           8.42530
          -6.98862
           4.03670
           0.45708
          -3.24412
          -6.92521
          -4.85877
          -7.24174
           1.97559
          -4.84484
          -0.13160
          -0.10752
           0.03623
           0.50491
           2.06521
          -1.98813
          -3.99320
          -3.85505
           3.93557
          -0.41378
          -3.39199
          -6.23172
           7.90760
          -3.40040
           7.32886
           0.99222
           5.82869
          -5.02584
          -3.69312
          -3.64381
          -3.88282
          -0.80276
           6.54924
           1.65903
          -6.09917
           2.62480
          -2.05955
          -5.19271
          -0.33958
           0.24105
          -0.21554
           0.19377
           5.47125
          -3.80881
          -0.94440
          -3.05186
          -2.59407
          -5.86510
           4.84250
          -2.88031
          -6.39219
          -3.20046
          -2.31818
          -5.88857
           2.35953
           0.48903
           5.06115
           4.11955
          -8.32917
           3.07232
          -3.00968
          -6.02612
          -8.46124
          -1.26888
           1.85377
          -7.42899
          -1.98003
          -4.60851
          -2.62566
           1.04967
          -1.69265
           6.05303
           0.24532
           4.92768
           4.26312
           5.60961
           2.12773
           0.73792
           1.02911
          -0.17713
          -0.39484
           2.87863
           0.32471
           1.46359
           6.94046
          -4.02198
           3.23940
           0.32524
           0.45193
          -3.86618
          -3.00595
           1.70329
          -3.69905
          -0.57419
          -0.36438
           2.75472
           1.42562
          -2.58397
          -4.85823
           2.59689
          -5.12620
           1.51872
           0.56369
          -0.46675
          -7.83576
           2.09904
          -2.29063
           2.71882
           0.63465
          -1.14778
           4.95517
          -3.41571
          -3.30661
           2.78642
          -1.93221
           7.97499
          -1.86147
          -4.68746
           7.04277
          -7.13891
          -3.73208
           0.24908
          -1.31363
          -2.73155
          -4.53836
          -2.55706
          -1.03117
          -1.60327
          -5.01876
          -1.42231
           0.78899
           7.57130
           0.60915
           2.93447
           0.04893
          -2.11042
           2.98256
           1.82298
           1.31336
          -0.81428
          -1.34521
          -0.87030
           0.43597
          -3.55967
          -2.50568
          -1.80929
          -2.87069
           0.34859
          -6.34612
           3.89343
          -2.93619
          -4.70341
          -0.79296
          -2.53997
          -4.24295
           0.08531
          -2.76627
          -2.93190
           3.16376
          -1.17606
           3.75773
           0.72594
           4.61572
          -3.42201
          -6.79484
           6.95549
          -0.38056
