         116.94670
          96.69480
          90.09969
          95.27817
         108.10389
          99.78172
         135.88560
          88.75643
         100.24647
         103.00929
         122.81343
         123.38071
         114.82711
         109.95717
          89.33078
         114.53345
         101.24410
          80.12292
          89.24165
          94.36193
          95.12026
         120.14667
         113.05354
         114.14472
          92.10743
         102.22179
         112.08441
          87.07490
         108.17495
          93.31178
         133.17472
         101.34149
          81.62284
         100.67898
          92.10091
         101.73772
         116.11881
         113.63611
          81.91964
         113.43970
          80.34804
          78.96959
         120.70060
         101.28832
         107.46332
         142.59122
         118.77882
         136.49945
          87.24335
         131.13909
         124.90093
         122.26794
         108.66204
         116.45005
         106.85632
          86.76400
          87.76641
         124.72481
         123.09001
         105.72328
         134.81250
         103.22712
          89.10842
         118.43652
         124.24427
         121.97815
         125.09158
         125.44877
               NaN
          93.59291
         135.62592
         113.27314
          96.56829
          70.75383
         109.49961
         100.34614
         114.36054
         110.28059
         108.71118
          91.77387
         115.61698
          97.52380
         132.67607
          81.38614
         118.67276
         119.76599
         104.95787
         117.16613
          88.66241
         124.18801
          73.95262
         115.76845
         112.02581
          86.26203
          90.60635
         102.99799
          92.13574
          98.33644
         105.98409
         119.58604
         104.59712
         113.89277
         111.44376
         101.55242
         112.07534
         153.93693
         108.14562
         133.09407
         116.45315
         119.83925
         105.38787
          96.10960
         114.33403
         107.63836
         131.45775
          90.01548
         113.26878
         145.64077
         104.02377
         110.62116
          88.94559
         101.93120
         112.70498
         107.67822
          84.94197
         110.26602
          79.81356
         106.01337
         108.00122
         107.94714
         120.38798
          80.90538
         116.17752
         123.85092
         130.88770
         122.86726
         119.21814
         111.93572
         110.81327
         118.79931
         104.08582
         121.27752
          97.89488
         102.03103
         104.91352
         108.35583
          71.69639
         118.55581
          75.05816
         128.19290
         115.09575
               NaN
          99.23964
          71.61814
         111.87004
          88.20818
          95.32879
         141.48918
         110.28323
         101.95193
         121.30488
         112.74462
         115.62227
          94.48547
          96.40624
         108.32511
         111.94344
         135.64358
         117.99510
         111.55622
         109.36280
         122.35981
         132.66559
          97.61409
         122.49006
          74.90788
          69.12758
          89.91937
          85.62954
         103.96196
         135.99969
          72.79014
         133.21488
         106.80436
          96.12474
         106.38089
         104.58282
          88.09058
         113.09702
         108.40542
         106.28570
          94.37650
          66.09140
          78.76937
         111.36614
         137.97605
         125.04037
         108.23665
          93.76409
          97.27790
         110.19864
          79.52829
          96.84650
          98.03835
          87.04995
          90.04003
         110.25444
         104.23982
         100.88571
          97.38970
          88.26560
          90.58926
         114.68473
          81.01402
         112.00720
         131.49186
         106.84039
         112.17156
         132.41441
          91.24126
          98.18180
         103.06068
         125.63137
          95.17676
          94.15474
          87.61674
          90.01584
          86.57847
         147.51105
         146.30465
         109.13401
          96.65257
         101.23361
         127.48924
         106.00749
         109.91153
         109.11279
         108.12378
         101.27784
         112.17182
         137.13645
         130.29601
         113.94341
         130.29844
         112.05893
         134.62738
         118.75453
         122.73836
          67.82391
         110.93106
         130.41925
         151.06271
         110.85005
          86.74028
         114.37384
          90.35575
         138.94293
         125.79845
         103.79304
         112.40310
         124.05843
         126.92999
          94.32985
         117.89832
         114.21279
          93.66729
         113.88428
         141.79960
         117.18583
          95.98763
          91.23563
         110.15132
          97.25784
         138.89343
          83.98356
         120.55897
         109.92661
          84.49815
          86.12611
         128.49152
          84.31808
          89.24405
          68.86303
          88.32883
         136.01104
          98.52882
          77.81231
          93.20645
          98.95460
          82.04696
         122.10353
         125.98247
         100.52765
         116.32150
         136.27561
         111.59419
         106.87177
         110.83488
         101.06261
          89.48135
          90.21273
         118.48263
         100.90430
          74.38944
          85.98394
          90.45243
         120.99493
         121.20529
         107.61399
         104.65643
         113.67329
          99.65052
          84.70796
         103.12006
          78.33554
         100.79893
         120.40008
         120.54437
          74.94199
         114.84815
          85.00515
          89.30880
         117.07245
          91.25881
          98.28085
         136.32565
         108.66475
          92.61495
         105.93405
         105.43596
          78.46903
         137.04725
         131.36984
          99.30037
         115.88530
         108.13676
         105.24061
          92.61827
         145.09319
         123.05938
         136.19879
         128.06900
         112.22485
          83.29706
         120.19083
          91.56256
          87.41598
          95.30107
         115.75449
         124.04267
          94.19016
         101.32795
          88.54900
          90.69434
         125.82086
          91.30529
         103.40928
         102.10589
         108.91901
         117.57347
         102.61728
         120.65597
          97.13790
          99.13424
         126.88074
         110.85157
          98.35397
         117.13615
          88.62168
         125.02708
         100.39836
         132.53001
         136.86210
          91.70519
         104.60441
         105.30464
         128.53240
         126.60044
         150.85584
          99.68754
          87.14148
         122.68606
         105.77159
               NaN
          84.49757
         130.27759
          93.45428
         118.90527
               NaN
          97.07385
         127.76460
         106.37856
          97.16713
          73.96179
          96.07297
         102.00449
         123.07000
         125.48876
         102.05551
         120.62283
          95.14579
         123.34082
         112.51894
         115.54480
         112.93959
         115.31947
         113.61685
          86.26684
         132.07027
         150.04401
          85.02876
         109.86493
          70.31387
         133.95946
         122.72187
          97.84436
          84.63675
         123.07939
          96.33058
          97.43401
          91.10503
         107.93892
         129.41993
         115.61057
         109.12950
          95.73411
         127.15869
          98.19579
         126.13111
         105.76989
          64.85316
         104.48616
         117.88379
          93.25901
          84.15009
         104.36884
         120.82442
          97.80146
          81.76107
         104.72215
         129.59754
          80.75502
         117.91168
         123.20731
         100.25659
          95.70298
         106.64592
         130.02629
          82.33205
         108.13618
         121.18409
          98.85136
         108.63242
         109.85878
          98.83843
         104.10860
         107.35771
         103.39083
          72.48037
         122.15915
          85.44062
               NaN
         126.08777
         125.00702
          90.13770
         133.12073
         145.90637
          92.67139
          75.29478
         129.67380
          80.06114
         122.00644
         107.77423
         111.06479
          79.51175
         105.83151
         119.30319
          79.10279
          98.96875
         108.90693
          96.39370
          91.95677
         103.55653
         123.73993
          93.82076
         120.34564
         117.15349
         107.57259
               NaN
          96.08155
         115.76640
         127.67495
         106.46370
         123.52140
         119.43210
         108.72793
         100.71053
         111.95977
         121.55832
          84.64335
         114.63049
         103.34958
         122.34803
         116.43855
          69.35803
         102.00306
         117.61677
          89.62376
          91.39444
         119.56738
          87.53201
         144.66430
          89.78869
         146.54415
         121.86880
         114.48411
          73.14104
          78.49578
         107.56734
         112.89475
          91.25976
         137.58817
          75.67438
         107.42637
         112.26513
         127.73762
          73.71796
          93.32955
         104.11318
         105.08831
          92.07193
         131.74106
          92.88137
         150.62325
          68.33067
         110.57811
          96.21374
         115.02404
         113.24497
         102.59571
          98.67045
          80.97540
          89.93183
         102.31150
         105.87433
         104.93021
         114.79807
         111.48096
         133.11675
          83.11148
          94.74522
         107.14088
          95.08894
         108.92309
         106.30088
         100.80153
         116.79831
         116.11084
         100.71326
          94.27374
         100.30059
          96.43880
          98.13883
          82.09841
         111.11916
         123.58046
         105.23544
         106.98361
         115.69673
         145.56739
          84.09575
          81.32330
         103.55368
          82.16158
         135.40855
          84.46931
          62.24446
         123.61006
         101.16722
         103.40708
          89.22083
          82.70632
         117.06459
         113.85174
         113.33871
          94.27683
         128.10957
         119.28315
         128.93814
         124.62429
          91.28681
         114.24101
          81.84582
         126.60426
         102.22098
         101.94305
         112.80866
         144.87349
         118.90223
         110.14859
          94.97181
         106.72858
         117.88521
         107.60744
         120.31973
          86.71603
          94.05384
          97.37647
          92.38925
          77.73234
         109.17289
          95.00017
         112.47584
         112.04640
         103.05725
          96.37840
          90.83957
          73.10844
         117.94550
          85.10638
         100.35561
          74.19853
         123.40684
         114.49595
          81.75458
         107.43168
         113.94069
         142.19132
         102.74889
         106.14824
          84.06822
         127.99873
         118.25030
         119.38066
         109.53744
         122.28340
         105.39069
         113.87415
         106.46492
          66.37077
         154.06826
          99.99380
         127.29031
         117.36116
         128.88494
         107.41077
          81.10588
          99.50718
         132.33343
         111.27177
         102.86035
         125.29846
          74.80913
         114.51786
          97.59607
          79.12899
         116.80517
         114.94915
         112.10097
          97.71925
         119.48815
         152.98308
         117.94712
         132.69688
               NaN
         104.10242
          98.96474
         137.07458
         122.34637
          73.78046
         106.14222
         102.50342
         100.67034
         146.54495
         117.42351
         119.15321
         105.62312
         105.78272
          77.80386
         103.92983
          99.81144
         109.16254
         124.19055
         105.26635
         105.30123
         103.11172
         131.56336
         116.05339
          96.44447
          98.76162
         103.18305
         148.90505
          72.05490
          79.97079
         120.20965
         120.71771
         106.86803
         115.95314
         105.13191
         119.64249
         119.04507
         121.25858
         128.28991
         111.34297
          80.81505
          95.13288
         121.08714
          90.13598
         107.97844
          84.06128
          97.78582
         108.75001
          87.77866
         130.63444
          95.34047
         107.89768
         113.72591
          84.49088
          92.24381
         122.47169
          92.19087
          91.45594
         101.77281
          97.31721
         102.35481
         106.18268
         104.50389
          63.14566
         103.76523
          99.67667
          69.43301
         116.85948
         120.20338
          80.22423
         118.63471
         120.98019
          90.73095
         137.05396
         138.35401
         124.63311
         116.92626
          93.12530
         116.32872
         121.63575
         128.93974
         108.14788
         129.57365
         110.90939
         110.29190
         107.89604
         154.55032
         116.27704
         107.16702
          95.39411
         104.70599
          92.43482
         124.36933
          84.66595
         111.72582
         110.00132
          98.86717
          84.00534
          90.75166
         122.23279
         113.68667
          96.43333
         139.04542
         111.16336
          91.60093
         122.63970
          99.44570
          96.36065
         107.96851
         111.29382
          67.98285
          98.20889
         134.15684
         111.35517
         131.78127
          94.72493
          81.93163
         103.07374
          75.02232
         110.34502
          89.38329
         132.34551
          78.82968
          94.61116
          63.54177
          69.90199
         102.11001
         118.47572
          95.48967
         107.17066
         129.48106
          82.38849
          86.48157
         152.77471
         125.61910
          81.25042
         134.10398
         107.31819
          68.73434
         135.52673
         132.21775
         105.07475
          80.87358
         102.43480
         119.28917
          93.02226
         105.57687
         115.11926
         102.75349
          73.05952
          98.89324
          86.87790
         110.57593
         113.64780
         117.47796
         104.77788
          94.94416
         111.48809
          78.33427
         134.84131
         105.74110
         124.69405
         101.91479
         100.52473
         135.91947
          93.39343
         110.04842
         127.29975
         125.28846
         123.16963
          98.41405
          85.71606
         102.95639
          94.23470
          92.57425
         139.95809
         124.48979
          78.43035
         122.15930
         104.84877
         100.79838
         109.36287
          90.94216
          72.05117
         102.77277
         104.25644
         108.29622
          99.81351
         122.94154
         103.14770
         118.08551
          97.47107
         103.65508
          99.27102
          83.13959
          92.42297
         130.40501
         119.12727
          90.93170
          86.64802
         135.98390
         106.53067
         107.56656
         117.06083
         122.79000
         102.07048
         129.37660
         123.00706
         104.80777
         100.35035
         128.38020
         128.40621
         111.15012
         125.26499
         121.38182
         114.84055
         123.63465
         107.13340
         103.95672
          85.69437
          97.34371
         101.90791
         103.23666
          84.35392
         122.60555
         100.74901
          99.35292
          91.73230
         111.31854
         120.77818
          93.20663
         103.18403
          95.93474
          99.16651
         117.59425
          91.99938
         109.22283
          96.67324
         121.06471
          98.75533
          97.37138
          94.65519
         115.50245
          74.34924
         101.07186
         115.66702
         105.39954
          97.86724
         126.55346
         123.82908
          85.23373
         120.89679
         125.83610
         107.31929
         114.27275
          91.98441
         106.94000
          87.48720
          88.20531
          67.96246
         108.81476
         103.87040
         132.13967
          84.17555
         121.26792
         120.69208
         140.52067
         101.32137
         114.36367
         113.36311
          88.72015
          87.51187
         125.61396
         119.09968
          80.07034
         120.96125
         121.69464
         135.92289
         112.34516
         102.48630
         147.22045
         109.23761
         125.65153
         114.19736
          95.58019
          78.85067
         149.54782
          89.92264
         102.30187
          94.28919
         102.75341
          78.52240
          96.79774
         121.89068
          89.57809
         124.86177
         110.13016
          95.99492
         102.34870
          95.06165
         113.73638
         125.01232
          92.80948
         105.88772
          94.13950
         127.04754
         103.21829
         120.12872
         108.89926
          84.62981
          96.59800
         137.85221
         117.83923
          71.22481
         104.47707
         106.56466
         114.66840
         112.92543
          85.23481
          99.56928
         122.73501
         113.53676
         105.29254
         105.83655
         114.10100
          98.82420
         134.68127
         132.84173
          85.57322
         143.12408
         108.91649
          94.59678
         114.43432
         106.39157
          99.46711
          86.77558
         -66.95547
         -66.97276
         -66.50387
         -67.69801
         -66.63606
         -67.41054
         -67.82532
         -67.09546
         -67.09390
         -66.81005
         -67.54081
         -67.65303
         -66.29337
         -68.09878
         -66.40932
         -66.62277
         -67.85730
         -67.03450
         -67.04116
         -68.01810
         -68.00026
         -67.13307
         -66.48059
         -67.75587
         -66.98754
         -68.15293
         -67.09266
         -68.26979
         -67.77944
         -67.40796
         -67.48185
         -66.51838
         -67.46523
         -67.26430
         -66.73192
         -68.10686
         -67.69509
         -67.05084
         -67.85478
         -67.05153
         -67.02087
         -67.48082
         -67.95670
         -67.64483
         -68.06337
         -67.42325
         -67.36253
         -67.22934
         -67.63237
         -68.02928
         -67.51862
         -67.10949
         -67.54156
         -67.40139
         -68.20940
         -68.02468
         -66.76036
         -67.37898
         -67.18895
         -68.57196
         -66.98893
         -66.97623
         -66.74159
         -66.49468
         -66.46590
         -66.27076
         -67.23244
         -66.65168
         -67.95384
         -67.65169
         -67.55284
         -67.06871
         -68.04990
         -67.97618
         -67.36078
         -67.23771
         -66.88311
         -67.63539
         -67.74896
         -67.08613
         -66.24633
         -66.80706
         -67.74871
         -67.63707
         -67.48966
         -67.27116
         -66.14359
         -67.46774
         -66.70467
         -67.05016
         -67.26040
         -67.36258
         -66.57109
         -66.89147
         -67.40701
         -68.08696
         -67.47329
         -68.02369
         -67.45483
         -67.64495
         -67.11180
         -67.61906
         -67.42398
         -67.60741
         -67.21065
         -67.25787
         -68.16475
         -68.20214
         -67.55308
         -67.20824
         -67.31263
         -67.66310
         -67.38151
         -67.68778
         -67.52872
         -67.65558
         -67.47767
         -67.58500
         -66.70181
         -67.15370
         -66.90510
         -67.78809
         -66.48514
         -67.41612
         -66.93881
         -67.46058
         -67.33434
         -67.08760
         -67.03138
         -67.83302
         -67.27830
         -67.39866
         -66.55688
         -67.28640
         -67.36691
         -66.27485
         -66.87209
         -66.39134
         -67.61172
         -67.24447
         -67.31626
         -66.48177
         -67.94191
         -66.19917
         -66.82329
         -68.15345
         -66.73947
         -67.21127
         -66.76659
         -67.74361
         -67.95497
         -66.25979
               NaN
         -67.00925
         -66.68295
         -66.53708
         -67.13991
         -67.60853
         -67.26289
         -67.56850
         -67.23754
         -66.94351
         -67.56307
         -67.53194
         -67.83815
         -67.28152
         -67.60283
         -66.61735
         -67.44762
         -66.57857
         -67.76679
         -67.91724
         -67.35475
         -67.56733
         -66.20774
         -67.44682
         -67.20483
         -67.95107
         -67.03709
         -67.68428
         -67.07939
         -67.53764
         -66.93887
         -67.81525
         -67.01291
         -67.16469
         -66.97260
         -67.89491
         -67.61197
         -67.42273
         -66.86006
         -66.92974
         -66.66871
         -66.54857
         -67.46494
         -66.50672
         -67.08404
         -67.81474
         -67.39318
         -68.14961
         -67.46334
         -66.88165
         -66.68853
               NaN
         -67.23506
         -67.05559
         -67.09603
         -67.15589
         -67.36141
         -67.53717
         -68.02864
         -67.51459
         -66.84375
         -67.75096
         -66.95000
         -67.22142
         -67.38936
         -66.59476
         -67.52124
         -67.63378
         -67.97049
         -68.62813
         -67.39635
         -66.62357
         -67.12826
         -67.29327
         -66.42485
         -67.47865
         -66.93203
         -66.48801
         -65.99003
         -66.10329
         -66.95562
         -66.64703
         -67.48658
         -66.54658
         -68.30700
         -66.62522
         -67.33344
         -67.36272
         -66.83250
         -67.64693
         -67.22396
         -67.76353
         -67.22921
         -66.87329
         -67.48025
         -67.34090
         -68.57506
         -67.25779
         -66.74023
         -67.24854
         -67.79835
         -67.89692
         -66.31281
         -66.12949
         -68.42607
         -67.66267
         -66.52609
         -67.21578
         -67.16466
         -67.55892
         -66.79412
         -67.50749
         -67.52612
         -67.18024
         -67.36078
         -67.91090
         -68.08850
         -67.65199
         -67.17244
         -67.80015
         -66.43629
         -66.27034
         -67.81108
         -66.29883
         -66.15995
         -67.38768
         -68.29238
         -67.58525
         -67.73985
         -67.05047
         -67.15738
         -66.23854
         -67.84926
         -67.84301
         -67.10249
         -66.76967
         -67.74999
         -66.42902
         -68.01046
         -66.57441
         -68.64392
         -66.19587
         -67.63037
         -67.06403
         -66.77573
         -66.82248
         -67.14093
         -66.31058
         -66.94766
         -66.61776
         -66.61680
         -67.05064
         -67.11741
         -67.32736
         -67.35753
         -67.34957
         -67.43625
         -66.77839
         -67.58630
         -66.74320
         -67.50081
         -67.48115
         -66.86616
         -67.15841
         -67.06581
         -67.93474
         -66.81466
         -67.12593
         -67.16280
         -67.14470
         -67.12862
         -66.46825
         -67.75564
         -66.86135
         -67.31673
         -67.27895
         -66.83014
         -67.43619
         -67.61538
         -67.39520
         -68.11492
         -68.03355
         -67.76506
         -67.38882
         -66.85469
         -67.29378
         -66.92645
         -68.04652
         -66.78179
         -67.55752
         -66.50707
         -67.95448
         -67.38420
         -66.93007
         -66.85413
         -67.77755
         -68.03601
         -66.94085
         -67.68476
         -66.02335
         -67.42414
         -67.19752
         -67.33576
         -67.05075
         -66.44000
         -66.49267
         -67.85250
         -66.42766
         -67.46963
         -67.52662
         -66.97165
         -66.40092
         -67.41423
         -68.10853
         -66.43677
         -67.24365
         -67.43355
         -67.54468
         -67.09936
         -67.21876
         -67.15751
         -67.14857
         -67.44109
         -67.31081
         -66.71556
         -67.24892
         -66.71024
         -67.10338
         -66.89335
         -67.81634
         -66.99773
         -68.34472
         -66.26625
         -66.77577
         -67.63562
         -66.72630
         -67.31606
         -67.26603
         -66.98926
         -66.96013
         -66.74579
         -66.83605
         -68.18330
         -67.80133
         -66.52065
         -66.74811
         -67.10266
         -67.41084
         -66.88728
         -66.98907
         -67.08912
         -68.01924
         -66.93919
         -67.05669
         -67.08999
         -67.05202
         -67.71160
         -67.49854
         -66.74471
         -67.17970
         -67.67482
         -68.11255
         -67.49288
         -66.49508
         -67.54009
         -67.38465
         -66.15395
         -67.14571
         -67.26113
         -67.35499
         -66.26099
         -68.04974
         -67.31545
         -67.06533
         -66.54013
         -67.43207
         -67.35802
         -67.13752
         -67.85548
         -66.80286
         -67.58322
         -66.57500
         -67.27004
         -67.93165
         -66.35235
         -66.26819
         -66.93480
         -67.72166
         -66.60490
         -67.33359
         -67.54098
         -67.95132
         -67.12546
         -67.63616
         -67.85871
         -67.18791
         -67.75129
         -67.11033
         -67.09761
         -66.88707
         -67.43219
         -67.97346
         -67.80076
         -67.05103
         -67.12306
         -67.89205
         -66.92811
         -67.85534
         -67.94257
         -67.24279
         -68.61668
         -67.10461
         -68.59522
         -68.17577
         -67.26245
         -66.22180
         -67.28552
         -68.10755
               NaN
         -67.29342
         -67.59091
         -66.95903
         -66.63338
         -66.99112
         -67.39064
         -67.82654
         -65.96353
         -67.16287
         -67.42702
         -67.39087
         -67.89403
         -67.37242
         -66.91541
         -68.02528
         -68.09292
         -67.15316
         -67.46719
         -66.44509
         -67.74217
         -67.95218
         -67.53433
         -68.05537
         -67.71021
         -67.30987
         -66.67919
         -66.53633
         -67.14193
         -67.43356
         -67.25238
         -67.38576
         -67.86254
         -66.80802
         -67.59645
         -68.26677
         -67.66680
         -67.44519
         -67.87457
         -67.23592
         -67.31556
         -68.05524
         -67.43557
         -68.56571
         -68.06833
         -67.56814
         -67.16930
         -68.16359
         -67.75399
         -67.49687
         -67.11183
         -68.25056
         -66.01513
         -66.38654
         -67.28206
         -67.35574
         -66.84612
         -66.34106
         -67.99821
         -66.24784
         -66.88460
         -67.05824
         -67.65720
         -67.91183
         -67.87099
         -68.22238
         -67.52912
         -66.84625
         -67.41408
         -68.16750
         -66.83082
         -66.57826
         -67.18958
         -66.67014
         -67.20127
         -67.32906
         -67.63705
         -68.10411
         -67.72753
         -66.89197
         -68.09762
         -67.40779
         -66.83583
         -67.26584
         -67.83199
         -66.81860
         -67.25469
         -67.21537
         -67.09277
         -67.28609
         -66.89414
         -67.73637
         -67.61877
         -68.00805
         -67.83897
         -66.46377
         -67.60014
         -66.94137
         -66.39992
         -67.85485
         -66.39092
         -66.95148
         -68.04080
         -67.23433
         -67.96604
         -67.64203
         -67.35410
         -67.77935
         -67.19592
         -66.21951
         -67.58598
         -67.17098
         -67.14438
         -67.55364
         -66.97848
         -67.56047
         -66.90559
         -66.80156
         -67.15108
         -68.37084
         -67.25837
         -67.04905
         -68.08443
         -68.29670
         -68.17437
         -67.38191
         -67.66668
         -67.82593
         -66.83547
         -66.73253
         -66.64106
         -67.58519
         -66.73195
         -67.24443
         -67.10157
         -67.09419
         -66.92490
         -66.86551
         -66.98567
         -67.01643
         -67.70433
         -67.25467
         -67.32523
         -68.26160
         -66.88826
         -67.44219
         -66.81927
         -67.67364
         -67.52881
         -67.14389
         -66.59730
         -68.38869
         -67.34736
         -67.64869
         -67.97714
         -67.78843
         -68.57378
         -67.36400
         -66.25307
         -66.74990
         -67.65160
         -67.43865
         -67.25741
         -67.51443
         -67.59315
         -67.51751
         -67.78147
         -67.04400
         -67.13282
         -66.60787
         -67.01402
         -67.21420
         -68.25188
         -67.45588
         -67.64170
         -66.88387
         -67.92048
         -66.60976
         -66.80589
         -67.03398
         -67.99710
         -67.47029
         -67.24698
         -67.50477
         -66.87377
         -67.07443
         -68.19316
         -67.39950
         -67.89682
         -67.64347
         -66.54992
         -67.52764
         -66.73790
         -66.50042
         -66.65301
         -66.74533
         -66.53930
         -67.12627
         -67.57965
         -67.22358
         -67.11984
         -67.78661
         -67.11271
         -67.56446
         -67.13598
         -67.36393
         -66.29574
         -66.74236
         -67.83186
         -68.25004
         -66.79699
         -65.95571
         -67.94048
         -67.61516
         -67.05154
         -66.61764
         -67.60123
         -66.80856
         -67.24294
         -67.16723
         -67.97450
         -67.03708
         -67.39892
         -66.88028
         -66.90028
         -67.55640
               NaN
         -67.68396
         -67.19831
         -67.52704
         -66.92568
         -67.33509
         -67.62418
         -66.39721
         -66.78327
         -66.60109
         -67.38038
         -66.98869
         -66.89431
         -67.55408
         -66.81309
         -67.76316
         -67.47485
         -67.90332
         -68.40041
         -66.77459
         -67.08985
         -67.40212
         -65.91476
         -66.94020
         -67.09293
         -67.19083
         -66.87552
         -67.56741
         -68.34435
         -67.31558
         -68.09064
         -67.25840
         -67.36005
         -66.72285
         -67.72615
         -67.60038
         -67.30234
         -65.88432
         -67.81843
         -67.59789
         -67.73930
         -67.62934
         -67.29284
         -67.98299
         -68.11137
         -67.11653
         -67.43824
         -67.72452
         -67.11477
         -67.18805
         -67.30119
         -67.56947
         -67.14533
         -67.42852
         -67.10769
         -66.36962
         -68.23153
         -67.25467
         -66.89198
         -66.30359
         -67.44448
         -67.37609
         -67.12254
         -67.46854
         -67.99489
         -66.75483
         -67.47270
         -67.02397
         -67.37835
         -67.36669
         -67.57461
         -68.13849
         -66.92375
         -67.94488
         -67.45240
         -67.60695
         -66.73670
         -67.51346
         -68.38865
         -67.50741
         -66.81989
         -66.95693
         -67.61397
         -67.63204
         -68.30105
         -67.26955
         -67.72650
         -67.02487
         -67.75753
         -67.59604
         -68.13066
         -66.71138
         -66.52554
         -65.87360
         -66.51532
         -66.91286
         -67.04532
         -67.39641
         -67.02854
         -66.09250
         -67.25014
         -66.49139
         -67.41409
         -67.34317
         -67.14870
         -67.60402
         -67.62279
         -67.17049
         -66.69770
         -66.59078
         -67.82108
         -68.53825
         -67.44160
         -67.66154
         -66.59423
         -67.44958
         -67.32503
         -67.36339
         -66.75592
         -68.05611
         -67.75778
         -66.81196
         -67.78912
         -67.94045
         -66.72743
         -67.66148
         -67.72261
         -67.41037
         -67.01299
         -67.09876
         -66.98321
         -66.86207
         -66.60859
         -66.68202
         -67.07391
         -67.20743
         -67.30883
         -68.04654
         -67.21289
         -68.08279
         -66.50797
         -67.54927
         -67.50598
         -66.87263
         -67.58413
         -67.31447
         -67.56813
         -67.37453
         -67.86696
         -66.48561
         -67.74830
         -66.37200
         -67.35022
         -67.31847
         -68.00812
         -66.93125
         -67.63023
         -66.71131
         -67.01915
         -68.51700
         -67.10509
         -67.53937
         -67.15339
         -66.83759
         -67.25820
         -67.51946
         -67.68527
         -67.66189
         -67.22019
         -67.37997
         -67.35385
         -66.59224
         -66.77734
         -67.45224
         -67.02801
         -66.80419
         -67.93675
         -66.93785
         -67.33598
         -67.00240
         -67.03428
         -66.90832
         -67.01153
         -67.15623
         -67.93176
         -67.25059
         -67.34340
         -66.96997
         -67.95837
         -67.60019
         -66.45410
         -66.47143
         -67.88941
         -67.03004
         -67.39031
         -67.68794
         -66.52779
         -66.93063
         -68.42072
         -67.46011
         -66.58295
         -67.65226
         -67.25756
         -67.50848
         -67.20933
         -68.01301
         -67.56022
         -66.91586
         -67.50526
         -67.48717
         -67.15357
         -66.85138
         -67.10911
         -67.59477
         -67.32283
         -65.90807
         -67.21527
         -67.46407
         -66.43966
         -67.61129
         -67.25760
         -68.12788
         -67.22508
         -67.28688
         -66.86575
         -67.88596
         -67.34263
         -68.38975
         -65.87918
         -67.44677
         -67.02874
         -67.55916
         -66.67188
         -67.57793
         -67.93550
         -66.41614
         -67.70108
         -67.46333
         -67.54354
         -67.39666
         -66.24985
         -68.28069
         -67.50235
         -67.64556
         -66.92739
         -68.07276
         -67.75540
         -68.20784
         -68.11482
         -67.71179
         -66.99961
         -67.92722
         -67.17646
         -67.98593
         -67.88793
         -66.04868
         -66.86130
         -66.53275
         -66.82170
         -67.63868
         -66.90467
         -66.97051
         -67.23398
         -67.80485
         -67.78502
         -67.42222
         -66.42765
         -67.50910
         -66.51566
         -67.57618
         -67.53483
         -66.79655
         -67.50196
         -67.41939
         -67.87571
         -67.02891
         -67.00034
         -67.66192
         -67.60203
         -66.82366
         -67.44241
         -67.07384
         -66.98148
         -67.84132
         -66.27423
         -66.59128
         -67.46780
         -68.11176
         -68.11809
         -67.27334
         -67.01790
         -66.97188
         -67.57869
         -67.62713
         -67.69217
         -67.52747
         -66.66749
         -67.14633
         -67.78249
         -67.26478
         -67.34443
         -68.51109
         -67.76830
         -67.32223
         -68.99633
         -68.62602
         -68.10698
         -69.31372
         -68.58553
         -69.07269
         -70.11248
         -68.67101
         -68.78659
         -68.55337
         -69.61660
         -69.87419
         -68.39541
         -69.98307
         -67.98051
         -68.65828
         -69.66720
         -68.38166
         -68.57228
         -69.52141
         -69.67662
         -69.18944
         -68.47884
         -69.67435
         -68.44734
         -69.81434
         -68.96540
         -69.67199
         -69.55199
         -69.02681
         -69.72864
         -68.35629
         -68.87178
         -68.86456
         -68.36096
         -69.89622
         -69.77010
         -69.08752
         -69.10574
         -68.93848
         -68.34913
         -68.75913
         -70.06830
         -69.36158
         -69.85501
         -69.79003
         -69.34984
         -69.67831
         -69.08379
         -70.26322
         -69.70682
         -69.11632
         -69.27389
         -69.44574
         -70.04557
         -69.51668
         -68.36359
         -69.47980
         -69.40148
         -70.24289
         -69.43066
         -68.86680
         -68.15612
         -68.59202
         -68.74460
         -68.49480
         -69.39912
         -68.92581
         -68.92167
         -69.24487
         -69.93712
         -69.01870
         -69.61127
         -69.05746
         -69.11353
         -68.92762
         -68.86817
         -69.49243
         -69.63886
         -68.74601
         -68.25824
         -68.54570
         -70.13074
         -69.10778
         -69.40467
         -69.34808
         -68.00586
         -69.45341
         -68.32608
         -69.28408
         -68.45947
         -69.39163
         -68.57398
         -68.43503
         -68.99994
         -69.88843
         -69.06121
         -69.58902
         -69.35617
         -69.75230
         -68.71017
         -69.61022
         -69.32085
         -69.38488
         -69.06926
         -69.96096
         -69.95087
         -70.48480
         -69.56625
         -69.19455
         -69.15645
         -69.19431
         -69.28640
         -69.46248
         -69.77379
         -69.18998
         -69.47952
         -70.09479
         -68.51780
         -69.09466
         -68.39712
         -69.56907
         -68.33693
         -69.31779
         -68.27393
         -69.29615
         -68.77202
         -68.87530
         -68.88413
         -69.72877
         -69.35773
         -68.85890
         -68.63923
         -69.43201
         -69.65541
         -68.39233
         -68.86900
         -68.31874
         -69.47003
         -69.26943
         -69.02794
         -68.67096
         -69.62491
         -67.98712
         -68.53488
         -69.85063
         -67.95542
         -69.22794
         -68.07432
         -69.89998
         -69.89898
         -69.03391
         -70.42333
         -68.23531
         -68.41627
         -68.03469
         -68.76510
         -70.00228
         -69.25398
         -69.13507
         -69.28214
         -68.85829
         -69.56023
         -69.18037
         -69.51113
         -69.09000
         -69.56551
         -69.11121
         -69.46064
         -68.56106
         -69.56742
         -69.91600
         -69.70995
         -69.24693
         -68.23822
         -68.77387
         -68.31725
         -69.47186
         -68.50860
         -69.44120
         -69.39928
         -68.67867
         -69.35452
         -69.54417
         -68.66434
         -68.98539
         -68.78576
         -69.18667
         -69.60916
         -69.26034
         -68.66620
         -68.56227
         -67.83867
         -67.88989
         -69.44835
         -69.04768
         -69.31303
         -69.70374
         -69.01361
         -69.60099
         -69.42297
         -68.06775
         -68.44989
               NaN
         -68.54927
         -68.65819
         -68.98836
         -68.96058
         -69.19161
         -69.16410
         -69.54102
         -69.08906
         -68.94285
         -69.08838
         -68.92620
         -69.50504
         -69.16966
         -68.48471
         -69.87281
         -69.00270
         -69.56478
         -70.40551
         -69.61294
         -68.28695
         -68.70141
         -68.67170
         -68.09071
         -69.01900
         -69.63561
         -69.16915
         -67.93731
         -67.80945
         -68.64720
         -68.98671
         -69.36221
         -68.33248
         -70.13121
         -68.44387
         -69.08649
         -69.24340
         -69.22745
         -69.81061
         -69.11382
         -70.03878
         -69.09067
         -69.35188
         -69.58770
         -69.46626
         -69.59767
         -69.11519
         -69.04702
         -69.86050
         -69.69122
         -69.35289
         -68.31784
         -67.75710
               NaN
         -69.85906
         -68.37943
         -69.04243
         -69.32032
         -69.73679
         -68.38649
         -69.35570
         -69.53946
         -68.64719
         -69.37828
         -70.39524
         -69.93323
         -69.30077
         -68.77010
         -69.69374
         -68.16842
         -68.77573
         -69.07617
         -68.41920
         -68.09974
         -68.67252
         -69.63845
         -69.77249
         -69.18430
         -68.52393
         -68.34413
         -67.84204
         -70.25050
         -69.47082
         -68.35321
         -68.34302
         -69.29861
         -67.81308
         -69.93531
         -68.75701
         -70.39918
         -68.24817
         -69.95032
         -68.93360
         -68.58354
         -68.79287
         -68.92388
         -67.79785
         -68.40257
         -68.81493
         -68.31711
         -68.36490
         -68.66704
         -68.85493
         -69.47126
         -69.47049
         -69.23462
         -68.60561
         -69.50057
         -68.37362
         -68.95898
         -69.26281
         -68.11526
         -68.87791
         -69.16488
         -69.73050
         -67.93226
         -69.00083
         -68.42735
         -68.56314
         -69.11015
         -68.01553
         -69.45410
         -69.25785
         -69.19314
         -68.97721
         -68.62971
         -69.33077
         -68.96113
         -69.81086
         -70.39113
         -69.49559
         -69.80429
         -69.31181
         -68.58825
         -68.82084
         -69.49802
         -70.17872
         -69.09216
         -69.69368
         -68.44990
         -69.44088
         -69.54461
         -68.55275
         -68.37657
         -69.43968
         -70.02012
         -69.20965
         -69.26766
         -67.87398
         -68.90817
         -68.80106
         -69.58320
         -68.64333
         -68.28333
         -68.33544
         -69.60212
         -68.61997
         -69.28739
         -69.68628
         -68.66345
         -68.05978
         -69.71199
         -69.92129
         -68.21247
         -69.37410
         -68.95720
         -69.79056
         -68.66345
         -69.63827
         -69.59088
         -68.49372
         -69.20489
         -69.04461
         -68.81084
         -69.47906
         -69.23136
         -68.74804
         -68.48119
         -69.89366
         -68.86643
         -69.25229
         -67.65567
         -69.11840
         -69.15728
         -68.85132
         -68.27998
         -69.02596
         -69.31673
         -68.61391
         -68.47645
         -68.13620
         -69.76064
         -69.50803
         -68.73757
         -68.99945
         -68.86401
         -69.55549
         -68.56263
         -69.06898
         -68.97428
         -69.94039
         -68.88063
         -69.15063
         -69.04049
         -68.55595
         -69.98819
         -70.14269
         -68.15966
         -69.05526
         -68.83081
         -70.41885
         -69.59125
         -68.30942
         -69.04850
         -69.57027
         -67.90139
         -68.87587
         -68.80287
         -69.21289
         -68.67096
         -70.02386
         -69.08063
         -68.67220
         -68.72300
         -69.03830
         -69.53495
         -68.98858
         -68.94723
         -68.66179
         -69.64230
         -68.20567
         -68.76087
         -69.68383
         -68.17035
         -68.00570
         -68.45169
         -69.38680
         -68.84660
         -68.73750
         -69.45184
         -69.99316
         -68.95066
         -69.27030
         -69.69890
         -69.56863
         -69.11160
         -68.92546
         -69.26703
         -68.69330
         -69.28420
         -69.84235
         -69.51602
         -68.75772
         -68.97895
         -69.68004
         -68.13927
         -69.90281
         -69.28659
         -70.07748
         -70.79108
         -69.32543
         -70.14801
         -70.48850
         -69.64315
         -67.82258
         -68.63244
         -70.32295
         -69.88956
         -69.46405
         -69.45383
         -68.85689
         -68.06875
         -68.86666
         -69.47429
         -69.21645
         -67.83412
         -69.13487
         -69.09488
         -68.92416
         -69.61852
         -69.60386
         -68.64887
         -70.03252
         -70.10919
         -68.97155
         -68.22027
         -68.17419
         -69.69424
         -70.22675
         -69.24515
         -70.16055
         -69.82310
         -68.98039
         -68.49279
         -68.57329
         -69.29239
         -68.90911
         -69.18753
         -69.17407
         -69.98531
         -68.91463
         -68.71660
         -69.69538
         -69.55203
         -68.94924
         -69.33732
         -69.31725
         -68.80814
         -70.63101
         -68.83204
               NaN
         -70.04381
         -69.42000
         -68.37749
         -69.45033
         -69.63433
         -69.42092
         -68.48380
         -70.48949
               NaN
         -68.26795
         -69.27966
         -69.50497
         -68.13672
         -68.04473
         -69.71222
         -67.99167
         -68.41886
         -69.17222
         -69.26430
         -70.34166
         -68.99783
         -70.14304
         -69.22381
         -68.83248
         -69.22480
         -69.92301
         -68.57454
         -67.95389
         -68.69570
         -68.44770
         -69.01300
         -68.99447
         -69.68899
         -69.79213
         -70.05116
         -68.43711
         -69.70332
         -69.35137
         -68.44658
         -69.16554
         -69.64825
         -68.53378
         -69.29062
         -69.35066
         -68.67513
         -68.51943
         -68.58212
         -69.45140
         -69.27283
         -69.27920
         -69.66158
         -68.71506
         -69.38968
         -68.78381
         -68.38393
         -70.38247
         -67.81482
         -68.26626
         -69.89100
         -68.68966
         -70.27391
         -69.05777
         -68.44137
         -69.85319
         -68.98787
         -68.08342
         -69.13757
         -68.62159
         -69.14495
         -69.58515
         -68.94601
         -69.15177
         -69.25859
         -68.92466
         -69.38578
         -70.27710
         -68.83177
         -69.09697
         -69.23530
         -70.44197
         -69.80620
         -69.12503
         -69.60193
         -70.37445
         -68.97040
         -68.54589
         -68.35614
         -69.49426
         -68.82944
         -69.05147
         -69.19600
         -68.55871
         -68.46567
         -68.52782
         -68.54762
         -68.33999
         -69.53201
         -68.69836
         -69.29806
         -70.11160
         -68.59490
         -68.99646
         -68.44858
         -68.92272
         -69.57053
         -68.68291
         -68.35935
         -69.66737
         -69.33573
         -69.53200
         -69.30310
         -69.54084
         -70.32228
         -69.81918
         -68.04301
         -68.40596
         -69.04301
         -69.68862
         -69.21199
         -69.63385
         -69.52893
         -69.60823
         -69.60418
         -69.00897
         -68.80117
         -67.81496
         -69.64929
         -69.02221
         -70.42929
         -69.48183
         -69.82867
         -68.72387
         -69.09857
         -68.21458
         -69.03436
         -68.96687
         -69.78393
         -69.54440
         -68.56496
         -69.23520
         -68.54192
         -68.40602
         -70.15293
         -69.49250
         -69.84655
         -69.36893
         -68.74439
         -70.26478
         -68.82262
         -68.93933
         -69.54558
         -68.38524
         -68.35672
         -69.42803
         -69.74740
         -68.34498
         -69.05919
         -69.41300
         -68.73666
         -70.06342
         -69.25268
         -69.48676
         -68.16942
         -68.60585
         -69.15380
         -69.90545
         -68.54868
         -67.89381
         -70.09381
         -69.44736
         -68.72525
         -68.51024
         -69.80352
         -68.91834
         -68.97608
         -68.94495
         -69.76443
         -69.41823
         -68.63698
         -68.27166
         -69.02349
         -69.52216
         -67.40643
         -69.73294
         -68.96070
         -69.53646
         -68.97375
         -69.46403
         -69.83242
         -68.32275
         -68.26271
         -68.25605
         -69.32816
         -68.54518
         -68.76546
         -68.91335
         -68.59901
         -69.49982
         -69.03148
         -70.09352
         -70.02229
         -68.70569
         -69.13022
         -68.72713
         -67.53550
         -69.05150
         -68.54130
         -68.74001
         -68.57840
         -69.24857
         -69.95646
         -69.22356
         -69.92457
         -68.16748
         -69.17375
         -68.41029
         -68.85372
         -69.56370
         -69.28267
               NaN
         -69.75882
         -69.73768
         -69.20175
         -69.93055
         -69.62343
         -70.10559
         -70.09923
         -68.75667
         -69.47738
         -69.82421
         -69.29409
         -69.08581
         -69.51032
         -69.35766
         -69.13581
         -69.12518
         -69.87218
         -68.52324
         -69.96650
         -68.94486
         -68.75829
         -67.95938
         -69.70239
         -68.74940
         -69.07493
         -69.33859
         -69.63649
         -68.11869
         -69.02809
         -68.96966
         -69.40396
         -69.08849
         -70.03988
         -70.04719
         -68.44405
         -69.99580
         -69.22495
         -69.22547
         -68.52873
         -69.40202
         -69.46448
         -69.19843
         -69.25781
         -68.91709
         -69.88540
         -69.15309
         -69.69962
         -68.97136
         -68.86120
         -69.02276
         -69.23556
         -69.88647
         -69.38599
         -68.19180
         -67.56937
               NaN
         -68.37322
         -69.00003
         -68.65736
         -69.10581
         -69.37946
         -67.56244
         -68.60797
         -69.17379
         -69.58584
         -68.75387
         -69.53497
         -69.39263
         -68.76967
         -69.54057
         -69.07892
         -68.46602
         -69.17467
         -70.16955
         -69.50009
         -69.18766
         -68.47746
         -69.44576
         -69.11524
         -68.55968
         -68.53835
         -69.43568
         -69.69062
         -68.77033
         -69.85508
         -69.64891
         -68.35256
         -69.64022
         -69.02786
         -69.71623
         -68.90778
         -69.28480
         -68.77802
         -68.69551
         -69.00027
         -68.33201
         -68.80989
         -69.45542
         -69.54891
         -70.17567
         -68.81750
         -69.51627
         -68.33838
         -69.21598
         -69.12949
         -69.32835
         -69.78136
         -68.64590
         -69.61617
         -69.23340
         -69.46107
         -68.49278
         -69.21694
         -67.48447
         -69.03983
         -69.16684
         -69.84449
         -68.57087
         -69.67396
         -68.38668
         -69.13768
         -70.10909
         -68.79932
         -69.08274
         -68.63215
         -68.33053
         -69.53253
         -69.63176
         -69.22015
         -69.15633
         -69.54058
         -69.18101
         -69.24607
         -68.66216
         -68.89038
         -69.30348
         -69.19935
         -68.93943
         -69.62224
         -68.76250
         -69.56258
         -69.11404
         -69.04503
         -69.03223
         -69.16872
         -69.20786
         -70.09622
         -69.08413
         -68.90304
         -68.47175
         -69.62679
         -69.17514
         -68.26994
         -67.91842
         -69.92515
         -68.77936
         -69.07872
         -69.19207
         -68.44940
         -68.99838
         -69.89669
         -69.19684
         -68.18350
         -69.26797
         -69.28921
         -69.14299
         -69.06085
         -69.56541
         -69.75286
         -68.65234
         -68.99526
         -68.99779
         -69.24848
         -67.98730
         -68.70641
         -69.55560
         -69.10195
         -67.75176
         -69.47842
         -69.57612
         -67.77808
         -69.56360
         -69.48850
         -69.90598
         -69.21872
         -68.83530
         -68.74318
         -69.40882
         -68.85528
         -69.35511
         -67.88463
         -69.17494
         -69.37138
         -68.97148
         -68.71166
         -69.51105
         -70.43349
         -68.19959
         -69.70636
         -69.31581
         -69.12491
         -68.82350
         -68.47836
         -70.29380
         -68.66962
         -69.72421
         -69.04944
         -70.20090
         -69.71979
         -69.90929
         -70.62455
         -69.64840
         -69.18672
         -69.94559
         -68.86825
         -69.23681
         -70.47758
         -67.63717
         -68.62580
         -68.21528
         -68.51281
         -68.84876
         -68.49828
         -68.92581
         -68.85826
         -69.94276
         -69.69464
         -69.01800
         -68.18649
         -69.19060
         -68.50159
         -69.66867
         -69.12817
         -68.61151
         -69.14795
         -69.65718
         -69.66702
         -69.22475
         -68.85458
         -69.18990
         -69.29902
         -69.35698
         -69.45491
         -68.20606
         -68.79874
         -69.63982
         -68.18458
         -68.66240
         -68.88157
         -69.61457
         -70.17635
         -69.18723
         -68.89277
         -68.85552
         -69.62681
         -69.20310
         -69.99923
         -69.77015
         -68.17441
         -69.69957
         -69.51655
         -68.82002
         -69.36845
         -70.31822
         -69.41459
         -68.83419
         -63.42598
         -64.11360
         -63.73146
         -64.90378
         -63.26464
         -64.53602
         -63.86989
         -64.37071
         -64.16655
         -63.79517
         -63.95092
         -63.81174
         -62.65809
         -64.84009
         -63.69210
         -63.10256
         -64.72726
         -64.70471
         -64.39323
         -65.41825
         -65.10116
         -63.57680
         -63.02482
         -64.43806
         -64.46298
         -65.27969
         -63.85392
         -65.84484
         -64.71400
         -64.60832
         -63.59626
         -63.33991
         -65.03276
         -64.49680
         -63.91465
         -65.01234
         -64.10655
         -63.52860
         -65.69139
         -63.78823
         -64.72378
         -65.27012
         -64.30490
         -64.67586
         -64.96490
         -63.33012
         -63.92568
         -62.99409
         -65.12230
         -64.16590
         -63.73435
         -63.63886
         -64.54566
         -63.86589
         -65.03391
         -65.44440
         -63.98774
         -63.74582
         -63.36261
         -65.68225
         -62.76619
         -63.70667
         -64.29530
         -62.86754
         -62.52511
         -62.42451
         -63.48538
         -62.71878
         -66.28008
         -64.89643
         -63.42945
         -63.69639
         -65.34966
         -66.10619
         -64.32957
         -64.31517
         -63.45015
         -64.42382
         -64.48058
         -64.21552
         -62.76694
         -63.80027
         -63.62922
         -65.09361
         -64.17782
         -63.67932
         -62.92298
         -64.03373
         -63.90061
         -63.18682
         -65.18673
         -63.85354
         -63.10727
         -64.22203
         -64.65220
         -64.97149
         -64.72713
         -65.31662
         -64.16665
         -64.00048
         -64.34758
         -64.17554
         -64.14352
         -64.53346
         -63.99637
         -62.58313
         -65.07583
         -64.25450
         -64.07149
         -63.77310
         -64.12392
         -65.01502
         -64.08718
         -64.61861
         -63.64609
         -65.00199
         -64.01566
         -63.24456
         -63.56123
         -63.79701
         -64.32480
         -64.70806
         -63.28263
         -64.12735
         -64.62984
         -64.28614
         -64.84800
         -63.99594
         -63.82721
         -64.55452
         -63.68214
         -64.87333
         -62.95566
         -63.57577
         -63.40918
         -62.61288
         -63.41862
         -63.05809
         -64.39795
         -63.74248
         -64.35608
         -62.69578
         -65.03131
         -63.10708
         -63.86326
         -65.21832
         -64.63660
         -63.72365
         -64.50499
         -64.01438
         -64.59297
               NaN
         -65.79182
         -64.88892
         -63.68534
         -63.94712
         -64.32930
         -63.46877
         -63.81948
         -64.85925
         -63.70160
         -63.63208
         -64.10916
         -64.68115
         -64.94489
         -64.15394
         -64.20858
         -62.30445
         -63.96630
         -63.15003
         -64.65277
         -64.46058
         -63.28166
         -64.66263
         -62.69622
         -65.15181
         -65.28100
         -65.32100
         -64.49225
         -64.64585
         -63.06737
         -65.56434
         -62.76124
         -64.82524
         -64.15692
         -64.01596
         -63.83691
         -65.66094
         -64.15802
         -64.24475
         -63.73653
         -64.10643
         -64.64537
         -64.22889
         -64.03482
         -62.11237
         -63.22920
         -64.54791
         -64.59082
         -65.63958
         -64.07435
         -64.83041
         -63.64242
         -63.01292
         -64.96224
         -64.28405
         -63.82341
         -64.03483
         -64.19626
         -64.72357
         -65.41312
         -64.79169
         -63.21355
         -65.43801
         -63.53235
         -63.27212
         -64.31050
         -63.32627
         -63.45443
         -65.26636
         -65.21332
         -65.55431
         -63.56296
         -63.74690
         -64.40767
         -64.90943
         -63.54390
         -64.81476
         -62.25645
               NaN
         -62.62239
         -63.15265
         -64.03021
         -62.60078
         -64.24286
         -63.45805
         -65.15222
         -63.48005
         -64.30171
         -64.11027
         -62.69067
         -63.90507
         -63.95564
         -63.82871
         -64.00999
         -62.58680
         -63.83563
         -63.66531
               NaN
         -64.04560
         -62.75086
         -62.73141
         -64.52482
         -65.37894
         -62.84532
         -63.31470
         -64.21217
         -63.86424
         -63.32090
         -64.05677
         -63.43664
         -63.79251
         -64.04026
         -64.31119
         -64.04424
         -64.64329
         -63.87172
         -63.61447
         -64.89822
         -64.80058
         -64.40943
         -64.52536
         -63.44075
               NaN
         -65.62322
         -62.63187
         -62.80528
         -65.16567
         -65.96450
         -63.80262
         -65.24182
         -64.50227
         -65.10501
         -63.46545
         -63.69655
         -65.02787
         -64.93948
         -64.04873
         -65.07180
         -64.03541
         -64.68161
         -62.79981
         -65.60836
         -62.64662
         -63.61824
         -63.83079
         -63.64931
         -63.41488
         -64.05749
         -63.73848
         -64.43153
         -62.81795
         -63.67628
         -64.77777
         -64.43746
         -64.68557
         -63.70205
         -63.68165
         -64.32615
         -63.61839
         -64.27576
         -63.92353
         -64.97904
         -64.39994
         -64.70596
         -64.18470
         -63.43568
         -64.82916
         -64.88187
         -63.88347
         -64.97589
         -64.69165
         -63.70176
         -63.79238
         -64.81831
         -62.71682
         -64.07165
         -64.34199
         -63.71796
         -64.15970
         -65.28804
         -63.21754
         -64.17844
         -65.50508
         -64.23839
         -64.06319
         -63.85666
         -64.65287
         -62.47918
         -64.35909
         -62.78623
         -63.86325
         -63.14715
         -65.38390
         -63.64800
         -64.12379
         -64.22122
         -64.90304
         -64.60469
         -63.01719
         -64.94729
         -62.82286
         -64.85764
         -64.42435
         -63.44905
         -64.29652
         -63.25212
         -63.30578
         -64.82669
         -62.63627
         -64.32597
         -63.79170
         -64.04586
         -63.53210
         -63.44050
         -64.97353
         -63.36586
         -63.55924
         -64.79853
         -63.66064
         -64.39442
         -63.03446
         -62.94924
         -64.82228
         -64.39077
         -64.31236
         -63.09198
         -63.39211
         -62.35020
         -64.25910
         -64.14735
         -64.22383
         -63.76599
               NaN
         -63.86339
         -62.72442
         -65.00405
         -63.05130
         -65.64906
         -64.22239
         -62.96411
         -64.10009
         -63.75278
         -64.58756
         -65.45545
         -64.84976
         -62.68672
         -62.85464
         -64.05657
         -63.70188
         -63.98993
         -63.39207
         -63.82891
         -64.69680
         -63.58166
         -63.43542
         -63.71679
         -64.45113
         -63.77445
         -62.92575
         -64.29769
         -63.93611
         -65.67565
         -64.12402
         -63.86396
         -63.35736
         -64.93144
         -63.60484
         -63.13193
         -64.15356
         -64.59485
         -64.14192
         -62.09319
         -64.63570
         -64.26274
         -64.28639
         -62.76507
         -64.65426
         -63.59323
         -63.93628
         -65.96741
         -63.58801
         -64.02225
         -63.75492
         -64.69178
         -64.90144
         -63.20829
         -63.26333
         -64.31149
         -64.84196
         -62.72809
         -64.90567
         -64.23634
         -64.42017
         -63.96895
         -64.81006
         -64.67628
         -63.07067
         -65.39878
         -63.97123
         -63.34580
         -63.76339
         -64.22932
         -64.74139
         -64.83438
         -64.09947
         -63.91347
         -64.79988
         -64.83355
         -64.31444
         -65.61822
         -62.34046
         -64.85625
         -63.26391
         -65.90981
         -64.17614
         -63.14528
         -63.45342
         -64.95615
         -64.27625
               NaN
         -63.53951
         -64.36918
         -63.67688
         -64.15105
         -63.74756
         -63.78717
         -65.42283
         -62.72855
         -63.75249
         -64.54262
         -64.73919
         -64.91168
         -63.51337
         -63.91755
         -64.55395
         -64.60597
         -64.00841
         -66.16482
         -63.45478
         -64.36627
         -64.01854
         -64.57564
         -64.41467
         -64.05618
         -64.42088
         -63.54275
         -63.01361
         -63.42291
         -64.88174
         -63.90572
         -64.29305
         -64.19140
         -63.16483
         -65.65927
         -65.79613
         -64.40649
         -64.84408
         -65.34489
         -63.63647
         -64.73429
         -63.60070
         -65.02050
         -64.19236
         -64.65193
         -64.36554
         -65.07984
         -65.93829
         -64.50213
         -64.16940
         -64.73914
         -64.37856
         -63.80894
         -63.13284
         -63.82742
         -63.63887
         -64.61414
         -63.39471
         -65.03401
         -63.23205
         -64.23124
         -63.40230
         -64.87788
         -63.70967
         -65.92223
         -64.90079
         -64.59832
         -63.41126
         -64.28261
         -65.13150
         -63.81524
         -64.19925
         -64.58490
         -63.59601
         -64.06806
         -64.44889
         -64.08840
         -65.18483
         -63.70902
         -64.21980
         -65.32071
         -64.04655
         -64.05020
         -63.98050
         -64.69096
         -63.85235
         -63.73376
         -63.52260
         -64.35624
         -65.15316
         -63.97494
         -64.77040
         -64.75823
         -65.80971
         -64.68694
         -62.57037
         -64.50531
         -63.75505
         -62.96876
         -63.48358
         -63.92842
         -64.67770
         -64.84106
         -64.71747
         -63.97481
         -65.19366
         -65.47378
         -64.19283
         -64.09691
         -62.99605
         -64.90264
         -64.66230
         -63.68457
         -64.04035
         -63.57583
         -64.80847
         -62.83630
         -63.12986
         -63.28639
         -65.07414
         -64.53734
         -63.50737
         -66.09412
         -64.58667
         -65.35228
         -64.36735
         -64.31986
         -63.41852
         -63.14331
         -63.59651
         -63.67499
         -64.28364
         -63.10455
         -64.11932
         -63.47945
         -64.56143
         -64.26029
         -63.99071
         -64.28443
         -64.72747
         -64.54355
         -64.75796
         -63.91341
         -65.06220
         -63.93680
         -64.75422
         -64.00153
         -65.51347
         -63.99785
         -64.48229
         -63.55000
         -66.17733
         -63.90867
         -64.39171
         -65.68404
         -64.75779
         -65.54992
         -63.11800
         -63.15754
         -63.88591
         -65.24529
         -63.54755
         -63.87716
         -63.84910
         -64.24540
         -63.90180
         -64.62928
         -63.64577
         -64.24757
         -64.52034
         -62.45658
         -64.08742
         -64.48624
         -63.95219
         -63.85955
         -63.70177
         -65.88307
         -63.83438
         -62.95195
         -63.69124
         -64.90696
         -63.88332
         -64.96767
         -64.51217
         -63.98887
         -64.77156
         -64.80391
         -63.77984
         -64.52493
         -64.65945
         -62.75480
         -62.79402
         -63.13257
         -62.28255
               NaN
         -63.90927
         -63.39625
         -63.14561
         -63.83074
         -65.28422
         -63.76591
         -64.97393
         -64.30426
         -63.24276
         -63.47535
         -63.69269
         -63.05538
         -63.51963
         -65.54568
         -65.38716
         -63.76761
         -62.60394
         -64.21649
         -64.44655
         -64.15703
         -63.34457
         -63.79258
         -63.15990
         -64.24565
         -64.09283
         -64.87899
         -62.91909
         -65.25782
         -64.47402
         -63.22838
         -64.15681
         -62.74945
         -64.14046
         -64.15044
         -64.05193
         -63.38373
         -63.65330
         -63.80525
         -63.06718
         -64.22474
         -63.73898
         -64.01187
         -64.29688
         -63.65834
         -65.20334
         -63.72451
         -64.75977
         -64.78282
         -64.11558
         -65.59552
         -63.43495
         -63.56123
         -65.11064
         -63.11185
         -63.28892
         -64.58812
         -64.51168
         -63.93057
         -64.66001
         -65.55636
         -64.01590
         -64.91905
         -65.68623
         -64.22342
         -63.80459
         -65.77614
         -64.20500
         -63.87755
         -63.43389
         -64.46270
         -63.89733
         -65.21014
         -63.64964
         -63.26232
         -64.31216
         -64.67357
         -64.28005
         -63.91175
         -64.09332
         -63.34584
         -63.90607
         -63.48071
         -64.47696
         -63.70298
         -64.49430
         -62.32679
         -62.64516
         -65.23107
         -64.33166
         -63.66438
         -63.44007
         -63.53964
         -65.00108
         -63.74608
         -64.23449
         -65.15591
         -64.39616
         -64.78280
         -63.65908
         -63.87525
         -64.38902
         -63.31116
         -64.83758
         -64.29455
         -64.39802
         -64.38695
         -64.80787
         -63.63757
         -64.24738
               NaN
         -64.58294
         -62.60375
         -63.56702
         -63.68575
         -65.00153
         -65.88236
         -64.32645
         -65.76414
         -63.56971
         -65.20141
         -63.63497
         -65.95968
         -64.15114
         -64.72035
         -63.68050
         -63.30227
         -63.30328
         -64.25746
         -64.44019
         -62.96285
         -63.55037
         -64.90189
               NaN
         -63.65826
         -64.90350
         -63.02188
         -64.51079
         -65.63937
         -63.07167
         -62.57961
         -63.34773
         -65.48018
         -65.71706
         -63.88166
         -65.02226
         -63.33738
         -63.99740
         -64.22904
         -65.29452
         -63.67339
         -65.67027
         -64.41511
         -63.42516
         -64.21625
         -64.98584
         -63.91694
         -64.23945
         -65.46530
         -63.42261
         -63.73614
         -63.31821
         -63.87927
         -63.69131
         -62.47241
         -63.82853
         -64.07168
         -63.31975
         -63.43485
         -64.36441
         -64.43788
         -65.60373
         -63.34246
         -64.66686
         -64.69826
         -62.62571
         -63.78424
         -65.01189
         -64.02625
         -64.15978
         -65.11010
         -63.01440
         -65.20841
         -64.44809
         -64.42819
         -64.12188
         -64.83231
         -64.09569
         -64.09579
         -63.81392
         -63.35537
         -65.76364
         -64.17506
         -64.87025
         -64.59603
         -64.25569
         -63.32495
         -63.86642
         -65.03085
         -65.07741
         -63.20730
         -64.26523
         -64.08143
         -63.01250
         -63.12304
         -64.25068
         -63.27289
         -63.11151
         -65.02186
         -63.78229
         -63.48529
         -63.35052
         -63.55688
         -63.23523
         -63.28088
         -63.60812
         -64.18855
         -64.07966
         -64.64614
         -64.37279
         -65.07298
         -64.87645
         -63.31377
         -63.96901
         -64.36881
         -64.00477
         -64.47037
         -65.08668
         -63.20456
         -63.35466
         -65.86816
         -64.45660
         -63.81495
         -64.85806
         -63.74404
         -64.68176
         -64.00731
         -65.32827
         -63.76826
         -63.91280
         -64.92845
         -64.87470
         -63.53062
         -64.88693
         -64.34673
         -64.20370
         -64.24602
         -62.71957
         -63.30137
         -63.81149
         -64.12498
         -64.23497
         -63.39946
         -65.05282
         -63.77728
         -64.60904
         -63.61891
         -65.25232
         -64.72665
               NaN
         -62.41095
         -64.45806
         -62.97738
         -65.11668
         -63.14427
         -64.23478
         -63.61548
         -63.33184
         -64.23313
         -64.25965
         -64.80873
         -64.92907
         -62.39586
         -64.79923
         -65.48368
         -64.05072
         -63.25751
         -64.39235
         -64.35818
         -65.26535
         -63.77447
         -64.36259
         -63.21722
         -64.43665
         -64.25065
         -65.82266
         -63.40938
         -63.30155
         -63.80978
         -63.62297
         -63.89709
         -65.54596
         -64.14868
         -63.58903
         -64.42493
         -64.10754
         -64.48251
         -64.66249
         -63.38591
         -64.60111
         -63.08119
         -63.95742
         -64.77928
         -63.65775
         -64.65539
         -63.54936
         -64.77780
         -63.23141
         -63.79361
         -65.01943
         -64.66727
         -62.44252
         -63.96199
         -65.11577
         -63.83870
         -64.73098
         -62.97048
         -63.00948
         -65.02281
         -65.51279
         -64.55855
         -63.96346
         -63.77548
         -63.71429
         -64.03666
         -64.90163
         -63.70233
         -63.64897
         -64.06143
         -62.73074
         -64.78360
         -64.57515
         -63.84408
         -65.38583
         -64.92120
         -64.70743
