           3.63553
           1.12713
           7.58196
          -7.21504
           3.06722
          20.14779
          10.88925
           8.27741
          -6.55185
         -15.94154
          14.31882
           1.71727
          -1.09774
          15.41358
           7.35994
          -2.88196
          17.34654
           0.27385
           0.52282
           6.80977
          17.79247
          -7.47592
          10.39976
         -12.76164
          -4.05323
          -2.39234
         -13.41103
          -2.89879
           2.56776
           6.33408
          -1.35928
         -23.38179
          -3.93155
         -13.24089
          25.69773
          -3.06959
          -2.04613
               NaN
          -1.88285
          11.80614
           5.50440
           0.16632
           0.22458
          -7.24858
          -2.78257
         -14.27074
          -7.10779
           5.44695
          -8.96828
          20.80188
          11.01075
          -8.01013
          14.04308
           0.20717
          -0.84075
           2.59138
          -7.37030
          -3.36073
          26.92582
          20.00412
          -3.20195
           5.94574
         -18.95511
           8.25634
         -23.90462
           7.85516
         -10.91700
           1.26180
         -13.96048
          -2.66844
          -9.53715
         -28.62358
           4.44110
          -4.89121
           2.11202
          -4.96014
          -4.36229
           9.28528
           1.89228
         -16.48187
          20.57148
          -0.25984
           0.20440
         -10.17689
          24.91865
         -15.34769
          -0.64923
         -15.32379
          14.42298
         -10.98783
          23.05897
         -16.58392
          -4.16983
           1.02880
          11.17031
         -10.28229
         -18.06022
          -3.03687
           5.48707
         -10.11574
           4.58370
          -0.56452
          -0.79460
          13.40063
           1.63167
           1.22154
          -6.55174
          13.18855
         -18.73771
          -4.25046
           5.00704
         -12.92509
           2.72698
         -15.77155
          16.66218
         -10.64902
          11.69873
          -1.63879
           9.18008
           3.53923
         -10.05939
           5.70948
          -4.72145
          -0.28607
          -3.77709
          -5.53787
           0.52707
           6.13725
          -8.25218
          -5.51615
         -11.00615
           8.08474
          26.65242
          -8.45549
          20.29127
         -10.18669
           0.24125
           4.26728
          -5.32349
           8.76859
           1.05650
          16.83308
          16.89579
           7.91883
           7.97441
         -17.21954
         -15.41585
           7.26290
          -0.92464
          19.40297
          14.70869
          17.73590
         -16.46323
           7.65930
           4.50008
         -28.40378
           3.89422
           3.44486
           2.48746
           3.60879
           2.22027
           1.20291
          -1.82023
          -5.37370
          -3.60356
         -11.86795
           8.44366
           0.85389
           9.77584
          -7.80667
           0.38331
           5.67513
           6.44002
           6.49875
          17.17584
          -0.44798
          -4.08036
          -1.79151
               NaN
          -3.42148
           6.55552
          -7.03362
           0.40367
          -5.46783
          -2.60059
          -0.34501
         -12.74329
          17.66633
           6.39958
          -3.89198
          -2.82993
          12.25225
         -19.84851
           9.00157
           5.71618
           3.37513
          -5.67782
          10.83994
         -14.03445
           1.14770
           3.31223
          15.22438
          -6.62836
          19.90243
         -17.39703
          23.21571
          -8.90425
           0.45374
          -1.65711
         -13.38172
           3.05068
          -7.12938
          27.17389
          -5.56624
          24.76316
           2.00668
          -4.78404
          -6.81028
          10.24826
          14.55166
          25.38892
          -3.81455
          -0.01967
          -3.51135
           4.81171
           8.75648
         -27.34421
          -6.71729
         -13.94356
          -6.24966
         -11.18095
         -10.19629
          20.40500
          -1.66838
          15.11252
          -2.31290
           1.23264
          -8.58160
          -1.83343
         -13.91773
          20.64502
         -18.78477
         -11.44147
         -22.70399
         -17.41420
          18.28872
         -22.00059
         -10.71560
           0.09123
         -13.27368
          24.71286
           4.10732
           0.43076
          -4.77021
         -16.02027
         -10.63064
         -16.09991
          -7.00426
          10.76634
           3.02830
           4.54774
          -2.79114
          -1.70559
          -1.63840
           2.27662
           0.76588
         -24.96467
          -1.83362
          -4.91946
          10.33809
         -17.47920
           5.73720
          -8.32739
           2.03914
          22.81188
          -9.96243
          -6.94047
           6.48378
           1.66505
           8.65141
          -0.99581
           0.96894
          -3.98431
         -29.34414
          11.80997
           6.55809
           3.87185
          -5.63112
          -6.53525
          -9.66785
          14.61438
          -7.41751
           7.60452
           6.94811
          -5.88990
          -8.82836
           1.84591
         -24.35035
          -5.38105
          -9.26972
           6.11058
         -14.89103
          23.22777
           3.10134
          17.01885
           0.49240
           7.43190
          -2.30675
           0.30459
         -11.95666
          13.14685
           2.34023
           9.65301
           9.93734
          14.57087
         -11.86846
          -8.39525
          15.54050
          -4.89556
         -11.61803
          -1.48917
         -12.70168
          25.84982
          -0.70955
          -9.29460
          -0.87879
         -19.09748
         -18.97799
           3.29431
           2.72272
          23.14500
          10.60637
          16.05983
           9.83522
           0.51074
          11.79853
         -12.19987
          -3.81143
          -1.72222
           4.94546
           9.96720
           4.17370
          13.68114
           2.80923
           7.65355
           7.63857
          11.79525
           8.55402
          -6.99126
          16.75604
         -12.57655
          12.08167
           3.03227
          -0.30866
          -7.66839
          -4.68564
         -14.58122
           9.19938
         -23.50708
         -14.64882
          -2.67544
         -15.94565
           2.87417
          -0.08193
           2.27702
          -1.38541
          18.72029
          13.78691
          10.47501
           5.63026
          16.56971
          21.29397
          19.90123
           0.03373
         -13.73947
           5.98470
          11.18726
           4.85686
         -19.33936
          11.33552
          -6.43449
          19.65043
           6.34187
          11.27599
           9.41745
          15.58962
          -6.50639
           6.28616
          12.44135
          -2.44683
          -1.84663
         -18.32777
          -6.23367
          -7.59048
           6.92253
         -28.43522
          11.17653
          11.08994
          23.81601
          -1.64930
          -4.05214
          -6.23507
          21.66398
          -4.86367
           5.40526
          -4.72639
          20.26654
           8.30451
           5.41585
         -14.12197
           4.34160
           7.35517
         -23.12568
           3.07535
          -9.02125
          17.59831
         -19.83192
         -12.07398
         -10.57011
          21.72102
          20.04841
           1.31052
          -6.64458
         -19.78144
         -17.24817
         -16.97719
          -6.34976
           3.47529
           8.71682
         -17.54844
          -1.18145
          -6.41703
          -1.47479
          -8.57753
          -0.19420
          -1.07448
          14.28288
          10.48846
           2.35364
           7.19219
          -8.02988
           4.53881
          16.93687
         -13.71626
          -7.25629
          -9.11136
          -0.13152
           1.07844
          16.34062
           2.13561
          -3.59422
         -18.59647
          14.15229
          22.43086
          15.69780
           2.15629
          -1.21846
          19.29291
          -9.24464
          -6.64669
         -13.56578
         -15.97703
          -0.16095
          -5.21213
         -20.12425
           6.32114
           3.48833
         -12.85667
          -8.64665
          -4.97503
          -3.66456
         -12.66280
          -8.49497
         -13.16208
         -17.73442
          -3.52736
          30.38535
          21.22620
          -4.26467
          12.58423
          -5.52767
          12.71560
          -1.42014
          -2.21693
          17.01043
          -9.03147
           2.64881
           0.30295
           1.79842
          -2.46697
           7.29068
           4.82340
          -7.08749
         -10.10741
           5.19949
          -8.60984
           8.97643
           8.50242
         -11.63695
           9.10819
          -3.77603
           5.56427
         -10.94201
           8.02452
           5.35769
          -1.97679
          11.35183
           6.60167
           9.38161
           4.16894
         -10.06145
          -5.50130
         -21.54093
          -4.91678
         -17.21742
           1.14520
          11.49064
          -0.78321
          12.71262
          12.61224
          -7.75148
           2.55403
           1.80880
          18.75409
         -16.74725
           0.74761
           7.50981
           4.15695
           2.17365
         -17.91753
          -5.33612
          11.13665
           2.21227
         -12.98154
          -7.22915
           1.72211
          -8.30180
           4.92566
          -8.82829
          -8.46842
          12.52419
          -1.01483
          19.27023
           5.05665
         -18.90120
          -1.81290
          22.31076
          23.92545
          19.04113
           0.81069
           9.59362
          -0.83270
          10.05886
          -0.29863
           1.08981
           3.88918
         -15.12957
           5.90929
           0.77112
         -12.08151
          -0.71161
           7.91866
           9.19842
           8.70926
           8.37694
           8.16162
         -10.59732
           7.66674
          17.00097
           2.34737
          -2.73995
          14.85784
         -10.79110
          -0.69340
           8.34972
         -14.60900
         -15.39659
          -0.26202
          17.16284
          -3.34770
           8.24739
          -8.32597
         -30.46706
          -1.20631
          23.08855
           1.81672
         -15.18794
          -8.94902
         -18.09009
          -5.76609
          13.28067
           2.67687
         -13.10580
          -9.47054
          -1.66790
          18.02079
         -21.75883
          13.14877
           2.05112
          20.28968
          -6.75041
          12.65704
          -1.87432
         -14.27347
          -3.96845
           1.71615
           3.39404
          -9.73749
           8.86515
           0.82771
           5.55192
         -11.44076
          -0.87699
           7.37038
          -7.36752
          -2.16778
          -3.25632
          11.02025
         -24.69130
          18.18705
          -1.90774
         -20.10778
          -9.87870
          -4.13322
           0.31853
          16.44555
           9.47930
         -14.13412
           8.97882
           5.66785
          -9.38331
         -10.52649
          10.31380
          11.73486
           3.09474
          -2.38024
          11.73351
           6.41593
          -7.20562
          -3.78620
          -4.19822
          -9.56636
          -3.22624
           1.77290
          19.86142
           5.78169
          14.10297
          10.48122
          -0.51440
          -9.65491
           2.84163
          15.33552
         -11.38206
          12.93514
         -15.32008
          -6.48736
          29.21995
          10.67041
          -2.97715
          -9.90262
           8.18584
         -18.15788
           5.51160
         -10.94165
          -8.05599
         -10.08196
          -8.56892
          -7.15005
           1.63408
          13.08824
         -12.64441
          11.42313
          -4.86668
         -16.91537
           5.39478
           2.77829
           9.24338
          20.79108
         -21.93244
          -3.70893
           1.47530
          22.14140
           3.79650
          17.32820
         -28.99044
         -10.10849
          22.35938
          -4.51877
          -2.13380
           5.06588
         -16.56829
           8.33241
         -17.01253
          -8.14562
          16.67354
          -9.04020
          12.16178
           7.60646
           7.19989
          -8.03919
           1.30157
           5.24476
           9.50195
           4.83269
          17.44148
          -5.95182
          -4.80252
          12.13671
           0.18660
         -13.17189
           0.90128
           3.23945
         -15.36807
         -11.38637
         -11.83963
           7.88493
          16.10797
          11.59689
          -6.74693
          21.14042
          20.12193
          -4.49589
          20.60245
          -9.94496
           5.01044
          -5.84624
          -0.95493
           6.30861
          10.32217
         -14.01177
         -21.79977
           7.90750
          16.39568
         -11.99064
          -6.16915
         -15.26840
           1.19066
          -3.66835
          17.31115
          22.92409
         -14.21011
           4.91656
          -6.36903
          17.79377
          -4.06823
         -17.04283
          -4.10943
         -20.63058
           5.44311
           8.36711
         -23.58193
           6.65356
           6.84437
           8.20410
          -6.53890
         -12.21450
           3.24306
           3.52505
           5.53312
          10.61941
          13.47341
           8.99855
          14.77697
           3.09947
          16.64687
          18.86053
         -17.18838
           0.85856
           7.47983
          12.12586
         -10.88269
           4.10993
          -5.39582
          -4.44709
           7.52064
          15.23245
           0.63045
          -2.92111
           4.38153
          19.81028
           1.13920
          11.03498
         -17.41928
           4.05742
          -2.32849
         -17.69943
           1.93681
          -8.40471
           9.56246
           2.59498
          -2.69564
           1.27649
          10.56537
           6.07355
         -27.75840
         -22.17190
         -17.93101
          11.49070
          -7.16805
           2.26063
          -3.20555
         -11.38395
           1.70418
           2.29054
          -3.23940
           8.64474
           2.76278
          -5.13542
          14.32515
           7.67172
          -4.47468
         -14.53646
          10.79981
         -25.23321
           6.57627
          -4.15631
          -1.07205
          15.36362
          -8.61657
         -25.53718
           0.82403
           9.27775
          -3.91163
         -23.33514
          22.42639
           3.05755
          15.59135
           7.57528
          -0.78493
          26.10109
          -0.88983
           7.63207
          -8.64545
         -15.05520
          12.42934
          -4.75514
          -2.84858
           0.56189
           9.61202
          -3.57564
           0.30593
           1.08877
          29.39329
          15.00854
          26.45377
          -9.47231
          -3.77437
           8.38031
           8.08037
           2.69803
          14.99347
           9.14810
          20.68889
          -4.46368
           1.42229
           7.57130
           8.30326
           1.93327
          19.15523
          13.55348
           3.99365
         -12.74598
          -7.78511
          -5.70648
          15.14691
          17.02399
           7.07901
          -0.98314
          -0.18662
          19.89874
         -16.67689
          10.19572
           8.49641
           5.49996
         -12.42367
          14.07818
          18.47478
           1.69586
          23.61585
          -0.11031
          10.60638
         -16.20069
           9.58751
           1.91940
          -6.32241
          12.77979
           1.62335
           6.70697
           6.83776
          -0.45318
          -8.84112
          -1.36098
         -14.30254
          30.35499
          17.53149
          -3.34762
          26.05673
          -4.34322
           1.56622
          -3.85423
           5.44981
         -17.55284
         -13.30434
           9.91808
          -7.27954
          19.41711
           9.72464
          -1.87939
          -4.42924
          15.37506
          -7.06088
           9.09477
          12.69873
          -7.98515
          -4.63913
          12.51271
          -9.82869
           5.76662
         -14.45779
         -11.10033
          -7.58519
           1.45272
           0.45442
           1.03207
           7.48487
         -15.40971
          -6.15068
           2.89578
          18.79887
         -17.19057
          10.04373
           9.27702
          12.46455
           1.40722
         -10.93286
         -17.61317
           5.56844
          -4.62940
          17.80653
          13.69434
          10.52644
          -0.86162
           4.21240
           5.89196
          -0.57178
         -19.91627
         -11.64647
           7.11620
          -1.50151
          -3.98514
          -1.10518
           6.66746
               NaN
           3.51313
         -10.57004
          -1.92712
          24.39576
         -10.73850
          -2.61897
           7.00105
          28.33439
         -18.13158
          10.06182
          -1.49077
         -10.84583
          12.80116
          19.08449
          14.31890
         -19.40063
          10.64398
          -1.25886
          10.45454
         -11.98569
           7.65665
         -10.50118
          -5.43656
          -6.02389
           6.55170
          19.16381
          -3.35073
         -20.67477
          10.22655
           2.72787
           6.53992
          -6.00538
           4.14469
         -14.62350
           0.17223
           1.64504
         -12.49378
          -4.56646
           8.09129
           4.20149
          -9.61567
          -7.00539
           6.70546
           0.21302
          27.11530
         -19.00327
           2.57419
          -1.14655
          -0.14865
           0.07860
           0.14705
           0.17682
           2.60730
          -0.23030
           2.38780
          -0.76137
           0.06749
          -0.46838
          -0.63525
           1.37917
          -0.85897
           2.27379
          -1.35739
           0.80872
          -0.67523
          -0.57029
          -0.76728
           0.96047
          -0.42735
          -1.24708
          -0.40172
           0.80712
           0.97183
          -0.99133
          -0.56639
           0.17351
           1.08507
          -1.67393
          -2.08216
           0.31088
          -0.24520
          -1.85744
          -0.76552
          -0.56567
           0.38698
           1.15916
           0.74864
          -0.69857
          -3.15383
           0.29431
          -0.53775
          -3.22588
           0.58397
          -0.86216
          -0.11901
           0.29320
          -0.78901
           0.66858
          -0.62824
          -0.14584
           0.59664
           0.53436
           0.65940
           1.53751
          -0.47059
          -0.06523
           1.94420
          -0.98568
           0.20625
          -2.19571
           1.55608
          -0.46765
          -1.12407
          -1.72707
          -1.02227
          -1.61710
          -1.37278
          -0.81884
          -0.21220
           0.33372
          -1.54093
          -0.36245
           0.37997
          -1.75208
          -1.59490
           1.23840
          -0.28788
           0.41147
           0.04549
               NaN
          -2.60503
           0.24013
          -0.68973
          -1.11136
          -2.50953
           0.37844
          -1.24842
          -0.26356
          -1.43790
           0.68508
               NaN
          -1.31204
          -0.97103
           1.99581
           0.25557
          -0.78094
           1.07845
          -2.72372
          -1.00119
           0.26323
           1.36291
          -1.70218
           0.02444
          -1.92097
          -0.99026
          -0.13863
           0.96325
           0.94391
           0.71884
           0.14796
          -0.38469
           0.07359
           1.02188
           0.73645
           0.28354
           0.60867
          -1.65799
           0.01954
          -0.24506
          -1.15980
           0.02627
          -3.03465
          -0.46933
           1.14982
           0.15857
           0.18237
          -0.40150
          -0.33252
          -0.83097
          -0.30396
           0.52855
           0.73984
          -0.55965
          -1.32346
          -0.65455
          -0.42279
           0.69620
          -1.30621
           2.23801
           1.07891
          -0.32157
           1.58490
          -2.01862
          -1.77696
           1.33518
          -0.86751
           1.72177
           0.77545
          -1.27253
           0.32160
          -0.04719
           0.11788
           0.86360
          -3.18148
           0.59255
           2.28974
          -1.64229
          -0.13456
          -0.07375
          -1.31201
          -1.16620
           1.62987
           0.13412
          -1.87682
          -0.66754
           1.10815
          -0.72105
          -1.83772
           2.03088
          -0.92303
           0.49001
          -1.98592
          -2.15611
           0.97606
          -0.24014
           2.76928
          -0.46334
          -0.35775
           2.67404
          -0.10943
          -1.43356
          -0.19553
          -2.01292
           0.42923
          -0.71201
           0.52964
          -0.62335
          -1.90546
           0.16231
          -0.70382
          -0.21727
          -0.33022
          -0.84372
           0.26562
           1.61580
           0.09649
          -0.22045
          -0.64533
           2.12280
          -0.19370
          -0.88403
          -0.62053
          -1.04990
           0.77415
           0.17431
          -0.52126
           1.08276
           0.13094
          -1.04282
           1.63719
          -0.74398
           0.56482
           0.10715
           0.91840
           0.40840
           1.34180
           1.81671
           1.85107
          -1.52895
          -1.59155
          -0.68192
           0.85634
           1.03508
           0.24758
          -0.12298
           0.10194
          -1.49262
          -0.45169
           0.85967
          -1.28860
          -0.43076
          -2.92815
          -0.38055
           1.20398
          -1.85359
           0.24508
          -1.90229
          -0.63334
           0.78413
          -0.17069
          -2.09035
          -0.75658
          -0.32507
          -0.59972
          -1.40267
          -0.17415
          -2.00655
           0.69822
           0.00745
           1.68479
          -0.25894
          -2.13069
           0.27897
          -0.58739
          -0.51782
           1.50486
          -0.99310
          -1.57413
          -0.07995
           1.05859
           1.02837
          -1.59942
           0.05013
          -1.23166
          -0.26100
           1.13149
           0.32624
           0.01387
          -0.34617
          -1.43403
          -0.22046
           1.99843
           0.50717
          -1.60487
          -1.67925
          -1.38440
          -0.88511
          -1.18803
          -2.12948
           1.33139
          -1.57181
           1.46414
          -0.04316
           1.10831
          -1.31210
           0.91256
          -0.19326
          -0.50716
           0.30018
           1.51318
           0.83131
           1.56223
          -0.65870
          -0.44366
               NaN
          -2.04291
          -1.36812
          -2.15012
          -0.84692
          -0.81780
           0.92129
           0.85864
          -0.31764
          -0.49257
          -0.21153
          -2.15445
          -0.18154
           0.28467
          -0.32207
           0.81113
           0.87058
          -1.69849
          -1.71548
           1.62908
          -1.79430
           0.29965
          -0.44357
          -1.71898
          -0.73213
           2.35982
               NaN
          -0.73866
           0.73283
           0.25929
          -0.86766
          -0.06864
          -1.17638
          -0.86739
           0.68431
           2.31383
          -0.64257
          -1.85217
          -0.00041
          -0.55553
          -0.40310
          -0.53078
           1.81296
           0.36353
           0.25137
          -2.88986
           0.49518
          -0.68196
          -2.23498
          -0.86590
          -0.83653
          -0.51528
           0.54192
          -2.12400
           1.18263
           0.16828
          -1.77568
          -1.47979
          -2.17274
           0.74486
           0.71787
           1.29213
          -1.35306
          -0.66780
          -1.06021
          -0.53693
          -0.16315
          -0.27496
          -0.41519
           1.03115
           1.29506
          -0.13347
           1.02808
           0.02671
           2.34846
          -0.25501
           0.61783
          -0.01612
           1.37001
           0.55240
          -0.90270
          -1.99465
           0.43881
          -1.02763
           1.47503
          -1.18258
          -0.27670
          -0.53165
           2.48560
           0.30538
           0.87228
          -0.58544
           0.49055
           0.62608
          -0.57666
          -0.60384
           0.88446
          -1.20046
           0.32595
           0.46483
          -1.50887
           1.15142
          -1.55015
          -0.95909
          -0.52015
           0.25474
          -0.73267
           0.61927
          -1.36123
           0.42444
           0.60952
           0.17548
           0.16538
          -1.09667
           0.83151
           0.54687
           1.98699
          -0.73797
           1.77932
           0.19768
           0.15006
          -0.15939
           0.08433
          -1.15958
          -0.19454
           0.74990
          -1.10530
           0.89821
          -0.88978
          -1.26208
          -0.62226
          -0.88008
           2.19538
           0.43622
           0.69360
          -1.78827
          -1.54603
           1.20289
          -1.21838
          -0.04896
          -0.70743
           1.23445
           0.30746
               NaN
           0.57182
           1.32974
           0.53964
          -0.10017
           0.31114
          -0.97728
           0.85285
          -2.10834
           1.06001
          -1.15347
          -0.34283
          -1.62697
          -1.69818
           1.26828
           1.14317
           0.50013
           1.89225
          -0.98133
           1.46599
           0.68998
          -1.03431
          -0.72839
          -0.18833
           1.12065
           0.86718
           0.91774
          -0.94067
           0.77824
           1.22295
           0.20744
           0.02957
          -0.48975
          -1.73494
           0.24300
           1.39767
           2.55941
          -0.71887
          -0.42781
          -0.25160
           1.10249
          -1.60082
          -0.40697
           1.45138
           1.42504
          -0.17491
          -0.01823
          -0.30895
           0.61733
          -0.18669
          -2.19855
          -0.03628
           1.42812
          -1.30767
          -0.86732
           0.05098
          -1.24199
          -1.14017
          -0.22550
          -1.78588
          -0.94078
           0.27530
          -1.52206
           2.27775
          -0.00754
           1.64228
           0.54852
          -2.17583
          -0.59073
           0.42170
               NaN
           0.52018
           0.08092
          -1.73375
          -0.40849
          -0.88916
           0.99950
          -0.23524
          -1.39872
           0.40715
           1.53918
           0.12216
          -0.86617
           0.61573
          -0.47890
          -0.83134
           1.52311
          -0.94922
           0.62592
           1.54579
           0.97857
          -0.49493
          -0.27818
           1.51278
           0.13209
           0.26882
           1.10342
           1.98832
           2.57195
           1.72010
           0.21264
          -0.90153
           1.26232
               NaN
          -1.61542
          -0.64073
          -0.62377
           0.32673
           1.87560
           1.90388
           0.27503
           0.61204
          -0.29176
          -0.47446
           2.67428
          -1.40822
           0.63225
          -1.17074
          -0.21986
           1.42261
          -1.57226
           0.43384
           0.89179
          -0.26725
          -2.55440
           2.46472
          -0.88086
           2.32221
          -1.43766
          -1.14885
           1.03159
           0.44670
          -2.94253
           0.11115
           0.98693
          -0.68894
          -0.50590
          -0.41703
          -0.49627
           0.82896
           1.98458
           1.14751
           1.05120
           0.95003
           2.10710
           2.97340
           1.78040
          -0.19315
          -1.36003
           0.68511
           0.60263
          -0.58710
          -1.91020
          -2.21116
          -0.69500
          -0.20129
          -0.59231
          -1.11647
           0.20111
          -0.41111
           2.72909
           1.02541
          -1.24884
          -0.35729
          -2.40946
          -2.62967
          -1.96489
          -2.19725
          -0.25362
           0.00998
           0.77174
           0.15211
          -0.75510
           0.15394
           2.05665
           0.38485
          -0.49425
           0.94427
           1.82668
           0.51927
           0.33378
          -2.53805
          -1.13789
          -0.31073
          -0.00570
          -0.18406
          -0.32006
          -2.13665
          -0.35519
           0.33048
           0.65968
          -0.18572
          -0.44232
          -2.20424
           0.29881
          -1.38991
          -1.41127
           0.10948
           1.29738
          -0.42703
          -0.69958
          -1.70901
           0.22528
          -0.52811
           1.93587
          -0.14437
           0.96050
           1.01815
           0.38409
          -0.65278
          -0.84558
           0.99594
          -0.68876
           1.34225
          -0.33450
          -1.68114
           0.03939
           2.28302
           0.04191
          -0.97782
          -0.76987
          -1.40497
           1.29518
          -1.73389
           2.05567
          -2.67169
          -2.55699
           1.84594
           2.07129
           1.30145
          -0.12792
          -1.92359
               NaN
          -0.49589
           1.78517
           0.20287
          -0.09818
           1.16062
          -0.87515
          -1.21399
          -2.06509
           0.51351
           1.73523
          -0.91963
          -1.44374
          -0.70553
          -0.18039
          -2.01698
          -0.32460
          -0.84363
          -0.36870
          -2.09013
           0.88849
          -0.06339
           0.71408
          -0.68640
           2.50973
          -1.11261
           0.66875
           1.05230
               NaN
          -0.61702
          -1.99779
           0.03836
          -0.20724
          -2.09989
          -0.87351
          -0.43252
               NaN
          -1.32392
          -1.85718
           0.86395
          -2.03102
           0.38492
           1.13855
          -0.65468
          -1.63315
           0.11619
           0.11635
           0.37327
          -0.50533
           2.04046
           1.50220
          -0.75384
           1.11165
           0.10370
           1.04179
           1.55683
           1.08160
          -1.87396
           0.50806
          -2.45592
          -0.31021
           0.25779
           0.39990
          -1.01764
           1.59272
           0.22342
           0.49026
           2.45588
          -0.20076
          -0.59166
          -0.60478
           0.26911
          -1.47130
           1.42785
           0.98955
           0.06746
          -0.00616
          -1.03314
           0.28963
           1.09759
           0.28710
           1.99858
           0.34496
           0.77199
           0.96033
          -0.51753
          -0.24208
           0.18926
          -0.23020
          -0.19881
           1.25922
          -2.57305
           1.72866
           0.03668
           0.03328
          -0.93887
          -1.50091
           0.10109
           0.04049
          -2.23293
           1.94764
          -0.45343
           0.63806
           0.75528
           0.57759
           0.23585
           1.04745
           1.45806
          -0.08549
           2.18804
          -0.20233
          -0.64487
          -0.68421
           0.96234
          -0.26899
           0.79620
          -0.48560
          -0.60710
          -0.12557
          -0.72959
          -0.24335
           2.50435
          -0.10824
           0.18000
          -0.03919
           1.38346
          -0.61296
           0.71716
          -0.52747
           0.38433
          -0.36339
          -1.92097
          -0.58525
           0.55469
          -1.09228
           0.59077
           0.11410
           0.46156
           1.09620
           0.73417
          -2.92494
          -0.01223
          -2.23062
           0.50683
          -0.88471
           0.46918
          -0.08791
          -1.03988
          -0.92831
           0.38830
          -0.37783
           1.55061
          -0.60887
          -0.49113
          -2.39229
          -0.32463
          -0.62315
          -0.52482
           1.43803
           1.70815
           0.53278
          -0.41248
          -1.60871
          -0.24794
          -1.81097
           0.20976
           3.01804
          -0.70988
           1.06038
          -2.20557
           0.02478
          -0.69247
           2.40992
          -1.34495
           0.06797
           1.04453
           0.40036
          -1.58797
          -0.69039
          -1.07898
           1.25069
           1.92473
          -1.11127
           1.15405
           2.60629
           0.47156
          -0.39097
          -0.04239
          -0.99551
          -0.61473
           0.98599
          -0.99334
           2.43829
          -0.36529
           1.27070
           0.64786
          -0.46767
           2.91815
           0.85440
          -0.36614
          -2.13316
          -2.88422
          -0.67449
           1.28183
          -0.63546
           1.18573
          -0.57175
          -0.55107
           2.07033
          -0.90288
          -1.55007
           1.12620
           0.29043
          -0.44815
           0.54715
          -0.06960
           0.32697
          -0.72089
          -0.80344
          -1.05083
          -1.08401
           0.56723
          -0.42216
           2.54188
          -0.70190
          -0.65425
          -0.34147
          -1.34165
           1.12724
           1.31905
           0.40973
           1.26410
          -0.95192
           0.17662
          -0.36067
          -0.76406
          -0.44898
           0.74683
          -2.04829
          -0.45646
           1.99112
           0.24227
           0.30814
          -0.64845
           0.46178
          -1.74233
          -2.52335
          -0.53902
          -0.29324
           1.87227
          -0.41253
          -1.64648
          -0.65943
          -1.18503
          -0.80352
          -0.10156
           1.86518
          -0.28446
           0.12832
           0.20503
           0.69791
          -0.85838
           0.25608
          -0.52589
          -0.35520
          -1.02583
           0.84550
          -0.23425
           1.68106
          -1.43363
           0.34589
           1.99663
          -0.61237
          -1.62701
           1.68573
          -1.00781
          -0.11542
           0.51258
          -0.28600
           0.77680
           0.03024
           0.83522
           0.51363
          -2.16230
           1.56709
          -1.73083
          -0.13387
          -0.50702
           0.91128
           0.25762
           0.04611
           0.13796
           0.21760
           1.71384
          -1.53393
           2.20565
           1.85218
           0.27307
          -1.63461
          -0.39709
          -0.46650
           1.66039
          -1.32939
           0.89205
          -1.94426
           0.68485
           2.73857
          -0.86143
          -2.23656
           1.73105
           0.61723
          -1.09623
          -0.43521
           1.50214
           0.87354
           0.30513
          -0.51929
          -0.27520
           0.28861
          -2.02903
           0.53561
          -3.11972
          -0.91954
          -2.34914
          -0.31479
          -0.22283
           1.26493
           1.60085
          -1.24412
          -0.18721
          -0.33210
           1.89670
          -0.20307
          -0.01839
          -1.45553
           1.37687
          -0.14232
           1.87395
          -2.01797
          -0.82914
           1.56636
          -2.94435
           1.08669
          -0.95723
          -1.64566
          -0.77242
          -0.89125
          -1.65311
          -1.20045
           0.69466
          -2.36466
           1.24677
           1.88873
           0.92958
           0.43190
           0.38824
           0.50689
           0.43206
          -1.20611
           0.69332
           0.83919
           1.62418
               NaN
          -0.69045
          -0.03148
               NaN
           1.69237
          -0.89553
          -1.40310
          -2.96946
          -0.17314
           0.20202
          -2.73387
           2.74327
           0.44044
          -1.17318
           1.52265
          -3.45281
          -0.97047
           0.13185
          -1.41941
           0.26235
           1.49274
           0.55907
           2.50554
          -0.32307
          -3.52312
          -0.64061
          -0.90233
           0.26496
          -0.18952
           1.40562
           2.55846
          -1.31089
          -0.22133
          -1.41022
           1.09644
          -1.40907
           0.06153
           3.79331
          -0.63384
          -1.20549
          -0.70646
           1.21309
          -1.44087
          -1.06006
           1.76799
           1.65127
          -1.84988
           0.31651
          -3.22649
          -1.77663
          -2.97511
           0.87959
          -1.16825
          -0.84852
          -1.37343
          -0.16927
          -2.84229
           0.05839
           1.06002
           3.71363
          -2.91663
           0.30426
           4.34129
           0.59058
          -1.36499
           2.23950
          -3.19421
          -0.92655
           0.35265
           0.33176
          -1.38158
           0.30954
          -1.15006
          -2.93593
           2.14278
           1.53188
           0.52300
           3.01064
           0.97211
           2.05801
          -1.94336
           2.20130
          -0.49002
           0.83918
          -0.30593
          -1.23470
           1.25321
          -1.24528
          -0.73709
           0.08178
          -1.99304
           0.29447
           0.84418
          -0.98325
           1.60061
          -0.18776
           0.58679
          -1.48858
          -3.70990
           1.36505
          -0.93663
           0.89010
          -1.07626
          -0.28996
          -0.22357
          -0.37650
          -1.74320
           0.35083
          -0.54938
          -0.50164
           0.35066
          -0.04800
          -0.09356
           0.31592
          -0.44442
          -0.28860
          -1.28602
          -3.51525
           2.57833
          -1.28497
          -0.46254
           3.98690
          -3.61607
           0.22946
           1.76582
          -1.94359
          -0.16499
           0.64459
          -0.44637
          -0.45419
           2.08633
           1.36100
          -2.48396
           0.09450
          -0.04609
           0.66251
          -1.77205
           1.23105
          -2.00594
          -0.33849
          -4.45626
          -2.00340
           1.82365
          -0.04807
          -0.83916
          -0.18311
          -0.92872
           3.56096
          -0.22907
          -0.66223
           1.27192
          -2.24983
           1.60154
          -3.07702
           0.00162
          -0.37633
          -1.62889
          -1.04315
           1.64789
          -0.97486
          -1.35232
          -1.01333
           0.50150
           0.21905
           2.31066
          -0.62067
          -1.52232
           0.69976
           0.60870
          -3.55262
           1.10463
          -4.09489
           2.68699
           0.06135
          -0.02339
           3.92586
          -0.59967
           0.40555
          -1.82726
          -0.19445
          -2.13983
           0.15092
           1.47575
           1.79434
           0.22739
          -0.29661
          -1.17593
           0.39832
          -0.09719
          -0.04621
          -0.15423
          -0.22288
           3.38088
           0.65722
           1.55445
           0.03691
           0.63761
           4.09582
          -3.36720
          -0.70942
               NaN
           0.10661
           0.67358
          -0.58517
           0.54815
           0.07656
          -3.37367
           3.78300
           0.66424
           1.11032
           1.87510
          -2.04903
           1.86087
          -0.28671
          -0.15853
          -0.31097
          -2.53980
          -0.69082
           1.07424
           0.35484
           0.43551
           3.18863
           1.83623
           0.39305
          -0.18256
          -0.93970
          -1.80664
           0.19262
           0.96307
           0.99607
          -1.21750
           0.73157
           1.77100
          -0.14399
           3.25887
          -1.10761
           1.94704
          -0.87125
          -0.27672
          -0.86736
          -0.25944
           1.83898
          -0.81783
          -1.79767
          -1.89207
          -1.42236
          -1.22414
          -2.18083
           2.20698
           1.81006
           0.22464
          -0.61735
           0.54780
          -0.10674
           1.53081
           0.89923
          -2.51592
           1.40279
           0.67387
          -0.19581
           1.88515
           0.47039
          -0.59148
          -0.53621
          -1.62065
          -0.56203
          -2.40777
           0.89571
          -3.40895
           1.31201
          -1.19904
           0.18899
          -1.42561
          -0.09256
          -2.22979
           0.99934
          -1.30633
           0.29896
          -0.02016
          -0.17173
          -3.32132
          -0.12309
           4.00372
          -3.53446
           1.21203
           2.12694
          -1.47895
           0.63283
          -1.09557
          -3.49348
           0.56727
           1.37104
           2.86388
           1.25200
          -0.54168
          -1.51841
          -3.66445
          -0.13056
           0.77806
          -1.58727
          -2.22844
          -0.65170
           0.63490
           0.79562
          -0.38161
           1.26670
          -0.72588
          -0.33682
          -4.08567
           0.34216
          -1.65123
          -3.55682
          -1.22578
          -2.23614
           1.01657
          -1.77015
          -0.21287
          -0.34528
          -0.36995
          -1.23532
          -0.96390
          -1.77238
           2.07234
          -0.50689
               NaN
           1.40288
          -0.36229
           1.17439
          -0.79882
           1.26130
          -0.49812
          -0.01609
          -1.45848
          -0.21674
          -1.38210
           0.03718
          -1.68405
          -0.28849
          -2.56469
           0.25690
           1.66871
           1.74457
          -1.10282
          -1.68252
           0.45227
          -1.25966
           0.27766
          -0.94086
          -1.83865
          -2.05005
          -1.73857
           0.53314
           1.28800
           0.37570
          -2.00232
           1.77015
           0.98740
           1.16928
           0.81189
           1.80664
          -2.05247
           3.92394
          -1.01442
          -2.97630
          -2.13050
          -1.18182
          -0.93312
           0.06053
          -2.56287
           0.22897
           0.22879
          -0.13707
          -1.50933
          -0.53330
          -0.19729
           1.52155
          -1.17900
           1.24776
           4.40250
           2.65487
           0.92192
          -0.34452
           3.60281
           1.54420
           1.95735
          -2.86711
          -2.74840
          -0.21418
           1.55027
           1.23621
           2.85729
           0.97578
          -0.63270
          -0.91611
          -1.98994
           4.52319
           0.58804
           1.42826
          -1.19583
           0.56538
           1.19498
          -1.14279
          -1.59655
          -2.27409
           2.23086
          -0.27072
          -2.70648
          -0.21702
          -1.11528
           2.73642
           1.11168
           2.14311
          -0.41690
           0.62179
          -3.63277
           0.72223
           0.06611
           1.81103
          -3.60136
          -4.55079
          -0.37214
           1.32046
           0.91515
          -0.51686
           0.64685
           1.87549
           2.50906
           0.73345
          -0.28897
           0.97746
           3.49597
           0.19639
           0.96565
           0.76963
           1.67191
               NaN
           1.24443
           1.47284
           0.28688
          -0.60283
           2.15283
           1.68748
          -1.07682
          -3.53272
           0.79385
          -1.05233
           2.08910
          -2.93497
          -0.18659
           2.17307
          -1.00680
           1.01335
          -0.07567
           1.25909
           1.38385
           0.00272
          -2.73397
           0.07936
           3.18865
           0.97979
          -0.80588
           1.27454
          -2.49653
          -1.92069
           1.33893
          -2.99944
          -0.57829
          -0.72419
          -0.15085
           2.01026
           0.10598
           1.62423
          -0.63352
          -2.78604
          -2.00248
           0.07259
          -1.81839
           0.92370
           3.77575
          -0.84973
           1.73505
          -0.51352
          -0.35044
          -0.30432
          -2.36601
          -0.85430
           3.00520
           0.02437
          -0.92841
          -2.13430
           1.30886
          -0.81700
           0.20548
          -1.57770
           0.20050
           3.49600
           1.82564
          -1.80883
          -0.92628
           2.85854
           1.08987
           0.06211
           2.23323
           1.50238
           4.06283
           3.16942
          -1.79391
           1.16180
          -1.02544
           2.37101
           0.25827
          -0.76738
          -3.59925
          -2.91434
          -0.62109
           1.78410
          -0.69515
           0.56517
          -1.74838
          -0.55870
           2.37699
          -1.53512
           2.57866
          -1.57616
           0.05851
           2.44966
          -1.78931
          -0.66340
          -0.19429
          -0.20666
          -3.62383
           1.37954
           0.48995
           1.43079
          -3.24212
          -1.36936
           1.51498
          -1.45371
          -1.58198
          -0.15496
          -0.55902
           0.92360
           1.44478
          -0.61321
          -2.55678
           1.55977
           0.68563
           2.57311
           4.45232
           1.26708
          -0.51722
           3.04767
           3.36900
           1.67501
           1.00539
           1.59572
          -1.18100
          -0.96209
           0.41172
          -0.98724
          -0.36108
          -2.23584
           2.15626
          -2.02658
           0.06314
          -3.17745
           3.06565
          -0.25688
          -1.28743
           1.90468
          -1.83069
          -2.77189
          -2.23348
          -0.63969
          -1.58462
          -0.30763
          -0.03764
           1.81597
          -0.68520
          -1.13410
           3.09034
           0.69280
           0.15411
          -0.54679
           4.50718
          -1.21322
           0.63008
          -0.47880
          -0.08836
           0.62605
           0.44098
          -1.94565
          -1.02660
          -0.16739
          -1.61983
          -0.02942
           1.71032
           1.12160
          -1.10494
          -3.88581
           1.03924
          -1.03687
          -2.96369
          -1.16570
           2.29184
           0.51913
           0.28181
          -0.43874
           0.89278
          -0.09725
          -0.39794
          -0.93123
          -1.32428
          -0.56485
           0.42427
           0.32403
          -1.57634
          -0.64896
           1.07955
           1.03633
           1.58700
          -0.31382
          -3.56619
           1.58320
           0.91494
           0.02766
          -1.87810
           0.73195
           0.81953
          -0.64318
           3.34847
          -1.72019
          -0.55339
           3.46844
           1.62190
           0.04607
           1.28096
          -3.33819
               NaN
           1.82128
           1.28827
          -0.03655
          -1.18280
          -1.58829
           1.59857
          -0.86620
          -2.26117
          -1.70212
           1.41169
          -2.83489
           1.81102
           1.92435
          -3.13414
          -1.65589
           0.29774
          -1.13526
           1.60953
          -3.21897
           3.42942
           1.69444
          -0.86205
           0.51135
           1.15015
          -2.18899
          -0.52110
           3.13602
               NaN
          -1.41033
          -3.36089
          -0.61254
          -1.80301
          -0.90134
          -0.53667
          -2.10176
           3.32269
           0.25569
          -1.83916
           0.42149
          -0.02099
           1.35730
           2.82989
          -1.33180
          -3.40921
          -1.38312
           0.71493
          -2.24214
          -2.96750
           2.49025
          -0.62986
           0.97434
           0.50679
           1.47755
           0.90748
           0.96096
           0.17091
          -0.22671
           3.62825
          -3.53103
          -2.60564
           2.22287
           1.11420
           1.30706
           1.72709
           1.40509
          -1.82574
          -0.09570
           1.88695
          -1.18168
           0.53082
          -2.29914
          -1.15688
           3.24824
           2.48834
           2.23853
           0.53678
          -0.60900
           2.97001
          -0.01823
          -0.07944
           1.79859
           2.32171
           2.03904
           0.80376
          -0.29549
          -1.22548
          -1.36298
          -2.22211
          -1.18991
          -0.70011
          -2.37121
          -0.68330
          -2.57876
           2.25397
          -0.66619
          -2.25335
          -0.57359
           1.06798
          -1.60745
           3.41795
           0.47288
          -0.67915
          -0.92528
           0.28317
           0.77000
           0.95415
          -1.49526
          -0.58085
           1.73257
           1.76860
          -0.90423
          -0.39040
           2.78578
           0.09931
           1.59137
          -0.10406
          -0.83340
           0.06385
          -0.95078
          -1.47040
           1.64022
           3.13959
           2.54597
           2.26942
           0.29602
           0.43407
           0.92613
          -0.19826
           2.35379
          -0.38352
          -1.37131
          -0.23270
          -0.70559
          -1.09854
           1.10355
          -1.23712
          -0.29123
           1.72316
           2.72104
          -4.35000
           2.96215
          -2.71808
           0.59627
           0.47753
          -1.50887
           1.35668
           2.06022
          -0.69743
          -0.45487
          -0.19980
               NaN
          -3.31689
          -0.64037
          -4.03577
          -1.52548
          -0.13255
          -3.88161
           2.13325
           2.20849
           1.09703
           2.42150
          -3.22781
           0.90917
          -0.98118
           0.04866
           1.62300
          -0.33589
           1.48421
          -1.83187
          -2.83283
          -2.91089
          -0.15109
          -0.28490
           0.41533
           0.42215
          -0.80318
          -1.76645
          -2.41701
          -2.00017
          -1.54572
           2.86480
          -0.63025
           0.50939
           1.48818
           0.43756
          -2.92120
          -1.03400
          -1.71482
           2.01918
           1.51274
           0.10842
           1.00263
          -2.95348
           0.59202
           0.53996
          -0.31668
           1.71792
           2.96901
          -1.27125
          -2.86948
          -3.48103
           0.79150
          -0.22135
          -3.14847
           0.68039
          -3.66016
          -0.26124
           0.47041
           0.86409
          -2.78638
           1.56763
           1.04742
          -1.22061
          -0.06008
          -0.37333
           0.15046
          -0.15861
           0.41390
          -1.08294
           0.72846
          -3.25129
          -2.80244
           3.20926
          -3.85520
           0.30853
          -0.68158
          -0.69093
           0.85141
           3.99164
           2.31678
           0.33067
           0.68638
          -2.04567
           0.12861
          -0.42136
           0.25178
          -0.52278
          -1.50193
          -1.22036
           0.57047
           2.62188
           0.48290
          -2.31659
           1.90085
          -1.39690
          -0.89426
           0.73446
           0.65364
           1.37653
          -0.34367
          -1.44952
          -0.91393
           0.85962
           0.63251
          -0.78475
          -0.03207
           1.71434
          -1.14172
          -1.04483
          -0.30298
          -1.03515
           2.18243
           1.40226
          -1.04111
          -0.13782
          -1.57322
          -1.23951
           0.51525
          -0.67569
           0.18817
           1.24736
          -0.33756
           0.60218
           3.89908
          -1.09212
          -0.04074
           1.90635
           0.39723
           0.13587
          -3.83426
           1.03483
           2.38022
          -2.21458
          -1.55836
          -0.37156
           0.11895
          -0.92677
          -2.52669
           2.86256
          -1.35741
           0.47742
           1.26513
           1.10685
          -3.49542
           0.81097
           3.92157
          -1.15616
          -1.33162
          -1.47719
           1.60224
           1.58139
           0.10920
           1.43479
          -0.79797
          -0.24372
           0.12364
          -0.21259
           0.14250
           0.50174
           0.17420
          -2.02872
           0.55057
           2.13871
           2.52102
           0.59266
           0.72624
           1.17114
           1.24984
          -2.47038
           0.01517
          -2.43398
           0.86438
          -3.04064
          -0.28294
          -3.65198
           3.20966
           0.99591
          -1.00089
          -0.09107
           0.69180
          -2.46522
           0.74401
           6.52753
           1.59899
           3.89714
          -1.68562
          -2.62962
           1.84521
          -0.34576
           1.09969
           2.25455
           4.04617
          -1.95485
           4.47318
          -0.53013
          -0.09108
           0.55529
           4.18679
          -2.10255
           0.42150
          -2.86296
          -0.80776
           1.03491
          -3.11627
          -1.99168
          -0.32425
           2.06003
          -2.37241
          -6.22603
          -0.47790
          -3.03623
           2.32903
          -0.87760
          -1.36324
          -6.71628
           0.36306
           3.20342
           0.35332
          -3.42909
           0.99222
          -1.64224
          -3.96047
          -2.63994
          -2.80697
           1.45491
          -1.54241
           3.18813
           3.11572
          -1.76308
           1.75564
           1.09575
          -0.89652
           0.80920
           0.09223
          -0.69085
           5.09751
           5.80340
          -1.11011
           0.11859
          -5.19101
           1.78072
          -4.98572
          -0.84514
          -3.97519
          -0.44306
          -5.66850
          -1.31860
          -2.13326
          -6.19255
           1.77832
          -2.04176
           0.15117
          -0.86390
          -2.21673
          -2.39343
           0.44770
          -3.18309
           3.78773
          -0.35916
          -4.52953
          -3.84185
           5.04059
          -3.03277
          -1.02642
          -4.98946
           2.99403
          -2.85964
           3.58657
          -3.67191
           0.12529
           4.93166
           1.08365
          -2.87509
          -1.50607
          -0.24462
           0.09106
          -0.65503
          -2.02125
          -1.11262
           0.12972
           2.90244
          -2.18083
          -0.40124
          -3.07197
           1.91469
          -3.54484
           0.11426
           1.57233
          -2.70288
          -1.08251
          -4.03172
           3.08496
          -0.73904
           2.56761
          -0.54603
           1.97420
          -2.28998
          -1.82237
           1.24830
          -1.79091
          -0.05661
          -4.58980
          -1.60971
           1.60615
           1.86334
          -1.93511
          -0.72063
          -1.70508
           0.15086
           4.78121
          -0.72036
           3.24286
          -2.72417
          -1.69253
          -1.19890
          -0.72023
           2.29778
          -0.65378
           5.05563
           3.51000
          -0.05272
           3.42765
          -4.96081
          -4.29033
           2.85695
          -1.49920
           4.72331
           3.85329
           2.07592
          -3.04776
           1.80086
           0.98445
          -3.79958
          -2.53263
           1.13465
           3.07196
          -1.19245
          -0.08913
          -1.14625
          -2.60443
          -2.22926
           0.94835
          -1.69764
          -0.97035
          -1.80529
           2.83146
          -2.78674
          -1.93575
           3.22506
           0.69379
           1.72697
           1.70235
          -2.38410
          -0.28941
          -0.52692
               NaN
          -0.88173
           0.49472
           1.34986
           0.06919
          -2.58516
          -2.38647
          -1.65922
          -1.32106
           2.81901
           1.31798
          -0.99214
          -2.31839
           1.96211
          -4.21498
           0.91382
           1.19581
          -0.59049
          -0.08655
           3.70118
          -3.20933
           0.37709
           0.66403
           4.24745
          -1.39171
           3.10025
          -3.19624
           3.49636
          -2.08178
           0.34296
          -1.26461
          -3.16205
           1.22176
          -3.20529
           6.80971
          -1.56446
           4.60294
           0.04180
           0.08627
          -1.66085
           3.00565
           4.97196
           6.37048
          -4.40641
          -3.82268
          -1.63106
           2.36515
           2.91324
          -4.43053
          -1.28784
          -2.06670
          -3.77625
          -2.07804
          -3.97200
           1.81481
          -0.01473
          -0.14271
          -1.10788
           1.99587
          -3.74739
          -0.20741
          -4.85677
           3.45806
          -3.69328
          -1.41726
          -6.86905
          -4.68575
           2.24884
          -4.27345
          -3.06882
          -0.19748
          -4.53811
           5.53268
           1.05000
           2.59636
          -1.17534
          -5.96210
          -4.06525
          -4.20593
          -1.87779
           4.02421
          -1.07283
          -1.22697
          -0.48692
           1.20120
           1.07660
          -2.16964
          -0.96727
          -5.71473
          -0.43569
          -2.04474
           2.46701
          -2.87239
           0.43779
          -3.16193
           0.74538
           5.36949
          -1.48125
          -2.77995
          -1.50245
          -0.62645
          -0.08297
          -1.13413
          -2.05282
           0.02410
          -6.62104
           3.31475
           0.81413
           1.94518
          -3.11174
          -0.01052
          -1.82436
           2.49197
          -1.34604
           2.76630
           2.36484
           1.08010
          -2.34446
          -0.22296
               NaN
          -2.67335
          -2.57164
          -1.76544
          -3.44870
           3.05085
           0.33792
           3.93082
          -1.07406
           0.90049
          -0.38916
          -2.04197
          -1.94464
           2.66009
          -1.24927
           2.05228
           2.42678
           0.72445
          -4.09296
          -1.91632
           0.80382
          -1.06257
          -4.28141
          -2.07734
          -2.77005
           7.51883
          -3.20141
          -2.68846
          -0.22003
          -3.62944
          -4.03236
           0.63763
          -0.66571
           3.30870
           1.90093
           4.60677
           0.76791
          -1.29040
           0.97200
          -2.33287
          -2.19283
          -0.75350
           2.62854
           1.99005
           1.12956
          -1.10448
           0.72364
           0.76518
          -0.26143
          -0.32859
           1.25313
          -2.80237
           3.99390
          -4.97737
           3.46385
           0.97186
          -2.58244
          -2.25004
          -2.77050
          -1.23710
           2.54648
          -3.78641
          -5.46775
          -1.12392
          -4.39654
          -0.14592
          -2.28989
           0.05823
          -1.01107
           4.74825
           3.55222
           1.73077
           2.50751
           2.58093
           6.28549
           3.19341
           1.15671
          -2.53162
           0.81077
           3.02371
           0.26159
          -5.64798
           2.97467
          -2.97646
           5.08202
          -0.20304
           2.37097
           1.27032
           5.40067
          -1.16171
           1.61369
           1.53001
          -1.41993
           0.08661
          -3.18341
          -2.71758
          -0.49237
           0.07161
          -5.04596
           2.67341
           0.68205
           6.05142
          -2.10008
          -0.99787
          -1.38714
           4.46153
          -2.16842
           1.20226
          -3.18893
           3.31163
           2.31579
           0.73205
          -1.85942
          -0.97375
           0.21002
          -5.20971
           0.98981
          -3.21623
           4.95029
          -4.88628
          -1.93144
          -3.31975
           4.49092
           1.21258
          -0.16521
          -0.44507
          -4.60123
          -2.02677
          -3.67511
          -2.20178
          -0.18352
           0.77698
          -1.28011
           0.20956
          -0.40326
          -2.67280
          -4.69844
           1.21469
          -1.33124
           2.26164
           1.63164
          -0.25321
           1.17071
          -4.50475
           1.74958
           4.98022
          -2.74022
          -1.90950
          -2.42404
          -1.81394
           1.19784
           0.16768
           1.56433
          -2.97433
          -3.55861
           1.32085
           2.56086
           3.71749
           0.87847
          -0.11952
           5.48912
          -3.41224
           0.85460
          -2.02595
          -3.67363
          -1.38447
          -1.92887
          -2.42579
           1.86868
           0.84620
          -3.49420
          -0.55604
          -3.86940
          -1.34082
          -2.12526
          -1.64928
          -3.42520
          -2.60844
           0.96497
               NaN
           3.48228
          -2.25178
           0.94393
          -0.37055
           0.39112
          -0.73601
           0.37388
           5.05584
          -1.94901
           0.06753
          -2.65006
          -0.52711
          -0.46949
          -1.39915
          -0.20893
          -1.20042
          -4.72291
          -0.95904
          -1.77583
           0.63109
           0.02518
          -2.56123
           0.02599
          -1.48199
           1.76756
          -3.56931
           2.67713
          -0.17704
           1.66923
           2.31334
          -1.26477
           1.51704
           0.94293
          -6.88329
          -0.08227
          -5.43558
          -3.05363
          -3.60887
          -1.44999
           3.01500
          -0.13210
           0.04548
           2.29054
          -0.64962
           0.26816
          -0.77325
           4.72160
          -3.14807
          -0.85274
           3.49037
          -0.01089
           1.26109
          -1.36593
          -0.28614
           1.46678
           0.68944
          -0.49649
          -1.29792
           0.57746
          -0.58341
           2.71384
           0.34602
          -0.44376
           3.20849
          -3.98213
           4.67802
           4.77353
          -4.41290
          -0.45164
           3.81871
           5.16573
           5.60324
           2.08272
           1.72352
           0.68202
           1.88301
          -0.34870
           3.11816
          -1.21876
          -2.27380
          -0.56543
          -0.63546
          -0.11082
          -1.24818
           2.07205
           2.51334
          -0.35770
          -0.95772
           4.08493
          -2.92752
           3.65312
           1.25644
          -0.81962
           0.30987
           3.28406
          -4.97387
           0.50846
           3.29508
          -3.09650
          -3.41832
          -0.12412
           2.58015
          -0.26218
           3.92395
          -0.98096
          -4.02678
           0.47667
           6.02530
           2.86251
          -0.59144
          -2.98236
          -4.89167
          -0.67446
           3.26564
          -0.02724
          -5.37689
          -4.03853
          -1.19355
           2.83635
          -4.69601
           0.24235
           0.40709
           3.71912
           2.22660
           2.93990
          -1.19123
          -3.73448
          -3.27358
          -2.41732
          -1.56386
          -4.52274
           1.73359
           0.48418
           1.98018
          -2.33209
          -0.85947
           2.07703
           0.51333
          -0.07494
          -1.46226
           3.17046
          -2.17539
           3.10593
          -0.10861
          -5.61259
          -2.70487
          -1.70937
          -0.67261
           2.44604
           0.73483
          -5.07682
           1.53296
           0.86782
          -0.90896
          -2.13759
           0.54698
           0.30640
          -0.80668
          -1.91700
           0.90655
           2.01337
          -0.18737
          -1.83967
          -2.16483
          -3.60556
          -0.77133
          -1.17138
           5.42033
           1.03043
           4.37173
           3.38161
           0.32410
          -2.11120
           0.24547
           3.45182
          -3.32889
           1.79900
          -3.20337
          -3.72259
           5.42264
           3.32788
          -1.26154
          -2.47904
           0.88475
          -4.59547
           2.00534
          -3.36234
           0.12549
          -4.09230
          -5.54843
          -0.57651
           2.74224
           3.17577
          -2.23143
           0.18844
           0.95294
          -3.95550
           2.52707
           0.56033
           1.52119
           5.26482
          -4.56847
          -1.73325
          -1.77233
           3.82151
           2.21828
           1.93991
          -6.30319
          -4.63202
           4.22964
          -2.55609
          -1.25377
          -0.40821
          -3.32226
          -0.40473
          -2.90519
          -2.68788
           3.06729
          -2.47469
           4.53961
           0.49446
           2.44522
          -2.05876
          -4.42495
           0.56742
           0.03737
           1.01017
           2.17528
          -3.88937
          -1.37643
           2.05971
           2.76509
          -3.68231
          -1.88408
           1.52456
          -5.03207
          -1.06688
          -1.38667
           0.35628
           1.01856
           2.35470
          -0.77734
           4.27817
           3.17076
           1.36891
           4.68542
          -3.33407
           2.01472
          -1.94749
           1.24231
           2.44647
           2.44129
          -4.33335
          -4.15049
          -0.85075
           3.11694
          -2.67614
          -0.66659
          -4.48849
           1.39210
          -1.54086
           3.94813
           6.26547
          -3.31777
           0.28925
          -2.30028
           4.10359
          -1.94073
          -1.29005
          -1.24819
          -3.17401
          -0.81680
          -1.66639
          -3.71226
           2.76355
           0.83435
           2.29717
          -2.60639
          -1.11975
           1.19409
          -0.84905
           1.22616
           2.50680
           2.74378
           1.28092
           4.18457
          -2.87441
           5.32980
           3.94161
          -3.28229
          -1.34599
          -0.37751
           1.10842
          -1.49359
          -3.16678
          -0.24757
          -1.83644
           2.60469
           3.26440
           1.01716
          -0.56166
           1.18674
           5.86747
           0.65410
           2.86805
          -3.14500
          -0.25762
          -1.12288
          -1.76012
          -0.81887
          -0.39103
          -1.05525
          -0.26924
          -0.40838
          -0.39936
           1.58867
           3.79453
          -4.95735
          -3.35246
          -3.48601
           3.00704
          -2.17621
           0.40515
          -1.01898
          -2.55613
          -0.33334
          -2.74162
          -1.11163
           2.43631
          -1.08293
          -0.17482
           2.13151
           1.58551
           0.16012
          -2.23228
          -0.79728
          -4.45308
          -1.50282
           0.37329
          -2.91857
           3.42246
          -2.24473
          -5.66841
          -1.27301
           1.64716
          -0.64362
          -3.22506
           3.43429
          -0.26831
           0.06148
           1.46826
          -1.35562
           4.48698
           0.40005
           0.96114
          -0.30967
          -4.64370
           0.80865
          -1.97555
          -3.04987
           0.45029
           5.10088
          -1.26826
           0.42758
          -2.76352
           4.29128
           2.61971
           6.23360
          -2.92765
          -0.45065
           1.97376
           2.19728
          -1.32150
           1.88751
           0.29639
           5.42581
           0.52117
          -1.82946
           2.11655
           4.27566
           0.52233
           3.38672
           1.43811
           0.07844
          -4.54723
           0.19955
          -2.63829
           4.58176
           3.49896
           2.28399
           0.80895
          -0.69310
           4.71012
          -2.30277
           0.98522
          -1.03382
          -1.99316
          -2.86324
           3.52613
           3.11654
           1.94022
           4.03934
          -0.98379
           4.45907
          -3.54103
           0.29578
           0.46713
          -0.83979
           0.70516
           1.45376
           0.38389
           0.59050
          -1.56038
          -2.62096
          -1.00289
          -3.79009
           6.26840
           3.13168
           1.54546
           4.00609
          -2.09171
           0.16633
          -2.31319
           1.53906
          -2.67121
          -2.43756
           2.65773
          -3.39796
           3.49458
          -1.09119
          -1.27571
          -1.49524
           2.64238
          -2.86403
           0.68406
           4.11220
          -3.31057
           0.04722
           1.84211
          -1.68680
          -2.25805
          -4.95563
          -2.44035
          -1.70696
           2.61242
          -0.51534
          -1.94055
          -0.27946
          -4.23774
          -2.94755
           0.91847
           4.69782
          -3.26871
           2.02453
           2.07112
           2.19226
          -0.59446
          -2.62002
          -3.40468
           0.66888
          -2.35167
           4.45672
           1.26665
           3.42164
          -2.56527
           0.58138
           3.11531
          -1.02267
          -4.95526
          -1.61886
          -0.88193
          -0.22693
          -1.56836
          -1.30610
           1.73372
           5.80007
           0.53721
          -2.27325
          -2.08424
           6.23349
          -3.76025
          -0.51133
           0.11968
           6.04427
          -3.63163
           2.14160
          -0.36887
          -1.34639
           2.62009
           1.39462
           4.28796
          -1.23749
           2.40695
          -2.08699
           1.21553
          -3.55520
           1.77834
          -3.47725
           0.08173
          -3.65570
           2.07122
           6.64274
          -1.83017
          -5.78857
           3.56644
           1.27868
           0.29601
          -1.90700
           0.55173
          -1.58620
          -0.12416
          -2.37892
          -2.43464
          -1.14655
          -1.37007
           1.31263
          -4.14355
          -3.58297
          -1.31672
          -0.36234
           4.89700
          -1.63860
           2.50404
