           5.03866
          -6.32795
           3.62228
           3.99612
          -6.17591
           6.74496
           7.30864
          -5.18865
          -5.07124
         -11.32181
          -1.88976
           0.40439
           7.41195
           8.96463
           6.38273
          -9.63297
          -4.28194
          -9.50742
           3.37270
           6.16945
          -5.46403
          -0.22755
           8.16890
          -3.56665
           0.66286
          -7.27206
         -13.12606
           2.91152
          -2.66107
          12.31322
               NaN
           8.08293
          -0.98251
           8.47952
          -3.87873
           3.39414
          -2.81631
           9.79794
           0.70116
         -10.20231
           7.40290
          11.47832
           0.71482
           4.98514
          13.66819
          -4.99176
           2.15916
           4.08976
           9.37524
          -1.34594
           3.15249
          -1.48400
           1.32308
          -4.07521
          -0.06251
          -6.16394
          -1.76034
          -9.97949
          -0.15692
          -1.77089
          -3.72839
           0.89691
           5.93321
          -0.09908
           5.31672
         -10.68491
          -0.20009
          12.88433
          -0.27068
           2.26510
          15.36148
          -6.40320
           6.28042
           9.06735
           0.63592
          15.33078
           3.69681
          -6.40432
           5.19125
           1.19401
           3.06955
           0.15695
           8.77280
           3.67863
           1.77581
          -0.37476
          -8.07955
           0.06936
           4.54746
          -3.49608
           2.91449
           0.32730
          -4.05488
         -10.14723
          -7.54906
          -0.80525
          -6.99765
           6.31547
          -2.64777
           5.05594
          -0.78566
          -2.15058
           6.07842
           0.01126
           7.44475
           6.04048
         -11.87241
          10.35931
          -0.30044
           6.37975
           6.08191
           3.80347
           6.55183
           2.01834
          -9.03207
           2.10429
           3.23061
           7.44541
           0.80765
          -3.43634
           0.94610
          -2.07675
           1.06523
          -0.67854
           1.81279
           6.79559
           9.79527
          -4.63820
          -1.28294
           0.03873
          -0.89953
           0.67018
          -2.89742
           4.35136
          -0.76030
           9.64234
          -8.17119
         -11.27020
           6.60685
           0.15142
           8.58592
           3.17881
           4.19934
          -2.04775
           0.88019
          -6.15270
           8.57627
          -2.34401
           5.26131
           4.28610
           2.86291
         -11.68302
           0.98435
          -2.71915
          -2.77159
           0.16881
           6.43128
          -2.69037
          -2.06372
           3.19209
          -3.33164
           3.33889
           0.13824
           1.87616
          -3.08819
           6.43275
          -1.57712
           4.16806
          -3.61549
          -2.75634
           3.61045
           0.76592
          -6.06848
           3.67755
          -4.60142
           2.58324
           4.02900
          -2.23655
          -8.03953
           4.66133
          14.16334
           1.71807
           4.93148
          -6.35591
          -8.88740
           1.97548
           6.62355
           2.79875
           2.69824
          -1.64156
          -1.77372
          -3.18648
          -2.10638
           2.05753
          -1.28636
          -3.26231
           1.86400
           4.88621
          -1.46152
          -2.36622
           7.33030
           9.03961
           6.73431
           2.01664
           6.59041
          -1.11746
           0.87694
          -6.83514
           1.81820
           5.17664
           4.11551
           0.00115
           6.79164
          -5.89902
               NaN
          -8.14363
          -2.29165
          -1.32348
           3.52882
           0.89092
           3.67654
           5.62099
          -0.99632
          -5.02974
          -4.27663
          -0.70267
          -2.91340
         -11.91766
           6.15250
           0.28748
          -5.87245
          -8.10114
          -7.63651
          -2.83591
          -2.94170
          10.15388
          -4.91758
           0.67654
          -9.18301
               NaN
          -2.53541
          -3.21021
          -4.60473
           7.15109
          -2.58002
           6.15890
           2.34162
          13.06591
          -8.04891
           1.75444
          -2.51473
          -0.00365
          -2.36311
          -7.58331
          -6.42369
          10.55012
          -2.45905
          -6.76965
          -3.91857
          -5.70559
           9.65337
           2.13899
           5.71923
          -9.10125
           5.03295
          -6.57908
           1.41966
           2.41830
          -4.60881
           6.95128
          -7.03210
           5.86805
          -0.88302
          -4.80031
           6.53563
           6.13925
           8.19577
          -7.18801
           2.61844
           2.70385
           1.58871
          -1.28394
          14.15123
          -5.28938
          -0.24540
         -10.11759
          12.16255
          -6.30855
          -0.95694
          -9.78692
          -1.28316
           1.45818
         -11.34468
           3.70140
          -5.53931
           8.90131
          -1.07657
           6.30742
          -1.64286
         -12.68766
           6.28596
           6.15260
           7.64941
          -5.98852
           5.39328
          -9.19824
          -7.20681
          -5.19851
           2.05279
           6.85437
          16.01645
           6.93622
           4.79289
           1.40363
           5.47974
           0.21533
          -0.94218
          -4.55842
           6.02936
         -13.10324
          -4.34667
           8.36494
           1.10896
          13.40018
           6.47461
           3.06993
          -8.06170
           4.35236
           1.60565
          -4.46760
           2.56455
           1.70241
           5.40740
          12.79035
          -4.56547
           2.58032
          -4.81444
           3.64658
          -8.66088
          11.21211
           8.09158
           0.29117
           3.07051
           4.15338
          12.19144
           4.95745
           0.89064
          10.14357
           8.05860
           0.34703
          -1.67950
          -9.49234
           3.62367
           6.65832
          -3.51484
          -4.34177
           5.96882
           0.15721
          -6.24846
           1.78363
          -2.50891
           1.62459
           7.94626
          -9.82627
          -7.55702
          -4.15198
          -9.82537
          -6.67992
           9.63305
           4.88959
           4.15158
          -2.15246
           5.90971
          -5.96518
           1.22621
          -0.82284
          -0.91155
           3.48405
           6.78520
           5.87785
           2.09426
           6.13467
           6.44915
           4.09055
          -3.87987
          -7.15376
           7.33670
          -8.87024
          -5.27006
          -6.08538
           5.69810
               NaN
          -5.60822
          -0.08205
           8.16726
           9.44774
          -3.03067
           1.59417
           3.86598
          -1.49416
          -1.13370
          15.41612
          -4.26021
           0.86031
          -3.01654
           2.92455
           1.25472
          -3.79777
           1.47782
           1.70806
          -4.99403
          -4.60306
          -0.46550
           9.73388
          -0.39145
           0.81786
          -7.33795
           0.42816
           2.72587
           0.33179
           0.89394
           6.22255
          -1.19718
           3.99507
          -1.65022
          -6.13322
          13.08289
           8.22084
          -3.10375
           4.15698
          -3.64877
          -1.64081
           3.06745
          -3.15614
           0.17524
          -2.07766
           0.76741
          11.16557
         -11.34594
           5.63499
          -5.46904
          -2.36178
          -5.09156
           1.25397
           1.12114
          -2.92773
           5.03239
         -10.07095
           3.77305
           0.83103
          -7.84996
          16.79790
          -4.26082
          -1.42791
           8.60621
          -0.10913
           5.64578
          -6.83146
          -7.57561
          11.18788
           8.37811
          -5.87659
          -0.04915
          -4.77081
           2.00147
          -1.58332
           6.78246
           2.06755
          -5.94679
           1.39695
           0.60116
          -1.56354
          -6.78566
          -3.79786
          -0.55479
           4.21988
          -3.32175
           1.62274
          -0.56448
           2.95519
           2.99806
           3.06209
          -2.64972
           0.40317
          -5.78679
           3.56676
          -2.17051
           1.06999
          -6.38763
           6.23485
          -0.16740
          -2.92055
          -5.78352
          13.93766
           2.70436
           4.43823
          -5.25497
          -0.77270
           0.50583
          -3.22555
           3.57115
           1.57549
          -1.15650
           5.16494
          -5.90449
          -0.50184
           9.69663
          -7.83694
           2.10467
           3.04410
          -1.21120
           7.55760
          -0.87904
          13.32276
          -3.63647
          -0.60245
          -2.16779
          -4.39275
          -4.98307
          -0.30336
          11.01109
          -3.43991
           1.18765
           7.69250
          -3.93855
           6.25332
          -0.89287
           5.12520
         -13.38228
          11.33267
           4.04744
          -2.46189
           6.05423
          -1.90162
           2.29930
          11.64529
           1.40213
           9.07103
          -2.09477
           3.83433
          -0.93790
          -0.16465
           1.25080
          -7.84642
           1.51246
          10.07432
          11.43665
          -3.81896
          -5.49985
           3.63374
           3.07817
           1.15443
           4.15794
           2.37116
           5.56660
           0.71627
          -3.63257
           4.04682
          -4.27915
           7.41090
           2.12681
           2.71548
          -1.67440
           2.43802
           0.21574
           2.18137
           9.38499
           9.08650
           0.31357
          -3.75458
           2.09171
           6.30559
           3.42194
          -2.46950
          -7.82399
           4.01660
          -5.14799
          -2.51797
           5.24898
          10.83175
           5.69228
           2.03629
           0.37830
           8.53129
          -0.66622
          -3.20879
           3.07586
           0.15018
         -10.44007
          -3.95387
          -2.43653
          -0.92372
           2.62259
           6.80127
          -1.21548
           0.65722
          -4.31499
          -4.18014
           2.49141
          -4.54528
          -5.68032
           8.37057
          -6.75180
          -0.25144
           4.15983
           0.61257
           6.26952
          -0.17196
           2.50645
          -0.15071
           1.64588
          -2.40284
          -9.95747
           5.51265
          -0.61222
           2.80439
          14.13093
           5.89069
          -6.64522
          -0.79608
           8.19352
           6.02568
           4.68615
          -2.91297
           8.93400
           4.99888
           5.59222
           1.98805
          -0.14142
          -1.31580
           1.53948
          -9.61602
          11.80059
          12.10618
          -8.91100
          -3.57586
           6.31119
           3.31070
          -4.40593
          -1.67960
           3.10382
          -6.23114
           0.86113
           7.83870
          -2.60210
           0.62292
           1.09922
          -1.44745
          -3.94800
           3.02050
          -2.15961
          10.47387
          -3.77700
           5.67917
           1.05389
           4.64233
           9.25468
           5.70258
           3.26919
           7.57354
          -9.83081
           2.25218
           0.21212
           2.22923
          -9.42260
           4.66624
           3.57697
          11.10713
          -9.83175
           2.77982
           1.83649
           4.55668
           1.14521
          -3.22197
          -1.77190
           7.26389
           5.17265
           1.04847
          11.63432
          -4.10568
           3.73905
          -4.50671
          -1.33079
           9.28815
           1.87980
          -7.37433
          -3.68411
           0.00643
          -1.18192
           0.40874
           4.62372
          -8.19338
           8.20897
          -0.76063
           4.64544
           3.35313
           2.53578
          -5.98720
           1.48088
          -8.00892
          15.61134
          -7.79772
          -9.19512
           0.80997
          -1.13680
          -7.71375
           7.77898
           0.20689
           5.03207
           2.36473
           0.82290
           3.00833
          -5.45810
           4.33331
           0.76730
           2.44837
           3.73846
          -5.41626
           1.20955
          -4.53373
               NaN
           1.10454
           3.45388
          -2.83386
           1.23973
          -0.38545
           9.97319
           0.42421
           2.84166
           9.74016
           7.35266
           3.77779
           5.68920
           1.11821
           7.26369
          10.41984
          -1.01950
          -3.83155
          -5.68793
          -1.04411
         -11.09420
          -1.04908
          -8.25469
          -0.24484
           3.31351
           2.32211
           5.25032
          -5.99859
          -6.95902
          13.42357
          -0.51424
           0.90564
          -1.84426
           9.84510
          10.63899
          -1.65000
         -11.75995
          -6.53123
           8.95128
           6.21031
          10.21196
           6.33672
           6.74344
          15.05482
           7.30201
          -5.90165
           7.10174
           1.59293
          -6.71110
           5.70277
           4.68097
          13.70889
           4.58171
           8.22318
          -5.07854
          -3.00235
          12.06099
           4.47021
          -3.68457
           3.61491
           0.01084
           4.58361
           6.42110
           0.49432
          -2.27785
          -4.04031
         -14.23009
          -3.12424
           7.68483
           7.36726
          -2.16554
           5.74104
           2.61993
          -5.38222
          16.66151
         -12.68973
          -1.51964
          -7.78566
           3.10590
           5.00429
          -4.45458
           2.37739
          10.87595
          -7.98826
          -0.84981
          -1.23652
           1.22871
           9.86462
          -7.70819
          -4.12515
           2.62610
          -1.53495
          -2.19734
          -6.22032
          10.77422
           1.26834
           3.28746
           5.58897
           1.82864
          10.74015
          -5.79107
           5.48597
          -1.83745
           4.11422
          -3.84250
           3.52119
           4.48408
          -3.02626
          -4.66744
          -4.02297
           3.24175
          -6.69601
          -0.96572
           5.97872
          -0.85117
         -12.62529
           7.30638
           3.28189
           3.03193
           8.60583
           3.49431
           3.26464
           7.77127
           0.96852
          -4.27702
           5.15011
           3.66905
         -10.10777
          -2.06288
          -5.38667
          -2.01313
           2.42848
          -2.28231
          -3.44494
           0.79949
          -7.65688
          -7.14713
         -11.24990
          -9.53250
         -12.27199
          12.80511
          -0.00914
          -2.33121
           5.17525
          11.23126
          -2.53756
           6.20953
          -1.64844
           2.39472
           0.61376
          -2.36258
           1.14219
          11.59563
          -1.13824
           3.18536
          -3.31407
           5.45885
           1.42072
          12.37703
         -11.43697
           1.33884
          -6.34441
          -5.10800
          10.01041
           6.08308
          -1.69802
           7.46242
           0.41519
           9.58827
           7.90267
           2.16917
           0.67956
          -6.80139
         -10.33793
           1.98893
          -2.48458
          -3.59681
          -0.75290
          -1.22443
           5.34434
           2.20151
          -7.56793
          13.12325
          -1.04761
          -2.34229
           3.55009
           2.28316
          -4.66617
          -6.35765
           4.13251
           4.43203
           2.26759
         -10.49126
           3.16449
           7.09900
          -8.18599
           1.97148
           1.39964
         -10.72929
          -5.51302
           2.89628
          -2.00814
           3.80967
           5.69759
           3.10556
          -1.38600
          -4.43627
           8.01248
           3.84113
          -2.77447
           4.26640
           2.40977
           8.06452
          -2.36173
          -5.63322
          -5.07259
          -9.17080
           6.83381
           0.42122
          -4.98877
          -2.87636
          11.14082
           6.64748
           3.31510
          -1.71506
           0.76354
          -1.29979
           7.73571
          14.99979
           1.78781
           6.38975
          -2.72014
           0.01418
           9.42007
          -2.48783
           3.05741
           3.20946
         -11.68721
           4.05182
         -11.37949
           0.35960
           8.85779
           0.39919
          -2.22999
           6.81235
          -8.36503
           6.89232
           2.20379
           2.76375
          -3.42084
           4.40224
          -5.06021
           6.70388
          -0.74983
           4.76582
          -1.16211
          -3.00550
          -0.42056
          -1.85905
          -0.08023
           4.17048
           4.12785
           6.34877
           4.81487
          10.24447
          -5.69307
           5.06450
          -1.99629
          -8.58228
          -1.87373
          -2.96820
           2.77391
          -0.92462
           8.33457
           6.37324
          -3.32744
           2.01398
         -10.15512
           2.18840
          -0.45894
          -0.01056
          -1.19824
           0.78424
           0.43282
           0.46766
               NaN
          -1.49160
          -0.28122
           0.97490
           1.06068
          -0.11476
           1.03126
           1.52697
          -0.41487
           1.14040
          -0.49117
          -1.90307
          -0.42840
          -0.44135
           0.68083
          -1.23394
          -1.25154
           0.80064
          -0.46682
          -0.06510
          -1.85145
          -1.52444
          -0.34350
           0.33774
          -0.51234
          -0.30694
           0.76182
           1.05980
           0.35252
          -0.37472
          -0.02439
           0.18196
          -0.05900
               NaN
          -0.54436
          -0.95659
          -1.43440
          -0.46354
           0.63617
          -1.57951
           0.00233
           0.89364
          -0.36482
          -0.82195
           0.58737
           2.07467
           0.75541
           0.90801
           0.39184
           0.77379
          -1.51426
          -1.75218
          -0.50352
          -0.97573
           0.21213
           1.24563
           1.60098
          -0.51820
          -0.17760
           0.09045
          -0.51860
          -0.17239
           0.10204
           0.05802
           0.80562
           1.21769
          -0.64401
           0.42562
           0.45528
           0.63671
           0.46838
          -0.00117
           1.02125
           0.95021
          -0.42446
          -0.23850
           0.54234
           1.06694
           0.61209
          -0.68419
          -0.29311
          -1.01069
           0.81665
          -0.52467
          -0.36810
           0.44094
          -2.04429
           0.53440
          -0.03813
          -0.06958
               NaN
           0.68891
          -0.25838
           1.55130
           0.54412
          -0.56000
          -0.61797
           0.28994
          -0.83956
          -0.07944
          -0.23693
           0.37387
           0.22931
           0.16444
           1.02658
          -0.71078
           0.04585
           0.12792
           0.35186
          -0.25236
          -0.27609
          -0.24081
           0.39284
           0.82566
          -1.42437
           0.09864
           0.07515
           1.07095
           0.67336
          -0.44359
           1.29163
           0.62044
          -0.50043
          -1.78586
          -0.63249
           0.65058
          -1.87613
           0.43904
           0.51239
           0.20539
          -0.39165
          -1.13990
           1.77303
           0.02149
           0.80684
           0.59718
          -0.28096
          -0.43964
           0.31560
          -0.03879
          -0.58616
          -0.54684
           0.30372
          -1.17250
          -0.13933
          -0.41614
           0.14898
           0.26574
          -1.68605
          -0.55206
          -0.40043
           1.33310
           0.17095
          -1.16358
           0.72729
          -0.50742
           0.26900
          -0.32420
          -0.96694
          -1.51448
          -0.00061
           1.77289
           0.62739
           1.03864
           0.29501
          -0.76008
           1.06398
           0.11108
          -0.95198
           1.49638
           0.26199
          -0.87298
          -0.33276
           1.06697
           0.21125
           0.60968
          -0.45589
           0.07716
           0.29441
          -0.31993
           0.13529
          -0.83324
           0.44554
           0.31271
          -1.71356
           0.90976
           0.58508
           1.71474
           0.81940
           0.75515
           0.20725
          -0.02644
           0.42937
           0.40668
          -0.62568
           0.21553
          -0.14784
          -0.46509
          -1.57909
          -1.12087
          -0.09750
          -0.68455
          -0.48538
           0.85237
          -0.88583
          -0.55804
           0.54227
           0.68143
           0.63422
           1.24790
          -0.75746
           0.67074
          -0.20139
           1.39477
          -0.23140
           0.56282
           1.05473
           0.31099
          -0.96030
          -1.23492
           0.64483
           0.70144
          -0.21979
           0.18217
          -1.14467
           0.15395
          -0.19353
          -0.07495
          -2.20916
          -0.88323
          -1.43671
           1.28980
          -0.65609
           0.84788
          -0.25484
           0.21711
          -0.82970
          -0.16455
          -0.69329
          -0.67971
          -0.11474
          -1.32288
           0.01606
           1.27015
           0.15369
           0.44756
          -1.10371
           0.26412
           1.23260
           0.52373
          -0.04249
           1.02834
           0.90352
           0.28343
          -0.10077
           0.56199
           0.76811
          -1.04852
          -0.35809
          -0.61122
          -0.41194
           0.04819
           0.15062
           0.20983
          -0.63165
           0.07615
          -0.45261
          -1.59785
           0.86725
           0.25308
           1.74175
          -0.31180
          -0.00564
          -1.04894
          -0.79048
          -0.06268
           0.09866
           0.93152
               NaN
           0.67478
          -0.17260
           0.68659
           0.57909
           0.64646
           0.93095
          -0.43531
           0.31356
          -0.20695
           0.31874
           0.66870
          -0.00052
           0.61995
           0.75810
           1.31000
           0.08438
           1.06292
          -1.39570
          -0.10664
           0.61600
          -0.01544
          -0.53207
          -1.37440
          -2.09108
           0.65530
          -0.53550
           1.13086
           0.26810
          -0.00305
          -0.06126
           0.68627
          -1.03959
           0.50748
           0.67637
           0.78079
          -1.81488
           0.30909
           0.52148
           1.15884
           1.11277
           0.10051
          -1.01351
          -1.79260
          -0.23646
          -1.15108
           1.39238
          -0.55191
           0.29353
           0.11048
           0.65188
               NaN
           0.64002
           0.64191
           0.43659
          -0.50688
           0.91008
           1.65147
           1.29995
           1.61588
          -0.41729
          -0.47275
           0.49329
           0.03608
          -1.94148
          -0.12857
           0.31372
          -1.20035
          -0.18088
           1.76656
          -1.13183
          -0.73381
          -0.75859
           0.65581
           0.01813
           0.30814
           0.73993
          -1.29206
          -0.10404
          -0.57622
           0.17994
           1.53506
           0.67272
               NaN
           1.54877
           0.29956
          -0.10720
          -0.92138
           0.73053
          -0.03674
          -1.35230
           1.03019
           1.11724
               NaN
           0.07412
          -0.50102
          -0.53487
          -0.44532
           1.05367
          -0.51931
          -1.74260
          -1.35900
          -0.36807
           0.01274
          -0.32151
           0.39057
           0.60842
          -1.54534
           0.92876
           0.29591
          -0.74988
           0.68132
          -0.51006
          -0.38377
           0.07450
           0.31931
           1.42663
          -0.18439
           1.68360
           1.43006
           0.15313
          -0.52303
          -0.95433
          -0.48958
          -0.78579
          -0.34525
          -1.35257
          -0.76778
          -1.27080
          -0.04472
          -0.16739
          -1.19097
          -1.96108
           0.13677
           1.40086
           0.91591
          -0.72493
          -0.05445
          -1.43572
          -0.90815
          -0.84028
          -1.42877
           0.49719
          -0.44082
          -0.03851
           0.24876
          -0.62583
           0.69702
          -0.25099
          -0.07663
           0.36117
          -0.33519
          -0.39809
           0.62590
          -0.41609
          -0.14733
           0.39455
           0.66704
          -0.50256
          -0.13757
           1.48979
          -0.22656
          -0.61433
           1.52947
          -0.07626
          -0.58088
          -0.57866
          -1.19439
           1.37208
          -1.58918
          -1.33491
           0.62895
          -2.25319
           0.12398
           1.11048
          -0.29216
          -0.76675
          -0.89355
               NaN
          -0.04801
          -1.02789
          -1.02118
           0.02723
          -1.36963
          -0.43804
           0.09997
          -0.92813
          -0.86544
          -1.21685
          -0.65666
          -0.56940
           0.95102
           0.44250
          -0.58818
          -0.38404
           0.70121
          -0.69935
          -0.45143
          -0.37308
          -1.37147
           0.64059
           0.38788
           0.29714
          -0.64865
          -1.45795
          -0.34611
          -1.15573
           0.48974
           0.28798
          -0.12841
          -0.64104
           0.18139
          -0.52726
          -0.06025
          -1.06746
          -0.75187
          -0.03861
          -0.39593
          -0.13513
               NaN
           0.11135
           0.74559
          -0.29643
           0.40892
          -0.54970
          -0.05767
          -0.37992
           0.39108
           0.49572
          -1.33777
           0.10034
          -0.48000
           1.98486
          -1.44931
          -1.10816
          -0.40046
          -0.47229
           1.45527
          -0.85927
           1.50389
          -1.16300
           1.12802
          -1.37293
          -1.37753
           0.44702
           0.23960
           0.81472
          -0.47214
           1.42173
          -0.69768
           0.13229
          -1.96757
          -0.82963
          -0.44205
          -0.87946
          -1.71668
          -0.20087
           1.92193
          -0.50254
          -0.70662
           0.49668
           0.21632
           0.46047
           1.59898
          -0.44443
           0.60474
          -0.57152
          -1.50307
           1.00695
           1.47920
           0.20213
           0.47507
           0.12363
           0.36243
          -0.19043
          -1.06430
          -1.68567
          -0.82402
          -0.21997
          -0.11763
           0.92581
          -0.28473
          -0.18623
           1.71295
           0.60310
           0.95834
           0.54026
          -0.79808
           0.53713
           1.73415
           1.55979
           0.39242
           1.01100
           0.50569
          -0.68210
          -0.18752
           1.37418
          -1.05451
           0.80728
          -1.00802
          -0.63096
           0.78210
          -0.75699
          -0.50343
           0.06913
          -0.05606
          -0.18316
          -0.71465
           0.22587
           1.06738
           1.54747
          -0.67695
           1.40099
          -0.72698
          -1.07921
          -0.24969
          -0.69345
          -0.27983
          -1.02485
           0.86029
          -0.02524
           0.74458
           1.26533
           0.40122
           0.22824
           1.84465
           0.15278
           0.69243
           0.72775
          -0.91031
           0.68663
          -0.67385
          -0.79510
          -0.40479
           1.13344
           0.20511
           0.44505
           0.39978
          -1.55601
          -1.90538
          -0.81316
          -0.52977
           0.66489
          -0.28685
           0.07541
           1.21057
          -0.08630
           0.39814
           1.41865
           0.72056
          -0.30583
           0.30376
          -1.47309
           0.15119
           0.05049
          -0.85278
          -1.07810
          -0.11743
          -0.44980
          -0.24071
           0.20405
           0.53138
          -0.19366
          -1.23506
          -0.65674
          -0.84147
          -1.53360
          -2.20238
          -0.18682
          -0.09958
           0.44316
          -0.71843
           0.08848
          -2.04293
           0.53754
          -1.53248
          -0.27414
           0.87108
           0.53460
           1.33029
          -0.80898
           0.15036
           0.19313
           0.15819
           0.66282
           0.28407
          -1.31923
          -0.42635
           0.70656
          -0.73756
          -0.88516
           0.87407
          -0.13952
          -0.53544
           1.10204
          -0.01965
          -0.51607
          -0.74289
          -0.94604
           0.87544
          -0.83481
           0.22237
          -0.52219
          -0.23392
           0.67055
           0.62534
          -0.92169
           0.26799
          -0.79980
           0.11565
          -0.00080
           1.15149
          -0.74839
           0.42935
           0.84047
           0.38954
          -2.01282
          -0.18479
          -0.83922
          -1.62245
          -0.20163
          -1.00756
          -0.51007
           0.35891
          -0.78027
          -0.93681
           0.47780
          -0.80560
          -0.85807
           1.18165
           0.69778
           0.43353
          -0.92970
           0.50637
           0.16797
           1.20215
           0.18425
          -0.86581
          -0.84680
           0.76609
          -0.52798
          -1.29681
           0.07951
           0.12701
           1.06479
           0.19326
           0.45461
          -1.25293
          -1.51778
          -1.42920
          -2.02805
          -0.32812
          -0.11251
          -1.68344
           0.35438
           0.22031
           0.03903
          -0.61341
          -0.35653
          -0.77887
          -0.26636
          -0.82698
           0.05494
          -0.96995
          -0.37405
           0.12639
          -0.28463
           0.74586
           0.07102
           1.30013
          -1.11057
          -0.26148
          -0.54607
          -0.78811
          -0.53648
           1.29351
          -1.89401
          -1.22882
           1.25058
          -0.11307
           0.31404
          -1.11154
          -1.00042
          -1.46327
          -0.52501
          -0.40563
          -0.63623
          -1.53871
          -0.32515
           0.18421
           0.33602
          -0.32440
           0.70228
           0.17753
          -0.48817
          -0.53803
          -1.09865
           0.47015
           0.83527
           0.01559
          -0.70723
           0.31002
           0.20520
           1.73281
          -1.05220
          -1.30505
           0.80525
           0.44744
           0.85765
           0.31060
           1.43824
           0.18783
          -0.37951
           1.51654
          -0.02901
           0.03007
          -0.07596
          -1.00066
          -0.72499
           0.15410
          -0.07235
          -1.13277
           0.33222
           0.91479
           1.71807
          -1.18092
           1.84843
          -1.40160
          -1.74882
          -0.08993
          -0.59163
          -1.16342
          -0.66925
          -0.03667
          -0.98731
           0.11872
           0.96186
          -1.07436
           1.02380
          -0.67721
          -0.75709
           0.43050
          -1.08497
          -0.27985
          -0.90862
          -1.33417
          -1.38358
           0.11994
          -0.69231
           0.23826
           0.94134
           0.25670
          -0.00934
           0.44311
          -0.81812
           0.43939
          -0.37689
           0.99302
          -0.66330
          -1.01887
          -0.17538
           0.54978
           1.82470
          -0.72854
          -0.12367
          -0.47776
           0.18250
           1.24459
          -1.85514
          -0.54662
           0.73561
          -0.14485
           0.18812
           0.62044
           0.13773
           0.34771
          -1.31658
          -0.36196
           0.19744
          -0.47724
           0.25554
           0.43528
          -0.11324
           0.02010
          -0.64399
          -0.42391
          -0.52084
           0.39073
          -0.16746
          -0.48645
          -0.28970
           0.72348
          -0.61974
           0.39122
          -0.05646
          -0.00265
           0.01256
          -0.98195
           1.29797
          -0.21925
           0.19026
           0.47749
           0.20425
           1.12918
           1.05697
           0.54868
           0.61877
           0.24590
           0.28962
           0.79319
          -1.58166
          -0.04340
          -0.06550
          -0.23187
          -0.55714
          -0.52113
          -0.95445
          -0.14925
           0.37140
          -0.05369
          -0.11680
           0.84249
          -0.04318
          -1.22855
          -0.48604
          -0.16955
          -0.02394
          -0.83424
           0.44094
           1.11082
           0.36082
          -0.59957
           2.12390
           0.87085
           0.09175
           0.01194
           0.28612
          -0.27005
           1.49731
           1.03254
          -0.58304
          -0.31849
          -0.53863
          -0.69700
          -0.44761
          -1.22911
           0.76508
          -0.55134
           0.03697
           0.33829
           1.08603
           0.11499
          -1.60752
          -0.63006
          -0.47145
          -0.91097
           0.74118
           0.81505
           0.16955
          -0.27687
          -1.78319
           1.69231
           0.67623
           0.57060
          -1.48872
           0.42350
          -0.38718
           0.35689
           0.94841
           0.32351
           0.76173
          -0.50147
          -1.15779
           0.58679
          -0.17322
          -0.60490
           0.10245
           0.61626
           0.01777
           0.36159
           0.52555
          -2.09237
           0.05129
          -0.57972
           0.05462
          -0.13063
           0.70072
           0.26367
           0.59768
           0.80890
          -1.38645
           0.55982
          -1.09470
           0.21434
           0.25507
          -0.36696
          -0.52791
          -0.72380
          -0.42685
          -0.22968
           0.72557
          -0.76226
          -0.65663
          -0.67436
           0.06325
           0.80078
           0.33509
           0.72838
           0.40204
          -0.76153
           1.00476
           0.64583
          -1.94266
          -0.47567
           0.12070
          -0.58038
           0.59778
          -0.76148
          -0.46616
           0.46117
          -0.22379
           1.09423
               NaN
          -2.47306
           0.22745
           1.81427
           2.54500
           0.08854
           1.06545
           0.61193
          -1.59440
           0.28783
           0.60289
          -1.07224
           0.60905
          -0.97758
           0.27782
          -0.61240
          -1.51358
          -0.04444
           0.03584
           0.11849
          -0.87410
           0.07212
          -0.95848
           0.84625
          -1.67898
           1.82142
          -0.20133
           0.95265
          -0.73933
          -0.09212
          -0.61937
           0.45430
          -1.12354
          -2.57749
           1.09146
          -1.60579
          -2.97257
          -0.63357
           0.10897
          -2.52166
           0.49684
           0.64568
          -0.65145
          -1.78835
           0.63259
           2.08017
           1.13339
           0.66159
           1.16342
           1.03305
          -0.99630
          -1.38420
           0.76656
          -1.28127
           0.24509
           1.83385
           1.46118
          -1.28881
           0.00074
          -0.17360
           0.86466
          -0.47766
          -1.26992
          -0.15726
           0.65485
          -0.89918
           0.37487
          -0.59199
          -0.67002
           0.71488
          -1.80511
          -0.56269
           1.82343
           0.21079
          -0.61760
          -0.68335
           1.28658
          -0.03726
           0.22619
          -0.87319
          -0.24080
          -0.13424
           1.24398
          -1.03169
           0.01984
           0.04639
          -2.25905
           0.81302
           1.00588
           1.02437
           2.57192
           1.45451
          -1.27204
           1.76640
          -0.23284
           0.11429
          -0.29590
          -0.68744
          -0.93830
          -0.84856
          -1.12442
           1.84242
          -0.64785
           0.19936
           0.21716
          -1.63564
          -0.31044
          -0.75315
           0.55081
           0.87231
          -0.11289
          -0.44151
          -0.33500
           1.07702
          -0.86407
          -0.10688
           0.02734
           1.27301
           0.86395
          -0.63687
           0.36322
          -0.44782
          -0.18749
          -1.89119
          -0.77745
           1.04912
          -1.97137
           0.45597
           0.18742
           0.11765
          -1.88287
          -0.40274
               NaN
          -0.52926
           0.73057
          -0.03900
          -0.66021
          -1.10536
           0.25895
          -0.04573
           0.18531
          -1.62032
           0.86098
          -1.67721
          -0.80955
          -0.65730
           1.64330
          -0.06136
          -1.43754
          -0.39698
          -0.50335
           0.84775
           0.34503
          -0.68491
           0.50387
          -0.41854
           0.03499
          -0.14263
          -1.43798
          -0.89338
          -0.98026
           1.96899
           0.53309
           1.33977
           0.61161
          -0.94445
           1.25138
           0.59057
          -0.88085
           2.18328
          -0.11028
          -1.01367
           0.48868
           2.07219
           0.09179
          -0.93050
          -0.93763
          -0.65731
           1.20860
           0.65929
           0.26206
          -1.73688
           0.04839
          -0.11013
          -1.70446
           2.05254
           0.96263
           1.75188
           0.58721
           0.60763
           0.41577
          -0.31678
           0.03097
           0.30034
          -0.02012
          -0.42977
          -0.43042
          -1.21192
          -1.43045
          -1.56416
           0.10068
          -1.06680
           0.45381
           0.72906
          -1.75416
          -1.07521
           0.72854
           0.05997
           1.71389
               NaN
          -0.21588
           0.96972
           0.19462
           0.89380
          -0.27678
           0.43651
           1.07149
           0.26237
          -0.43499
          -0.63406
           0.73764
           0.90901
           1.08612
          -0.20688
          -1.48799
           0.62987
           1.08533
           0.98577
          -2.06599
           0.01913
          -2.67235
           1.78954
          -0.45175
           2.02286
           1.94205
           0.46625
          -0.28853
           0.47185
          -1.35781
          -0.58754
          -1.06123
          -1.38660
          -1.73378
           2.35500
          -0.04324
           0.60936
          -1.21166
           0.59362
           2.17932
           1.44235
          -1.57903
           1.34657
           1.65385
           0.79164
           0.50663
          -0.54199
           0.46979
          -1.64755
           0.87687
          -1.30866
           0.20561
          -0.13394
           0.12688
           0.94531
          -1.56907
           0.81829
          -1.37028
          -1.41455
           1.67653
          -0.71785
           0.92649
          -1.19357
           0.68518
          -1.35883
          -0.71352
          -0.07991
           0.38026
          -0.58251
               NaN
           0.53821
           1.12534
          -0.39744
           0.92854
           0.65650
           2.64229
          -0.25713
           0.05763
           0.90728
          -0.02007
           1.30102
          -0.90367
           0.46960
          -0.07074
           1.41968
           1.52621
           0.46241
          -2.28830
          -1.06656
           1.44165
          -0.40634
           0.64059
          -0.25236
          -1.32253
           0.59564
          -1.18334
          -0.80537
          -0.56811
          -0.40689
          -0.46165
           0.01804
          -0.70227
           0.59739
           1.80395
           0.00693
          -0.46980
           1.22761
          -0.49368
           0.94808
           0.13775
          -0.20731
          -1.18370
          -0.49648
          -0.85748
          -1.45858
           2.25528
          -0.82145
          -0.12053
          -0.62148
          -0.96086
               NaN
           0.20809
           1.10314
           0.24662
           0.48220
          -0.73021
           0.79834
           1.16666
           1.20171
          -0.83465
          -2.20316
          -0.27800
           0.01879
          -2.97535
          -1.30173
           0.29132
          -1.07800
           1.18051
           1.81689
          -2.13195
          -0.36289
          -0.44719
           0.01831
          -0.03105
           1.05720
           0.28087
          -0.82238
          -0.27894
          -1.24607
           1.53201
           2.46559
           1.31913
          -1.15401
           2.24312
          -0.65240
          -0.93441
          -1.31520
           0.89735
          -0.70152
          -0.77212
           0.83039
           1.29916
               NaN
          -0.25940
          -1.52628
          -0.85271
          -0.41846
           0.23524
          -0.53806
          -2.20037
          -0.94506
           0.61810
          -0.90684
           0.42039
           1.41706
           1.14775
          -2.00678
          -2.01808
           0.88098
          -0.50702
          -0.48582
          -1.81900
          -0.06507
          -0.17362
           0.09282
           1.60922
           0.14427
          -0.19899
           1.77885
           0.15576
          -0.18125
          -0.95996
          -0.65735
          -0.23557
          -0.46995
          -1.74202
           0.45859
          -0.73401
          -0.07496
          -1.58859
          -1.18996
          -1.68192
           0.88066
           1.29865
           0.60734
          -0.70828
          -0.20712
          -2.40137
          -0.85293
          -1.25390
          -1.25572
           0.81387
          -2.12834
          -0.54777
           0.78480
          -1.12960
           1.10349
           0.53945
          -0.53254
           1.10665
          -0.58547
          -0.40533
           0.86486
          -1.86614
           1.24335
          -0.06664
           1.16728
          -0.47895
           0.31923
           1.28003
          -0.08537
          -0.25196
           0.91753
           0.87517
          -0.95115
          -0.35741
           0.01588
          -0.62753
          -1.00355
          -0.93083
          -0.66869
          -2.40563
          -0.31648
           1.70363
           0.69135
          -2.13197
          -2.20430
          -1.73079
           0.02714
          -0.45148
          -1.28652
           0.39597
          -2.19059
          -0.39366
           0.92125
          -1.25546
          -0.71800
          -1.08374
           0.23643
          -0.11590
           0.79512
          -0.25217
          -0.06517
          -0.66542
           0.76705
          -1.30073
          -1.19159
          -0.77541
          -1.23811
           0.97748
           1.36529
          -0.20086
          -0.76931
          -1.36262
           0.39400
          -1.90647
           0.53177
           0.64806
           0.44618
          -2.47479
           0.07077
          -0.97684
           0.71211
          -1.08287
          -1.23230
          -0.01323
          -0.44779
          -0.18584
          -2.10605
          -0.79280
           1.30698
          -0.10563
          -0.72531
           0.61152
          -0.28300
          -0.45298
           0.64679
          -0.15714
          -1.50864
          -1.78318
          -0.16434
               NaN
          -1.24506
          -0.45299
           0.40122
          -0.49003
           0.45923
          -0.39207
           1.03533
          -2.15149
           2.01775
          -2.15887
          -0.98048
           0.04012
           2.03932
          -0.69509
          -1.21869
           1.37260
          -1.20268
           0.22977
          -1.96508
          -1.91059
          -0.56897
          -2.22579
          -1.71727
          -0.90118
           2.17813
          -0.60195
          -1.02910
           1.47762
           0.17486
          -0.59413
           0.00428
          -0.12560
           1.48283
          -1.09620
          -2.04849
           0.96706
           0.97113
          -0.32102
          -0.27193
           0.14532
           0.97925
          -0.59796
          -0.52377
          -2.55351
          -0.78952
          -0.85343
          -0.06793
           0.40430
          -0.31485
          -0.48638
           0.44316
          -0.63373
           1.19451
           1.61412
          -0.84572
          -0.34285
           1.30015
           1.93619
           1.21122
           0.17906
           0.95077
          -0.23849
          -0.60507
           0.05595
          -1.53007
           0.58060
          -1.36974
          -1.71136
           0.75307
          -0.56505
          -0.56429
          -0.28207
           1.27292
           0.50285
          -0.45443
           0.56734
           0.60326
           0.53879
          -0.47070
           1.41531
          -0.13527
          -0.42696
          -0.15472
          -0.37469
           0.09943
          -1.87894
           1.64661
          -0.04851
           0.29975
           1.48973
          -0.21735
           0.56553
           1.89517
           0.03575
           0.28098
           0.81005
           0.14837
           0.32302
          -0.57913
          -1.20434
          -1.57901
           0.52295
           0.80965
           0.69522
          -0.85017
          -2.46863
          -2.51319
          -0.50316
          -1.67548
           0.08291
          -0.73356
          -0.16093
           1.01150
          -0.13137
           0.19707
               NaN
          -0.77066
          -1.86522
           2.01237
          -1.03400
          -0.25371
          -0.29720
           0.00702
          -1.01735
          -0.18937
           0.06071
          -0.17667
          -0.92748
           0.70634
          -0.35309
          -1.34814
          -0.66556
          -0.67682
          -2.25561
          -1.68324
          -1.53258
           0.35531
          -0.53722
          -0.31425
          -0.54745
          -2.92297
          -0.08418
          -1.93444
          -1.32200
           2.04635
           0.28777
           1.17184
          -1.11321
           1.66430
          -0.25951
          -0.53398
          -0.02855
           1.40782
          -1.58163
          -0.34802
          -0.01521
          -0.91994
          -0.62539
           0.75835
          -0.91479
          -0.64743
           0.92666
          -1.44852
           0.06047
          -1.17402
          -0.75086
           1.49375
          -2.18599
          -0.11949
           0.36652
           0.04985
           0.62387
           1.23390
          -1.07477
          -0.04581
          -0.05449
          -0.69464
           0.05911
           0.56511
          -1.39228
           0.27627
           1.59658
           0.14688
          -1.27790
          -2.05199
           0.59426
          -0.36787
          -0.38268
          -0.60642
           0.65696
          -0.46005
          -1.04356
          -1.34669
           0.14950
          -1.01041
          -1.19305
           2.10394
           0.12548
           0.07620
          -1.41889
           0.14100
           1.07141
           1.06588
           0.61915
           1.02316
          -0.49422
           0.16109
          -0.54541
          -1.69318
          -0.03863
          -1.55620
           1.11118
          -0.22512
          -0.92780
          -2.17164
          -2.04203
          -1.87181
          -1.89563
          -1.05549
          -1.46190
          -1.42589
           0.88561
           0.81492
           0.39543
           0.69421
          -0.03323
           0.35293
          -0.14985
          -1.20063
          -0.18222
          -1.74062
           0.55489
           0.94275
          -1.64103
           1.28402
           0.16150
           1.48635
          -2.18208
          -1.61917
          -0.31107
           0.35528
           0.40137
           0.00324
          -2.84559
          -1.97824
           0.13252
          -0.62069
          -1.33669
          -2.01222
          -0.27625
          -2.37711
          -0.76368
           0.53206
          -1.42770
          -1.77897
          -2.20209
          -0.36647
          -0.64054
           0.07727
           1.14718
          -1.47185
          -1.22544
          -0.18018
          -1.59341
           0.47692
           0.19169
          -0.89876
          -0.50223
           0.64622
           1.81267
               NaN
          -0.41096
          -2.31199
          -0.16335
           1.00824
           0.11786
           0.18727
           2.49992
          -1.89397
           1.38959
           1.59197
           0.75559
          -0.07983
          -0.68469
          -0.71934
          -0.92727
          -1.23646
           0.81936
          -0.51040
           0.70583
           0.49213
           0.96814
          -0.28249
           2.67335
          -1.92627
          -1.33218
           0.11881
           0.26031
          -2.59543
          -1.16696
           0.07169
          -1.54284
          -0.07073
          -0.49844
          -0.32820
           0.62334
          -0.23881
          -1.14370
           1.01379
          -1.26192
          -0.66927
          -0.78741
          -0.55712
          -1.04095
          -0.35026
           0.46809
           0.44917
           0.05732
           0.61260
           1.44122
          -0.17287
          -1.35069
           0.24253
          -1.24819
           0.85567
          -0.87883
          -2.20512
          -0.16824
           1.08204
           0.91276
          -1.18224
           0.69771
          -0.29308
           0.76069
           1.38120
          -1.48790
          -0.26556
           0.96240
          -0.19414
           1.10991
           1.21938
           1.51113
           1.47675
           0.04918
          -2.03088
           0.21144
          -0.38811
          -0.36620
          -1.07842
           0.17613
          -0.70895
          -0.36886
          -1.05118
          -0.35821
           0.45264
          -0.20262
          -2.09029
           0.12699
           0.27719
          -0.12156
          -0.31041
          -0.33791
          -0.60804
           1.64101
          -1.35129
           2.07348
           0.54256
          -1.18893
          -0.40633
           0.31198
           0.23558
           1.10823
          -0.43364
          -0.36296
           0.09746
           0.20604
           1.64621
          -0.32277
          -0.25868
           0.36239
           0.06294
          -0.46114
          -0.48489
          -1.48095
          -0.42392
           1.59061
          -1.64183
          -0.31137
           1.28231
          -0.45353
          -1.71989
           0.03749
           0.98492
          -0.36948
          -1.63281
           0.26716
           2.27896
          -0.43133
          -1.43736
               NaN
           0.59208
           0.71113
           0.99164
           0.75472
          -0.81974
           1.74682
           1.14686
          -1.21532
          -0.77459
          -0.31514
           0.02452
          -1.16378
          -1.69466
           0.99030
          -0.80717
          -0.22288
          -0.47930
           1.47052
           1.21939
          -1.00072
           0.45934
          -1.47136
          -1.17582
           1.39840
           1.09403
          -1.29431
          -0.82394
          -2.42767
           1.52874
           0.37651
           0.56257
          -2.39678
          -1.43473
          -0.60005
          -0.24078
           1.27961
           0.41980
          -0.45909
          -0.02094
          -1.48490
           0.13949
           0.96623
          -1.06485
           1.38052
           0.49235
          -1.24166
           0.30559
           1.21492
          -2.70448
           1.74909
          -1.44376
           0.22522
          -0.31528
           0.95040
          -0.32910
           1.17037
           0.02961
          -1.19395
          -0.13099
          -0.86389
           0.59031
           0.08138
          -0.19804
          -0.61267
          -1.26012
          -1.16476
          -0.83949
           0.20669
          -2.17850
           0.39713
          -1.39151
           0.59659
           2.06153
           0.57835
           1.11038
          -0.10196
          -0.76424
          -0.05428
          -0.40079
          -1.69705
          -0.68193
           1.49264
          -0.62624
           0.79349
           1.11058
          -2.29127
           1.26658
           1.41316
          -0.46784
          -1.54973
          -0.02624
          -1.04068
          -0.27831
          -1.15545
          -0.41829
           0.98022
           2.89315
           1.34620
           2.41333
          -2.12464
          -3.14354
          -1.97735
           0.35925
           1.28253
          -2.16191
          -0.86030
           2.06237
          -1.21730
          -0.33922
          -3.31065
               NaN
           0.57469
          -0.42149
           1.22948
          -3.48465
           2.19982
           1.21978
           1.98270
          -0.79667
           0.86394
          -0.22466
           1.53038
          -2.13770
          -2.98668
           0.01268
           0.86212
          -0.20969
           1.42331
          -0.17284
          -0.73598
           1.26385
           0.06313
           0.62092
           0.51984
           2.06646
           0.19108
           1.27591
          -0.76015
           0.38670
          -2.28757
          -2.30160
          -2.39979
          -0.51956
           0.16291
           0.36739
           1.80970
           0.63233
          -0.44389
           0.48470
          -2.58386
           0.28337
           2.15042
           0.37945
           1.03072
               NaN
          -2.16524
           1.94494
           2.13538
           0.51999
               NaN
           0.83719
          -0.17643
           2.05418
          -0.13610
           0.42568
          -0.56885
           2.71556
           1.18823
          -0.40201
          -0.37122
          -2.31926
           0.17864
           0.23234
          -0.94732
           1.03000
          -1.72365
           0.11841
          -1.59686
          -1.70287
           2.40599
          -0.45417
           1.25504
           1.23015
           1.70414
          -1.56675
          -1.09884
           1.74921
          -0.69213
           1.06888
           1.08813
          -1.81872
           1.53893
           0.11231
           2.23508
           0.67007
           0.57779
           1.44338
           0.05482
          -1.93152
          -0.51974
           0.05883
           1.47953
           0.45038
          -2.26091
           0.40548
           0.14653
           0.76927
           0.38879
          -0.15502
           2.67779
           2.21540
          -0.96765
          -1.62861
          -0.41605
           0.05556
          -1.73394
           0.41375
           0.99758
           0.33639
           1.83478
          -2.24051
          -0.58686
           0.84379
           0.92071
           1.54701
           0.28528
           0.55430
           0.40018
          -0.02843
          -1.73798
           1.05590
          -0.52828
          -0.41896
           0.86132
          -0.05609
          -2.08209
           0.75411
          -2.05708
          -0.78359
          -0.24677
           2.05774
          -0.08897
          -1.87824
           1.06086
          -0.64012
           0.61838
          -0.59529
          -0.26365
          -2.44179
           1.46202
           1.48009
           0.76818
           0.58903
          -0.17769
          -0.48480
           0.78417
          -0.60481
          -1.05818
           0.47083
           0.81780
          -0.66291
          -1.55919
          -0.43383
           0.38960
           2.90922
           0.26336
           1.17376
          -1.07051
          -1.78195
          -0.05397
           0.51592
           1.03850
           0.94402
          -1.72714
          -0.79645
           0.02139
           1.65929
           1.16607
           0.97539
          -0.10408
           0.40704
           1.02420
           0.56545
          -1.52980
           1.17899
           0.27406
           0.64994
          -1.80101
          -0.45903
          -0.39340
          -0.11384
          -1.88762
           1.03648
           0.41061
           0.21412
           0.26417
           1.60929
          -0.97776
          -1.32266
          -1.56606
           0.22437
          -0.79265
           2.14273
          -0.16365
           0.75141
           1.02972
           0.38358
          -1.74461
          -2.13202
           0.50625
           0.39154
          -2.16954
           0.76304
          -0.63209
          -0.55662
          -2.10291
          -1.65865
          -2.42291
          -2.23049
           0.40813
           0.54369
          -0.96118
          -0.90641
          -3.53487
          -0.15487
          -1.63768
          -1.11471
           0.29887
          -0.81732
           1.29839
          -1.22775
           2.62863
          -0.34956
           0.44772
           0.20599
          -0.94255
          -0.22783
          -0.18088
          -0.84780
           2.25161
           0.55320
          -0.21675
          -0.47533
          -1.00763
           2.21027
           1.21350
          -0.15416
          -2.20191
           0.43007
          -1.33395
           0.32013
           0.18606
          -0.88826
           0.76794
          -1.03188
           0.91750
          -1.87154
          -0.34104
           1.70272
           2.95896
           1.00472
          -1.03706
          -0.58627
          -0.90539
          -0.03695
          -0.32179
           3.19201
           1.67328
           0.87867
          -2.11047
           2.30508
           0.05735
           0.63147
          -1.62413
          -0.70134
           0.69566
          -1.87053
           0.82459
          -0.27536
           1.34792
           0.84444
           1.99558
           1.14624
          -2.06832
           1.95949
          -0.06303
           1.32655
          -0.61671
           0.56818
          -2.28288
          -3.04964
          -3.23854
           0.74437
           0.43175
               NaN
           1.51660
           0.59988
           0.53653
           1.68394
          -1.54323
           0.37325
          -1.00714
           1.93618
               NaN
          -1.06227
           2.03716
           1.47352
           2.56850
           0.56009
          -0.75941
          -3.72775
           0.69075
          -0.69198
           0.10405
          -0.14947
           0.91173
           1.20330
           3.05976
           1.62784
           1.28490
          -0.04673
           0.72022
          -1.98361
           3.35908
           2.92520
           1.49895
           2.23425
           0.20584
           2.11080
           1.64484
           0.06190
          -0.39788
           1.62300
           0.34716
          -1.38302
          -2.21347
           1.69143
           0.36138
          -1.28761
          -1.22353
           1.60760
           0.09156
          -0.81022
           1.42532
          -1.99330
           0.15709
           0.42389
          -1.83872
           0.14575
          -0.29239
               NaN
           0.51208
           1.72086
           1.12784
          -0.33340
           0.48147
           0.95580
          -2.21852
           1.32851
           0.84563
          -3.20417
           0.57208
           1.02972
          -0.06031
          -0.48544
           2.27560
          -0.49131
          -1.05914
          -1.97703
          -1.84046
           1.38569
          -1.42918
          -1.14200
          -0.19683
          -0.85641
               NaN
          -0.57761
          -1.11249
           2.42390
           1.44422
          -0.85959
           0.44496
           0.65748
           1.15403
          -0.67508
               NaN
           0.90930
           0.14921
          -1.03332
          -0.94591
          -0.23909
          -1.60728
          -0.15907
          -0.77112
          -2.59877
          -2.07224
           0.00043
           1.95450
          -1.19247
          -2.37788
          -0.97388
           1.55347
           1.37661
          -0.74979
           0.17349
           0.00602
          -0.99060
          -0.22273
          -1.68714
           0.02438
           2.07870
           0.72182
          -0.55155
           0.12633
           0.09014
          -1.43114
           0.60405
          -0.75185
           0.03849
          -0.38730
           0.26912
           1.74888
          -2.22366
           1.08313
          -0.07983
          -0.53782
          -0.81957
           1.80297
          -0.43735
          -1.15535
           2.44312
          -1.49677
          -0.02804
          -0.90899
          -3.00135
               NaN
          -2.46353
          -1.93822
           2.56636
          -2.02558
           0.78159
           0.22490
          -1.76057
           1.27156
           1.06344
               NaN
          -0.16020
          -1.88849
          -0.62504
          -0.52331
          -0.14391
          -0.50430
          -1.12623
          -0.43941
          -1.08557
          -1.41558
          -1.99006
          -1.24648
           1.18377
           1.47968
          -1.36904
           0.03608
           0.60292
           0.19854
           0.65365
           0.22762
          -1.57057
           0.13760
          -1.07143
           1.04066
          -0.46851
          -1.60027
          -1.45111
          -0.03486
           0.42698
          -0.24963
          -0.98630
           2.09681
           0.34656
           0.14397
          -1.21341
          -1.04445
          -0.03456
          -0.07649
          -0.31850
          -0.05941
          -3.24440
           1.46126
          -0.09259
          -0.58131
           2.10236
          -2.28343
           0.27875
          -0.27084
           0.00930
           1.47046
          -1.08264
           2.91251
          -0.95128
           0.60371
          -1.75426
          -2.08635
          -1.59740
          -0.44579
           2.94239
          -1.55681
           2.20346
           0.31284
          -0.20037
          -0.19951
          -1.97035
           1.05454
          -2.44743
           3.06891
           0.64249
           1.49509
           0.05631
          -0.01326
          -1.97130
           0.78428
          -0.25255
           1.13065
          -1.71581
           0.84472
           1.53943
          -0.35413
          -0.22515
          -0.96789
           0.27821
           2.03500
               NaN
          -0.92045
          -0.70627
           0.21185
          -0.68875
           1.06653
           2.23777
           0.98320
           1.59036
           0.09124
          -0.55848
           0.41803
          -1.87132
          -0.38997
          -0.87553
           0.72581
          -0.19183
           1.70445
          -0.23975
           0.26189
           3.60879
           2.44974
           0.60574
          -1.06304
          -0.72695
           1.85097
           2.38211
           0.99781
          -0.83008
           2.25313
          -0.15884
          -1.34442
           0.43590
           3.34234
          -0.34448
           1.14572
          -0.46797
           0.98211
           0.82544
          -1.04358
          -0.41257
           0.59348
          -2.04026
          -1.20739
          -1.10316
          -0.28396
           1.76033
           3.05345
          -0.98489
           1.37959
          -1.61041
          -2.05304
          -0.39148
          -1.16938
          -0.84607
           0.25034
          -0.31370
           0.00951
           1.40872
           0.93029
           1.32477
          -0.27534
           1.76921
           0.32751
           1.30674
           0.60489
          -2.49094
           1.22951
          -0.81528
          -0.18410
           1.34837
           2.04492
          -0.69749
           0.07154
           2.26600
          -0.19345
          -0.99792
          -1.27601
           1.18082
           1.53380
           0.38010
           0.42827
           1.50778
          -0.01899
           0.69834
          -0.85644
           2.94700
           2.02238
          -2.24726
          -2.12866
           0.75573
           0.56959
          -2.13649
          -1.16880
          -0.01002
          -1.21200
          -0.33632
           1.89346
           0.27015
           0.04438
          -1.06622
          -0.64358
          -1.08731
          -0.45563
          -2.97749
           1.82243
          -0.77874
           1.90690
          -1.32188
           1.03793
          -0.72900
           1.46579
          -0.93235
           1.29035
          -0.88364
           0.90311
           1.56686
          -0.35477
          -2.11001
           0.86892
           1.19163
           1.69505
          -1.39373
          -0.92747
          -0.54330
           1.78419
          -0.46526
          -1.27299
           1.04685
           1.01799
          -0.36824
           1.36389
           2.11369
          -1.37685
          -0.09922
          -1.23745
          -0.04772
           1.18255
           0.73278
          -1.84905
          -0.65761
           0.74024
          -0.28326
          -0.69312
           0.73650
          -1.91257
           1.32543
          -0.09026
           2.02698
           0.21296
           0.65791
          -0.28842
           0.75185
          -3.11009
           2.60299
          -2.97945
          -3.49558
           0.06869
          -1.60647
          -2.25248
           1.58165
          -0.38717
          -0.32485
           0.96795
          -0.49980
          -0.35794
          -0.19535
           1.55224
           0.96704
          -0.19931
           1.05187
          -1.18089
           1.40559
          -0.46506
          -3.68610
          -1.37322
           1.66936
          -0.50197
          -0.70502
           0.25590
           2.64010
           0.99551
           0.81791
           2.51858
           0.11874
          -0.73506
          -0.76836
          -2.22575
           0.75786
           1.90217
          -2.06797
          -0.43878
          -0.66747
          -0.49310
          -2.56573
          -0.83924
          -2.46866
          -0.44032
          -0.26912
           0.40902
           0.18068
          -1.76099
          -1.09245
           1.74050
          -0.05762
          -0.06408
           1.02211
           0.48921
           1.76558
          -0.89694
          -2.49522
          -1.93671
           3.21992
          -0.47328
          -0.10992
           2.91987
           0.64484
           2.77863
           0.23320
          -2.08164
          -0.09887
          -0.16865
          -1.80562
           0.54546
          -1.18000
           2.47718
           1.00638
           1.79405
          -0.92410
           0.03803
           2.64012
           0.61258
          -1.07232
          -0.35995
           0.46003
           1.79615
           1.38075
          -1.01331
          -0.19194
          -2.19481
          -0.97903
          -2.00959
           0.19834
           2.25140
          -0.38985
           1.96218
           0.49473
          -0.14688
           3.29601
          -3.02082
           1.40391
          -1.20044
           0.19415
           0.83289
          -1.42068
          -0.42298
           2.23024
          -1.40369
          -2.06197
          -0.22559
           1.54584
           2.83774
          -2.52231
           0.61681
          -0.61826
          -2.37088
          -0.40158
          -1.86359
           0.97461
           0.07386
          -0.19844
          -0.15789
           0.40159
           3.14213
          -2.18840
           1.62170
          -1.33176
          -0.17989
          -0.44037
          -0.82079
           0.30156
          -1.08958
          -2.49434
          -1.89514
           0.82195
          -2.42483
          -0.07665
           2.26121
          -0.27467
          -2.17506
           1.36278
          -0.02299
           0.73331
           0.92398
           1.19809
          -0.34150
           0.75225
          -0.18604
          -0.24489
           3.18626
          -0.05116
          -1.35000
          -0.75348
          -0.68076
           1.04064
          -2.40345
          -0.96626
           0.39701
          -0.07125
          -1.18814
          -0.27379
          -1.91278
          -1.33798
          -3.35571
           2.12978
           0.17654
          -0.61032
           1.18382
           2.69529
          -0.54528
           1.10858
          -1.05476
           0.51263
          -0.76366
           0.29829
          -0.11496
           1.90813
          -0.91183
           1.38980
          -1.36353
           1.43877
           0.36376
           0.90122
          -2.41875
          -0.43052
           0.14010
          -1.35666
           2.24942
           1.79706
           0.04340
           2.46335
           0.98044
           2.01532
           2.08453
           0.46752
           0.41441
          -0.48040
          -3.46122
           0.27802
          -0.70434
          -0.67204
          -0.70046
          -0.57524
          -0.16837
           0.26084
          -1.44893
           2.31746
           0.17370
           0.18584
           0.56949
          -0.49498
          -1.26767
          -1.89319
           0.49195
           0.35805
           0.70040
          -0.63326
           1.54352
           0.65127
           0.95070
           1.28706
          -0.83299
          -1.45078
          -0.41352
           0.55065
           1.12478
           0.86185
           0.36096
           0.36247
          -0.87230
          -1.77425
           0.62166
          -0.53404
           0.42882
          -0.16938
           0.42495
           1.55899
           0.51199
          -1.53391
          -2.51349
          -2.25656
           1.02144
          -0.51555
          -0.24007
           0.39852
           2.35514
           0.53993
          -0.82096
           1.93653
           1.12373
           0.58259
          -0.13296
           3.19788
          -0.06936
           1.24924
           0.45391
           0.17975
           2.58446
          -1.21893
          -0.66941
           1.25463
          -1.87445
           0.08182
          -1.80575
           0.80125
           1.89813
           0.44521
          -0.50370
          -1.17846
          -2.48357
           0.71031
          -0.20010
           0.14506
           0.32793
           1.14867
          -0.25737
           1.97241
          -1.67386
           1.59122
          -1.43932
          -0.34700
           0.51441
          -0.61917
          -0.40137
           0.07696
           0.67487
           0.68078
           1.50029
           1.35223
          -2.22992
           0.39637
          -0.73303
          -1.08157
          -0.02810
           0.15804
           1.15453
          -0.75746
           2.58594
           2.20848
          -2.30936
          -0.16772
          -1.92766
          -0.51190
           0.30560
