           0.67741
         -21.22470
               NaN
          -2.21437
           0.77479
          12.00629
           9.04475
           7.47773
         -15.04534
          16.94587
          16.96427
         -16.82120
          -8.42953
          19.74159
         -15.52926
          -5.26115
           5.73455
           4.58560
          -3.91175
           3.06999
          -4.70873
          -3.80476
           7.03812
         -12.46553
           4.78453
           2.37365
           0.94109
          12.95086
          -7.19137
          18.12718
          13.14242
          11.40697
          17.96883
           0.93950
          11.44664
           1.58800
          -8.84925
           0.30935
         -13.87465
          17.70903
          -1.15530
          -3.01433
           2.44940
          11.86882
           4.65711
               NaN
          10.87258
           7.03855
           4.34820
          -2.11864
         -14.67689
          16.08170
           9.78576
         -17.58012
          -3.73131
           7.66805
          16.70947
         -14.16057
           0.02898
           6.82435
          -7.37573
          -2.20735
               NaN
          -3.37213
          -2.24097
          -0.68525
          -2.15692
          -7.55283
          -5.62649
          -8.27547
         -14.36444
          -4.54701
          -0.73163
          19.91882
           3.03517
          -0.07116
          17.31204
          -2.30515
          -3.42069
           3.37762
          16.84046
          10.01362
          12.69469
           2.05186
          11.08256
          17.02227
           7.30890
         -12.83749
          -8.19956
           4.04023
           4.33610
          -1.57152
          12.61124
           3.30442
           3.91030
         -20.06145
           5.94297
          21.03154
           7.94090
          -4.55126
           7.18685
           0.41864
         -15.46378
          -7.59530
         -11.04603
         -14.55896
          -7.43517
          15.39246
          -5.15097
          -4.73728
         -10.86172
          -5.04427
           1.33880
           3.46444
          -0.49172
         -11.41289
          22.12285
           1.74162
           0.30542
          10.91294
          -1.81851
           0.98747
           2.29809
           5.17868
          -4.69155
          -4.22946
               NaN
           2.04928
          -1.42336
           3.49946
           0.99973
           3.48264
         -16.99706
          -5.87305
           3.47603
          12.68421
          -1.44619
          16.85505
          -5.82502
           7.16696
           8.46673
           5.81501
           4.01877
           3.32371
           7.61661
          -1.22637
          -0.25816
           3.01528
           4.78583
          17.07531
          16.34537
          -2.52201
          -2.71545
          -7.63144
          -1.47596
           2.39881
         -14.35815
          -9.90398
          11.53733
          -4.44537
         -11.48432
         -12.19169
         -12.58731
           5.76106
           3.59073
           2.37350
           0.60630
          13.01438
           9.72065
          -6.16928
          -9.79581
          -1.55440
           0.91189
          -2.18341
         -10.71631
          18.54169
         -13.13790
          -3.09054
          -0.03369
          12.30822
         -10.36518
          -6.37019
           4.33433
          -6.53410
          -7.51584
           4.13517
          -6.31981
          -1.87920
          14.56491
         -14.72645
          12.05158
           7.17620
               NaN
           0.49444
         -18.35886
          -3.03427
          -0.99637
          21.52129
           7.17018
          -3.81935
          -7.73933
           9.87457
           4.25102
           9.19730
          -2.69691
          -1.69267
           4.05653
          15.77742
          10.85372
          13.73209
          -2.70907
          -9.20237
          -6.85705
          17.64532
           0.84396
          12.10589
          -5.27667
           0.60765
         -13.81633
           9.51793
           9.79328
         -11.73943
          -6.74235
           4.37954
          -5.89363
           1.05347
          -2.81751
          -7.53961
           4.28596
          -3.44286
          -1.75127
           3.63173
          11.48827
          -9.19267
          10.98474
          10.20900
          13.68958
           6.65094
          -9.58367
           6.29010
           5.28373
           4.69523
          -4.99458
          21.13170
          -3.34744
          -3.85544
          -5.06676
          -5.36561
           0.12758
          -3.52307
          12.21021
           6.80005
          11.46808
          -2.47686
           9.83452
          -2.63373
          -1.03604
          -1.89059
           1.05695
         -11.18474
          -7.69716
           7.96180
           4.13092
          -5.81285
          -5.87499
          17.73373
          -8.39883
          16.08342
           4.48691
          -8.34748
           6.58879
           5.03348
         -12.97689
           6.97525
           2.91315
          14.78454
          -3.44518
           7.29150
           4.64709
          -0.46701
           4.27701
          -3.04957
         -14.08925
          11.44603
          20.12608
          12.21944
          -7.14666
          -7.74152
          -0.26894
           4.52125
          13.80497
          13.44998
           8.86183
          -3.20023
          -1.10780
          11.54179
          -8.36872
           7.66889
           6.33077
           8.30295
         -14.99417
           7.35159
          10.62972
          -9.53944
           5.90950
           7.56599
         -11.07454
         -11.93499
           7.79936
          -0.09706
          -2.29313
          20.03209
          14.80931
          12.20033
           5.97347
          -0.46203
          -7.05914
          -0.34456
          17.39020
          -0.74923
          -5.40849
           5.13096
           0.16274
          -7.34167
          11.66915
           5.63892
          -5.78561
          13.72002
           5.53211
          19.62760
           4.88826
           4.60525
           0.39011
           1.63117
           6.79039
          -2.98368
          11.10117
          -1.50986
          11.06124
          15.03327
           0.60006
          -7.06698
           8.33968
          19.20038
         -20.92688
         -10.52392
          -2.94910
          11.21202
           5.17682
           5.39430
           5.22141
          -0.05827
               NaN
          -4.12204
          -3.78862
           1.21883
           1.35677
           3.37977
          10.73288
          -6.79199
         -19.33081
           0.86257
          24.34570
          -8.03351
          25.24161
          -1.88636
          13.05132
           5.83377
           1.98007
           6.35584
          13.27195
          -0.31478
         -11.81960
           1.61334
          -3.73823
           0.48123
           0.10633
           2.37150
          10.05571
           7.17730
         -14.57932
           2.63916
         -16.86687
          -8.97503
          -6.77511
          10.37654
          -7.42583
           5.07641
           2.46575
           9.71103
           5.26423
          11.64590
           7.80903
           6.45724
           8.16313
           2.84639
           5.09180
               NaN
          -7.50822
          -8.06319
          -6.29572
          -5.96367
         -13.13209
          13.96765
          -7.13560
           2.58696
           6.04947
          -4.30084
          -4.96540
          17.15444
          -6.48244
           6.22105
           5.07361
           0.38193
          -1.30444
           6.55174
           3.97023
          17.75463
          14.15669
           4.71743
          -4.10534
          18.26133
          -0.10999
           7.10231
          -8.02681
          11.65452
           7.39438
          -9.35541
          15.42438
          18.29466
               NaN
          17.42690
          -8.74413
           1.85435
         -12.38463
          -1.23448
           6.45952
          -5.61397
          12.46501
           0.58915
          -1.51664
          -7.87376
         -11.77478
          -4.64250
           5.41235
           7.36845
          -5.28898
               NaN
           1.16248
          14.18058
           4.51744
          20.71276
           2.00091
          -3.88712
           1.53137
          -9.46388
           5.63536
          -9.28706
           2.10122
          21.11520
           0.70875
          -5.23384
         -11.54555
           0.77185
          -4.23945
          -3.40143
          16.48010
           5.68583
           9.14559
         -11.01627
         -12.00682
           2.58288
          21.85046
           3.69984
          -1.92341
           4.26615
          12.46548
          15.79591
          -3.97429
         -17.92276
           7.10879
          -2.55116
          -0.77694
          23.14178
          -2.34383
           4.44575
          -5.66502
          -8.30368
          -7.06642
          -3.10324
          -2.54739
           4.15263
           5.98401
           7.49527
           7.52594
           1.75324
           1.85625
          -9.92908
         -11.52872
           3.43354
          -0.90130
           7.83036
          -6.04308
          -6.95580
           1.04599
          14.39510
           1.68049
          -9.32717
           9.01580
          -8.90962
          -1.03478
          17.61168
           1.33043
           4.97523
           9.10864
           4.81718
          -3.15409
          -0.57272
           1.42145
          -2.61791
         -16.91629
           0.58052
          -4.28795
           4.68158
           2.62051
         -17.98207
          -6.67836
          -1.74573
           2.41265
          -0.92012
         -14.17735
           8.66089
           1.07358
          -3.89163
           0.91227
           2.22676
         -12.47643
          -0.32672
          -3.24091
         -16.13316
         -19.86316
         -10.48696
           7.94308
          -8.58515
           4.65437
           6.65609
          -3.50279
          -1.03963
           3.45975
          -7.40808
          -6.75373
          -8.20358
           2.35915
          11.99609
         -11.43979
           5.29411
          -5.95699
          12.62968
           5.67533
          -0.97513
               NaN
          -1.20233
          11.62918
          -8.45968
          -4.45838
          -8.14899
          -3.12967
           5.99670
          -5.46022
         -10.12062
          -1.67495
          12.56356
          -3.40252
           2.24027
         -13.58424
          -8.22916
           3.71463
          12.89651
          14.91694
         -14.83631
          -3.14629
          -3.05083
           6.99911
          14.32194
           0.16647
          -6.06024
          -8.87967
          -6.04977
          10.34351
           7.85191
           9.87593
           9.70623
          -2.97593
          11.59052
           6.08068
         -10.27739
          -1.41029
           4.28225
          -6.08165
           9.19663
         -12.27522
         -14.93181
          12.34460
          -3.95573
          15.33476
          11.92520
          16.64526
           2.58962
         -12.79847
           0.19715
          -9.43950
          -5.19122
           4.33020
          12.10389
         -10.37168
          -2.80776
          -2.15418
           7.20474
          -7.36584
           8.25791
           9.69391
           7.18686
          -6.89948
          -0.58698
          -4.39134
           0.44636
          -2.21192
          13.61775
           9.69809
          13.65487
          -0.10553
           2.18027
           1.01465
         -10.89635
           2.41780
         -16.89137
           4.39716
          11.24974
          -4.56282
          -3.56594
               NaN
           4.12283
           4.16083
         -11.43310
           1.80769
           0.87524
          10.52572
           9.48296
           7.64464
          -1.11095
         -20.70541
           7.75233
          -3.27555
          -6.61238
          10.30573
          14.27256
           4.70141
          -5.29747
           4.62092
           7.49278
          13.18998
          10.58375
           1.39978
           3.75924
          14.37625
           7.01122
          -8.75032
          -9.17756
           0.57867
          -1.32874
          -7.72091
          -2.61791
         -11.00894
           6.90988
          18.82508
          -6.10576
           3.18533
           6.91752
          -0.78383
          24.21834
          -2.01154
           8.51839
          10.09890
          -1.97168
           1.67371
           2.09191
           6.36921
          -1.30559
          -7.47146
           8.70114
          10.80944
          -3.91532
          12.73949
          -3.13513
          13.40179
          -0.36590
          11.63062
          -3.56764
          14.90196
         -21.56710
           9.47125
          -0.38370
          -7.83835
         -15.42441
           9.37063
          -2.86889
          12.69304
          13.08774
           3.19140
         -13.89377
           9.04497
           8.40979
           7.09163
           7.02304
           2.19662
          12.60405
          -2.09420
           7.88922
          12.76213
         -19.44336
           7.49210
          -0.61833
         -19.99044
           2.87845
          -3.28771
          10.66735
          -6.37658
         -16.69806
           6.50034
           5.37781
          -3.81796
           5.98680
           0.37637
          10.74911
           0.02690
          10.15887
          -8.61379
          -6.53114
           6.98664
           5.81016
           7.31688
          -0.16481
           1.41313
         -18.44192
          18.40020
           7.26735
           5.32855
           4.83207
          -4.93095
         -13.56444
          12.92241
          -5.52505
          -1.82937
           6.68377
          12.59843
           2.49752
          12.55998
          -6.76579
          11.77507
          -0.06428
          -3.91056
           3.08494
          10.23617
           1.62764
          -2.84144
          -5.36674
          -4.00107
         -12.96000
           0.38802
         -12.93248
           6.71463
          -9.84050
          14.78365
          -6.07067
               NaN
          -3.13703
           0.60671
          -2.61606
           6.13931
           4.47117
          -5.64171
           4.25252
          -2.82218
          11.43016
         -18.41057
           0.89004
          -7.06854
         -16.84264
          -3.01449
           2.89035
           6.75753
           0.04894
           7.15838
          -6.07517
           7.00877
          -4.54182
           8.47135
          -1.56883
          -0.75360
         -20.78761
          -2.04910
           4.58995
           4.70552
           8.32628
          -4.18608
          14.85174
          -3.84646
           3.82063
           5.79358
           9.14288
          -5.12190
           2.47450
          -1.36048
          -4.00068
          -3.99353
          -8.28697
           3.50632
          14.10238
          -1.59102
           2.30968
          10.33495
           3.99400
         -13.27883
          -2.94795
          -5.95604
           0.04223
          23.25441
           0.35154
          10.13346
          11.18632
          16.10276
           4.09079
           9.03013
          -4.99732
         -14.16969
          11.77301
           2.01893
         -10.21676
           3.00807
          -1.18708
         -11.25025
          -4.02466
           0.91880
           4.92375
          -3.82408
           6.25886
          -0.84273
          15.98522
           2.72579
          -8.42044
           3.28655
           1.94487
           2.64256
           8.46265
          -1.82197
          21.54997
           0.17571
           3.10418
          13.09400
          -4.76558
          13.29501
           3.45640
         -12.16094
           3.99331
           4.40769
          -1.21643
         -12.49336
          -1.55916
         -11.31974
         -12.10019
           2.54325
          13.72084
          -2.48876
          14.03083
          14.85727
          -2.55810
           7.26086
          -5.68819
          -6.30483
          -2.48391
           5.69091
          13.76361
          -1.81423
          -4.06453
           3.07523
          -3.48725
               NaN
           6.57946
         -12.96499
          -7.06012
          -1.88865
           4.59001
          -6.18470
          -5.31979
          -0.50871
           3.94298
          -7.63215
          20.95143
           9.28697
         -11.59881
           2.26391
          -3.52557
          14.11098
          14.52661
          -0.06140
          -3.10239
          -0.87727
           8.95827
          14.85158
           7.08302
          -8.45828
          -9.61949
           7.03710
          -0.91891
           0.41142
          -5.13923
         -11.33939
           3.45748
           4.08500
           2.71178
           2.41375
           0.44522
          -3.48490
          -8.12728
          -5.57317
          -8.18351
           4.52631
           3.13663
          19.02555
           2.83729
          -3.09707
          -7.20573
           3.09380
           2.67614
           5.56297
           9.79564
           0.11403
           5.00654
          -1.35000
           9.92120
           0.01860
          -8.48231
           2.55786
           5.48781
           5.76813
          -4.35640
           3.66204
          -5.72943
          15.82041
          -1.38119
          20.83436
           6.34806
          -2.69383
          -1.03598
          -8.80642
           4.12386
          -8.23505
          -0.76554
          -0.34573
           8.53542
          13.07967
           4.98653
          22.92681
           0.06446
          -5.47608
           1.89715
          18.45302
          12.91543
          -6.05492
          -4.85075
          22.58311
           8.36603
           1.02425
          -7.10198
          -5.48364
         -16.56815
           6.73261
          -3.66654
          -0.62919
          -0.85851
         -17.62923
         -10.71755
          22.16617
          -8.11329
          17.55766
           4.42225
          -1.41434
          11.18573
          -1.89484
           0.45326
           2.00616
          -4.91730
           6.58704
           4.58383
           8.86324
          -1.02089
           5.16680
          -5.21503
          -1.35750
           8.97573
          -0.18507
           0.41862
          -0.52467
          -0.13295
           1.14677
          -0.32539
          -1.17917
          -1.99641
          -1.92803
           1.51472
          -0.70754
          -0.34095
          -0.20428
           0.57620
           0.16996
          -0.17071
          -0.11259
           0.56884
          -0.00583
          -0.07203
          -0.13315
          -2.01168
          -0.28131
          -2.43324
           0.25941
           1.57715
           0.01683
           0.08896
          -0.96914
           0.95273
          -0.23223
          -1.03101
           0.10159
           0.69534
           0.15578
          -0.23256
          -0.26163
           0.27554
          -0.52645
           0.63634
          -2.11974
           0.40058
          -0.70950
          -0.79751
           0.22758
           0.23623
          -2.24862
           0.79849
           0.39272
          -0.02805
           0.31197
           1.84509
          -0.04959
          -1.69427
           0.33935
          -0.43366
          -1.47125
          -1.08134
           0.72166
           0.76117
          -1.48298
          -0.27196
          -2.81123
           0.23195
          -0.91189
           1.68970
          -0.14402
          -1.48512
           0.74979
          -0.77437
           0.52573
          -0.30704
          -0.43027
           1.96843
           0.02277
          -0.63565
          -1.07561
          -1.57218
           2.70691
          -0.64547
          -0.06843
           0.30430
          -0.08901
           0.80976
          -0.03900
          -1.25211
           0.63564
          -0.58365
          -0.13694
           1.63845
           0.65112
           0.49148
          -2.14465
          -0.63998
           0.17713
           0.47317
           1.04371
          -0.57790
           1.76932
          -0.35225
           1.06518
           1.19505
          -0.09792
           0.39028
          -0.69760
           0.79860
          -1.38736
           1.66522
           1.83328
          -0.69619
          -0.04453
           0.70731
           0.29481
          -0.71204
          -1.93075
           0.44910
           0.37393
          -1.50391
          -0.73038
           1.79214
          -1.17956
          -0.06004
           0.20632
           0.69946
           0.75683
           0.75247
           1.46572
           0.70514
           0.61632
           0.53526
          -0.22614
           2.35942
           0.80650
           1.03829
          -0.17762
          -0.40617
           0.39942
          -0.96112
          -1.22712
          -0.03139
          -0.00796
          -1.55357
          -1.39769
          -0.05174
          -0.77480
           1.35459
          -0.07435
           1.75050
          -0.95425
          -0.60020
          -1.98065
           1.20629
          -0.61538
          -0.21100
          -0.01778
           0.08339
          -2.10568
          -1.14827
           0.16894
           0.56037
           0.22258
           2.08891
           0.63790
           0.90451
          -0.74976
           0.92320
          -0.14084
           0.84268
          -0.41030
           0.83706
          -1.12708
          -0.70821
           0.36352
          -0.79768
           0.79245
          -0.56006
           1.12637
          -1.09216
           0.41806
          -0.18435
          -2.13315
           0.41900
          -1.27038
           0.10882
          -0.38554
           0.53043
          -0.21684
           0.45375
           0.29885
           0.29290
           0.01781
           0.71228
          -1.93819
           1.44433
          -2.17157
           0.58411
          -2.62715
          -0.46270
           0.06146
          -1.28375
          -0.50304
           0.82644
          -1.17036
           0.08130
           1.62769
          -0.59255
           1.67010
          -1.29452
           0.05622
           1.23651
          -1.01462
           0.22894
          -2.19472
           0.85142
          -0.68198
          -1.42648
           0.95393
          -1.21802
          -0.12477
           0.63714
          -1.45182
          -0.20202
           0.46739
           1.66682
          -0.07189
          -1.33616
          -0.87044
           1.34653
          -0.85807
           0.89875
          -0.33060
          -0.72991
           0.68875
           1.15143
          -0.82666
          -0.46864
           0.71218
           0.68258
           2.25848
           1.09540
          -0.22229
           0.91858
           1.10539
           0.92299
          -0.31474
           0.86469
          -1.02531
           0.89060
           0.37759
          -0.64553
           0.29386
           1.25465
          -0.50921
          -0.60222
          -1.98845
          -1.78960
           0.35422
          -1.37227
           0.70993
           0.45439
           0.66558
          -1.11723
           0.03119
           1.98063
          -0.00604
           1.10941
           1.42562
          -0.82940
           1.09229
           0.88284
          -0.79002
          -1.53263
          -0.70938
           0.11034
          -2.34174
           1.15842
           0.11332
          -1.15199
           0.23911
           0.85581
           1.73494
           0.76797
          -1.05633
          -0.24584
          -0.51174
          -1.01581
           1.55232
           0.39840
          -1.14711
           0.86043
          -0.01642
           0.24893
           0.57743
           1.14460
          -0.26534
          -0.89462
           1.17420
           0.61306
           0.53047
          -1.20590
           0.54894
           0.29685
           0.53841
           0.15630
          -1.14833
          -0.24970
           0.76772
           1.44653
          -0.20749
           1.77250
           1.74487
               NaN
          -2.56308
           0.82282
           0.59802
          -0.22619
           0.62286
          -0.32425
           1.58453
           1.20726
          -1.03431
          -0.82908
          -0.01625
          -1.98647
          -1.51891
          -0.01351
           0.24138
           0.56483
          -0.45663
          -1.58168
           0.08285
           0.34919
           0.10812
          -0.80160
          -0.40039
          -0.73292
           0.48875
           0.07622
           1.96146
           1.17893
           2.15511
               NaN
           2.39314
          -0.24769
          -0.25080
           1.84088
          -1.57619
           0.24443
           1.17843
           0.46716
           1.02367
           0.03030
          -0.80409
           0.49345
          -0.45426
           0.02739
          -1.43337
           1.68824
          -0.36877
           1.45562
           1.04257
          -1.60235
           0.87730
           1.21099
           0.17845
          -0.03950
          -0.31505
           0.40540
           0.66572
           1.96906
           0.53851
          -0.29718
          -0.30252
           1.56384
          -1.03688
          -0.40269
          -1.10331
          -1.00083
          -2.31193
           1.14045
          -1.91011
           0.25715
           0.26252
           2.45289
           0.33108
           1.55082
          -1.34701
          -0.01217
          -1.72219
           0.80818
           0.07469
               NaN
          -2.28923
           0.81001
          -0.27964
          -0.19754
           1.66929
           0.47848
           1.76180
           0.75448
           0.75529
           0.19851
          -1.97599
           0.18750
           1.35143
           0.16460
          -0.87699
           0.51753
           2.35371
           2.21935
           0.16440
          -0.75334
          -0.24655
          -0.20685
          -0.67834
           1.35916
          -0.75330
           0.11630
          -0.82919
           0.30827
          -0.30513
          -1.64105
          -0.27121
          -1.02694
          -0.11601
          -0.43622
           0.77652
           0.12131
           1.81995
           0.34281
           0.74847
          -1.41016
           0.47498
          -0.50263
          -2.86882
           0.00732
          -0.78529
          -0.87856
           2.40709
           0.45941
           0.39578
          -0.10496
           1.54077
          -0.69703
          -0.73320
          -0.17717
          -0.01501
           0.22922
          -1.09875
          -0.94334
           1.54068
           1.65218
          -0.38709
           0.29947
          -1.33951
           0.55171
          -0.55619
           0.00807
          -1.11877
          -0.04902
          -0.32580
          -1.43956
          -1.61458
           0.63691
          -1.19401
           0.42910
           0.14831
           0.65609
           0.73833
          -1.66859
          -1.60761
          -0.63558
          -0.25102
           0.69455
           0.62594
          -0.78254
          -0.45314
           0.25595
           0.80271
           1.34865
           0.75971
          -0.41926
          -0.65172
           1.49126
          -1.63933
           1.61330
          -1.20612
           0.48648
          -0.62638
          -1.88711
          -1.72197
           1.10253
           1.34839
          -0.47484
          -1.08952
           0.90533
          -0.75250
           1.37553
           1.83381
           0.44966
           1.04223
           1.49719
           0.54502
          -0.14984
          -1.29224
           0.80885
           0.51270
          -1.28502
           1.08313
           1.45451
           0.31411
           0.26642
           2.19716
           0.16882
          -0.30295
           2.66336
          -0.62950
          -0.78914
          -1.61960
          -1.29641
           0.89514
           0.38168
          -0.77450
          -0.03524
           0.20968
          -0.86518
          -0.44252
          -0.34968
           0.65091
          -0.30880
           0.44885
           0.92298
           0.29697
           0.50881
           0.44537
           0.87976
          -0.97285
           0.97911
           1.23589
          -1.49763
           0.20843
           0.61894
               NaN
           0.53987
          -1.77927
          -1.53916
          -1.73827
           0.76537
          -0.47203
          -1.18905
           0.94720
           0.96677
          -1.68998
           0.06739
           1.42975
          -1.08103
          -0.20213
           0.48726
          -0.37607
           1.31711
           1.89480
           0.46718
          -0.33859
           1.42076
           0.54933
          -0.04708
          -0.49466
          -0.61807
           1.35327
           1.23225
          -1.86695
           0.56244
          -0.24635
          -1.39238
          -1.50926
           0.57895
          -0.44270
           1.65164
           2.20056
               NaN
          -0.26999
          -0.21223
          -2.00972
          -0.87657
           1.51763
           0.08322
           1.77632
          -0.72378
          -0.43608
          -2.15085
          -0.46432
          -0.51886
           1.82491
           0.36907
           0.43391
           1.36308
          -0.30854
           0.11810
           0.54028
          -1.37423
               NaN
           1.35659
           0.38906
           0.64032
           1.39244
          -1.82478
          -0.25778
           2.05201
           1.09941
           1.43015
          -1.02922
          -1.05004
           0.08443
           0.96964
           0.97996
           0.92211
           0.83468
          -0.64434
           0.91153
           2.38481
           0.41104
           1.04012
           0.31675
           0.68823
          -1.29597
          -1.58631
          -0.83068
          -0.36320
           0.68846
           0.58829
           0.79022
           0.93136
          -1.37650
          -0.64818
          -1.24524
          -0.67049
           1.53560
           1.31215
          -1.77422
          -0.31710
           0.57746
          -0.74851
          -1.24220
           0.88939
           1.82179
           1.55599
           0.93040
           0.35143
           0.04391
           1.13436
          -2.03133
          -0.31079
          -1.83485
           0.35871
           0.57091
          -1.26629
          -0.99559
          -0.63108
          -0.24949
           1.32173
           2.04510
           0.18968
           0.11211
           2.30258
          -0.59271
           1.83086
          -2.39583
          -0.69254
          -1.58322
           1.38017
           0.74239
          -0.00730
           0.30847
           0.89622
          -0.33158
          -1.14757
           0.29556
           0.56858
           2.52840
           0.05700
          -0.36069
           0.62945
           0.34929
           2.30006
           0.90914
          -0.96540
           0.55153
          -0.52163
          -0.47016
           0.10304
          -0.38775
           2.14143
          -1.04203
          -0.54457
           1.50478
          -2.61795
          -2.77720
          -1.49703
           1.75091
           1.69118
          -1.11637
          -1.85895
          -1.54213
          -0.31386
           0.61266
          -0.29427
          -0.19488
           1.27651
           0.45771
           0.47881
          -0.33017
          -0.81317
          -0.44952
          -2.93529
           0.36044
           0.20207
           2.18700
           0.39912
           0.70829
          -1.08151
          -0.64425
           0.64197
           0.53870
          -0.32681
           0.71672
           1.24761
           0.08541
          -0.77563
          -0.15584
           0.08826
           0.10582
          -0.50285
           1.60554
          -1.34346
          -0.88672
          -1.34958
           1.08199
          -0.61207
           0.71347
          -0.12470
           1.72639
           0.59341
           1.45901
          -0.74365
           2.13952
           0.76070
          -0.22295
           1.35118
           0.58910
          -2.84181
          -0.89449
          -0.26314
           1.87552
          -0.29649
          -0.40626
           0.91267
           0.78277
           0.87050
          -0.01079
          -0.36341
           0.95279
           0.46411
          -0.43708
          -1.17137
          -0.31857
          -0.24243
           0.24799
          -0.88452
           2.42142
           1.10361
          -0.39566
          -2.88028
          -0.34615
          -1.42687
          -0.75386
          -0.73506
          -0.64590
          -1.30627
          -1.82337
           1.76643
          -1.63654
           0.48208
          -1.03140
           2.85634
          -0.16548
          -1.11160
           1.43286
           0.23138
           1.52253
           0.84259
          -0.14963
          -0.89115
          -0.86405
           1.19837
          -0.44069
          -0.08843
           0.67729
          -1.03406
          -1.35863
           1.03469
           0.82267
          -1.65590
          -0.27829
           1.60682
          -1.71230
           2.69245
               NaN
          -0.86813
          -0.26111
           0.26186
           0.70823
           2.10011
           1.28648
          -1.56117
           2.14513
          -1.35475
           0.78910
          -2.00473
           1.87472
          -0.56168
          -0.80940
          -0.07145
          -0.96810
          -1.49484
           0.47515
           0.30205
           1.32711
           0.63258
          -0.54517
           0.20215
          -0.03247
          -0.31366
          -0.60328
           0.15343
          -0.02821
          -0.13038
          -1.23633
           0.77257
          -1.09752
          -2.05726
          -0.24455
          -0.90630
           0.26380
          -0.33616
          -1.34760
           0.47550
          -2.79816
           0.71422
           0.28031
          -1.76958
          -1.10817
          -0.30503
           0.81462
          -0.48646
          -0.82592
          -0.78864
           1.11179
           0.25821
          -1.26822
          -0.61924
          -0.05534
          -0.44603
          -0.93979
          -0.93140
          -1.34205
          -2.05598
          -1.27360
           0.00672
           0.49140
           0.49674
          -0.24707
           0.30648
          -1.34986
           1.12557
           0.09792
          -1.31526
          -0.77030
          -0.49847
          -0.72720
           0.17421
          -1.22026
          -2.04159
           0.07094
           0.05226
          -0.09596
           0.36358
           0.19610
           2.18019
           0.33258
           0.00512
           0.39922
           1.68818
          -1.14170
          -0.27427
           1.62731
          -1.68699
           1.14408
           0.82653
          -0.52438
          -1.28218
          -1.15781
          -0.89763
           0.26174
           0.68713
           0.38530
          -1.44010
          -0.35008
           0.68574
          -1.27798
          -0.44133
           0.00709
           0.91323
           1.17464
          -1.17465
          -1.37014
          -0.40219
          -0.23658
          -0.33550
          -0.64959
          -0.50100
          -0.46908
           0.67394
          -0.81367
          -0.66175
          -1.54209
           0.50594
           0.75548
           0.64736
           0.08954
           1.97197
          -1.32258
           0.21232
          -0.71979
          -1.08150
           0.84654
          -2.28361
           0.01445
          -0.74619
          -1.97210
           0.97929
          -0.22974
           2.14939
           2.40978
           2.11733
          -0.29912
          -0.07394
           0.51528
           0.01346
           0.81999
           0.03380
          -0.45793
          -1.26920
          -1.43975
          -0.68608
          -0.03920
          -2.05901
           0.36668
          -1.05788
           0.16958
           0.97883
           0.01880
           1.08084
           1.04873
          -1.33769
           0.83845
          -0.45224
           0.20674
           0.22485
           1.31408
          -1.12146
          -0.13390
          -1.02564
           0.14121
           0.01878
          -0.23234
          -0.06582
           0.38460
           0.22174
          -0.50382
           0.38250
           0.49411
          -0.93952
          -1.08842
          -1.09697
          -1.17787
          -0.65696
           0.22969
          -0.33481
          -1.39404
           1.46597
           1.72006
          -0.47269
           1.11093
          -1.75085
          -0.90562
          -0.02505
           0.22857
          -1.38817
          -1.06260
          -1.54627
          -0.41954
           2.99098
           3.09062
           0.04283
           1.01918
          -0.69074
          -2.39653
          -2.21746
          -0.18229
          -0.65899
          -2.87675
           2.35884
           1.25851
          -1.93687
           1.93875
           0.30097
          -0.95418
          -0.37034
           0.69835
          -0.41201
           0.32155
          -1.18334
          -1.15927
          -1.08070
          -0.57317
           1.01150
           0.26332
          -1.70999
          -0.05964
          -1.65294
          -1.84590
          -2.55377
          -1.54941
           0.24018
          -1.65001
          -0.16158
           0.71349
           0.01916
           0.89703
          -1.42135
          -1.86898
           1.23156
          -1.03080
          -1.73258
           0.73770
          -2.98864
          -3.52929
          -0.47886
          -0.14399
           0.49503
           2.01057
          -0.33712
          -1.09319
           0.39008
           0.78732
          -1.09033
          -3.56010
           0.48739
           1.01923
          -0.22458
          -0.51183
          -0.11915
               NaN
           0.70958
          -0.78486
           2.14778
          -0.21867
          -0.70330
           1.80392
           0.25687
           2.03895
           0.77090
          -0.44096
          -0.03203
          -0.36627
          -0.48795
          -3.56296
          -1.27285
           3.81674
          -0.92337
          -2.34884
          -0.47622
          -1.90232
           0.93191
          -1.62269
          -3.28711
          -0.06703
           1.05170
           0.99504
           0.94944
           0.00246
           0.67721
          -3.65370
          -1.03552
           0.24021
           2.55114
           0.14684
          -3.51371
           0.53272
           0.65828
           0.61487
           1.17899
           2.01082
           0.91374
           0.25347
           2.32610
          -0.07238
          -0.51943
           2.22329
          -0.39181
           1.74557
           1.24114
           0.96389
          -1.12070
          -1.02475
           2.54829
          -2.14319
          -1.30984
          -0.68551
           0.15476
          -1.06491
          -0.13755
           0.50611
           0.66676
           2.14028
           1.56519
          -2.34721
           0.32245
           1.10181
           0.00767
           0.04884
           1.54689
           3.25777
           1.70223
          -0.40164
          -2.24707
           0.48506
          -2.95820
          -0.42465
          -1.08144
          -0.96188
          -2.52217
          -1.91022
          -0.49822
          -1.86501
           1.47521
           0.06608
           1.19195
          -1.18126
          -2.74396
          -3.98201
           1.71461
          -0.10613
           0.48824
          -0.30944
          -0.10281
          -0.47270
           0.33351
          -1.03307
           1.75325
           1.78890
           3.31053
           2.48709
           0.47519
          -1.44994
           0.43648
          -0.23552
          -0.61095
          -1.16577
           1.16117
          -0.30787
          -0.55489
           0.01542
          -0.19111
           1.85726
          -2.93082
           2.91824
          -0.60889
           0.50041
          -1.96286
          -0.09626
           1.20532
          -2.08923
           0.57023
           0.67034
          -0.01031
           0.14805
           0.72476
          -1.15940
           2.12183
          -1.57906
          -0.00207
           0.63393
           1.67071
          -0.12316
           1.07895
          -2.93950
          -3.37696
          -0.90548
          -0.87272
           0.15045
          -0.51684
          -1.72473
          -1.24989
           1.84808
          -0.10405
           1.10978
          -3.33216
          -0.94007
          -0.06442
          -0.30751
           1.98417
          -1.45643
          -1.46261
          -0.64409
          -2.80145
           2.08096
          -1.66495
           1.39747
           0.00968
          -2.29841
           1.45204
           1.38009
           1.06249
           0.55050
          -1.44667
          -0.07236
           2.50822
          -1.33702
           1.23367
           0.14325
          -1.34015
          -0.52506
           2.15772
          -2.20777
          -1.67086
          -1.29546
          -0.10580
           3.69563
          -0.13771
          -1.12396
           0.47718
           1.65363
          -1.98867
           0.17852
           1.10045
          -0.43172
           1.90900
           0.81944
           0.05390
          -1.04483
           0.71741
          -1.95493
           0.31494
          -2.98512
          -1.18861
           0.12117
          -1.13047
           0.83556
           2.02973
           1.13619
          -1.95776
          -0.61832
           2.62762
           0.30300
          -0.75823
           2.71839
          -2.26516
           0.33602
           1.83076
          -1.57290
          -2.20480
           1.05688
          -0.52753
          -0.94507
          -0.94029
           0.72682
          -1.75825
           0.38593
           1.25574
           1.48464
           1.30404
           0.14426
          -1.68465
          -3.36302
          -1.98331
           2.24528
           1.02245
          -0.87042
           0.07104
          -1.72300
          -1.61898
          -0.66826
           1.25795
          -0.34319
          -2.24316
           2.11984
          -0.21217
          -0.24422
          -2.01718
           2.19406
          -0.15704
          -0.09123
           1.48939
          -1.75376
          -1.17148
           1.99150
           2.76233
          -1.05912
           1.89579
           2.56800
           0.81914
          -4.02052
          -0.89443
          -0.29800
           0.37123
           1.27841
          -0.44085
          -0.21187
           1.97333
          -0.35114
          -1.09540
          -0.52948
          -1.14611
          -2.26801
          -0.84336
           0.95672
          -0.92787
          -1.10276
          -2.96399
          -0.36474
           0.25435
          -0.14524
          -1.09297
          -1.30149
          -0.36279
          -0.51163
           1.10954
           0.63040
          -1.02235
           2.31191
               NaN
           1.66628
          -2.39960
           2.93057
           2.74616
          -1.17733
          -1.17154
           0.38770
          -0.35526
           0.19168
          -0.12214
           2.07724
           0.65498
          -0.48221
           0.57097
          -2.02521
           1.16339
          -1.37791
           2.24550
           3.10684
          -2.11445
          -2.19801
           2.26805
          -3.04620
           0.22729
          -1.90209
          -0.20298
           0.02098
           0.78947
          -1.08868
          -0.30699
           1.57600
           0.90022
          -0.60922
          -0.65679
          -1.20429
          -1.45292
          -3.89788
           0.34915
           0.19803
          -0.28603
           2.05799
           3.75699
           1.04437
           0.75469
          -0.40732
          -0.94552
          -2.35622
          -0.19777
          -0.54912
               NaN
          -3.42613
          -0.11409
          -1.25159
          -0.19334
           0.70740
           3.55016
           2.70960
           2.14000
           1.43717
           1.06202
           0.19243
          -2.03561
           2.61513
          -0.54363
          -1.52191
           2.20179
           3.18651
           0.25826
           1.05441
          -1.05939
          -0.86833
           0.10295
           0.14960
           1.02136
          -1.22712
          -1.63732
          -2.50187
          -0.15153
           1.32585
          -3.73050
          -0.10225
          -1.63535
           1.11941
          -1.97994
           0.07806
           1.02010
           0.14700
          -2.12221
               NaN
          -3.42942
           1.55463
          -0.40477
          -1.86035
           0.38924
          -1.56696
           0.66295
           0.85898
           0.55599
           0.28638
           0.39602
           3.15551
          -0.33465
          -1.32428
          -0.71023
           0.20436
          -3.24124
          -1.38714
          -1.76563
           0.76316
          -0.87368
          -1.02725
           1.42477
          -1.05054
           2.31819
          -0.64363
           0.83128
          -1.17670
          -2.42918
          -0.40319
          -0.89549
          -0.26687
           0.85398
          -0.15655
           0.74292
          -2.14340
          -0.01134
          -0.32845
          -0.23520
           0.77166
          -0.90199
          -2.79114
           0.10010
           1.13202
          -1.32233
          -2.12103
          -1.80188
           0.99403
           3.22956
           1.46253
          -0.32394
          -1.01860
          -1.47859
          -0.82896
           0.82080
          -0.91262
           1.77095
           0.67057
          -1.45119
          -1.32858
           0.95284
           0.33318
          -1.37561
          -2.11646
           0.26410
          -1.00092
           2.33796
           3.49134
           0.03082
           1.32197
           0.68479
           1.18012
           0.95014
          -1.13780
          -1.01428
           0.44309
           0.05441
           0.75246
           3.10517
           0.52828
          -1.92822
           2.52471
          -0.47802
          -1.64531
           1.93047
          -0.01896
          -0.96287
          -1.79866
          -0.96915
           3.29713
           0.52293
          -0.58401
          -0.59908
          -0.25431
           1.44158
           1.09966
           0.50982
           0.36428
          -0.16374
           2.32132
          -0.49766
          -0.02991
           1.11205
           0.05653
           0.83359
           0.54267
           1.22625
           1.47136
           0.42358
           2.26068
           2.36063
           3.09908
           1.81734
          -2.29922
          -2.14698
          -0.70517
           0.98589
          -0.57522
          -0.18384
           1.34709
           1.69603
          -2.27792
          -1.71496
           3.26364
          -1.44150
           0.59374
          -0.79024
          -0.84597
           1.32335
               NaN
           0.24303
          -1.80441
           2.37003
           0.59205
           0.97857
          -0.13077
          -1.36386
           1.80710
           2.54125
          -1.88986
          -0.63434
          -0.07842
          -1.96753
          -0.05650
           1.87564
           1.02911
           0.51417
           0.16975
          -1.66559
           0.00412
           0.80253
          -3.15284
          -2.11291
           1.35941
           0.42012
           3.73200
           0.13589
          -1.51677
          -2.76709
          -1.54518
          -1.62654
           2.39403
          -1.30968
           0.22627
           3.01308
          -0.47916
          -0.30195
           1.34079
          -2.36385
               NaN
           3.03934
          -1.16788
           1.41347
          -0.65650
          -3.32158
          -2.53286
           1.90949
           2.45837
           1.31896
          -0.43880
          -0.05334
           0.44305
          -0.80540
           1.84240
           1.96209
           0.83176
          -1.34173
           1.91147
           1.30160
          -0.27029
           0.21026
           1.65548
           1.30581
          -0.29418
          -1.55968
          -0.05540
          -2.46634
          -0.38621
          -0.49446
           0.87064
           0.49527
          -1.59822
           1.42347
          -1.11683
           1.19665
           1.43192
          -0.11215
          -0.80730
          -0.13287
          -3.02148
          -0.92122
          -1.52520
           2.44527
           1.32093
           1.56178
          -0.58244
          -0.71191
          -0.59361
           1.69168
           0.69838
          -1.26355
          -1.10000
           1.26641
          -0.37019
          -2.59527
          -1.47999
          -0.37577
          -0.95742
           0.58249
           0.06301
          -0.41833
           0.55963
           2.12410
          -2.52386
           1.55202
          -1.36631
           0.24971
          -1.54334
           1.58317
           1.58950
           0.45430
           2.40246
           0.36696
          -2.86496
          -0.00599
          -0.30265
          -0.59407
           2.33741
          -2.94280
           0.10057
          -0.55616
          -1.02514
           2.31840
           0.35218
          -1.08690
           0.25549
          -0.44931
           0.96259
          -0.88411
          -2.07530
           3.16420
          -2.26876
          -0.10738
          -0.16337
          -2.92917
               NaN
          -1.26912
           0.33195
               NaN
          -2.11043
          -2.01229
          -0.98112
           1.29887
          -0.52228
           0.47205
          -1.02404
          -0.23999
           0.36552
           3.32608
          -1.08963
          -0.74478
          -1.36548
          -3.44389
           0.13297
          -1.30881
           2.29658
          -0.37267
          -0.87252
           0.87369
          -1.64367
           1.32322
           2.96287
          -0.58531
           1.71834
          -0.43231
           0.42451
           0.84579
          -0.59936
          -0.56649
           0.15736
          -1.17482
           1.78600
          -2.05796
          -1.24265
          -2.30273
           2.90626
           1.40181
           0.28879
          -0.38620
           1.40653
           1.60211
           1.10300
           1.25140
           0.37970
          -0.09063
          -0.91286
           0.81668
           0.73190
          -1.39432
          -2.07478
           0.29688
           1.60599
          -0.84027
          -2.20628
           0.62864
          -0.90795
           1.76262
          -1.11988
          -0.33421
           1.54048
           1.08598
          -1.24282
          -1.37877
          -0.29954
           0.03552
           0.48856
           0.85915
           2.91927
           2.70257
          -0.95514
          -0.70934
          -1.99074
          -1.02474
          -3.59237
           0.07224
          -1.13077
          -1.03111
          -2.44332
           1.20795
          -0.94737
           0.25366
          -0.56543
           1.44887
           1.97817
          -1.27127
           2.27222
           2.29702
           2.02350
           0.24441
           0.86070
          -0.60868
          -1.34954
           2.53769
          -0.70610
           0.02398
          -0.43253
          -0.94070
          -1.15926
           3.51817
           0.82413
          -1.14543
          -0.71468
           0.61888
          -1.45012
           0.75333
           3.59787
          -0.94587
          -0.54198
          -0.99960
           1.13900
           2.21067
           1.23207
          -1.47784
           2.52701
          -0.45783
           0.73336
          -3.35596
           1.80707
          -0.86943
          -1.87482
          -0.39708
           0.43993
          -1.28313
           1.00639
           0.46173
          -1.81975
           0.27470
          -1.94137
          -1.08677
          -1.69410
          -1.07209
          -1.59528
           1.09303
           1.78884
          -1.28558
          -1.21065
           2.27264
          -1.16858
          -1.88993
           1.11218
          -0.31393
           0.15112
          -1.07205
          -1.01894
           0.43242
          -2.86128
          -1.56037
          -0.12928
          -0.28238
          -1.89584
          -0.80516
           0.62333
          -1.39745
          -0.20760
          -3.74228
           0.92146
           0.52624
          -2.66005
          -0.36669
          -2.04902
          -0.82569
           0.83345
          -1.32652
          -2.17121
          -0.64783
           1.09798
          -0.24575
           1.70831
           2.27937
           0.22996
          -1.54706
          -0.09088
          -0.78065
          -1.79408
          -1.13235
          -1.63985
           0.03830
          -0.44891
           0.55565
          -1.75304
          -3.86386
           0.36640
           0.09530
          -0.37033
           0.80953
          -2.95130
           1.33211
           1.69060
           0.59792
           0.69827
           1.30105
          -0.63990
           0.19850
           1.34329
          -1.57656
           2.32230
          -1.64010
          -1.28676
          -0.01023
          -1.63991
          -0.86076
          -1.20379
          -0.96958
          -0.03983
          -0.80624
           0.19277
          -0.19357
          -3.49494
          -1.52131
           1.34055
           2.04379
           0.75476
          -1.29718
          -1.89856
           0.11272
           1.46477
           0.16145
          -1.27929
          -1.09296
          -0.72535
           0.26456
          -0.14751
           0.71765
          -0.62207
           1.47593
           0.13426
           0.51693
          -2.28475
           1.74113
          -0.91272
           0.76935
          -0.81565
          -1.43482
           0.10453
          -3.44943
           0.02680
          -1.04365
          -1.69965
          -0.36551
          -0.27482
           3.61430
           2.51220
           1.43893
          -1.18453
           0.27245
           0.44927
           0.48765
          -1.46623
           0.34781
          -3.32652
          -1.55265
          -0.80304
          -0.41818
           0.89150
          -2.28981
           1.57316
          -1.27121
           0.27616
           0.13096
          -1.67323
           0.45238
          -1.50393
          -1.04149
           3.14241
          -0.59464
          -2.09653
          -1.13782
           2.00684
          -0.98783
          -2.98290
          -2.26564
           0.13691
           0.94140
           0.62407
           1.73562
          -0.37995
           0.48133
          -0.73077
           0.44757
           2.55197
           0.15521
          -4.08403
           0.47106
          -3.36111
          -1.25454
           0.43447
          -2.08836
          -1.22090
           1.26431
           1.35809
           0.52556
           0.33323
          -2.19019
          -2.06798
          -0.18377
          -0.42751
          -0.77039
          -0.38878
          -2.64855
           0.16500
          -3.42199
               NaN
          -0.39539
           1.33727
           0.22009
           0.63840
          -1.66637
          -4.53447
           4.76014
           2.53116
          -4.37183
          -2.38827
           4.32828
          -2.47088
          -0.87495
           1.14394
           1.97108
          -1.05720
           0.43558
          -0.81203
          -3.24842
           1.02952
          -4.45262
           1.50247
           2.42168
          -0.35118
           2.77484
          -2.32704
           4.84308
           2.17703
           1.24251
           2.56659
           1.37490
           2.85187
          -0.33855
          -1.71752
           0.65831
          -2.65175
           3.70853
          -2.49413
          -0.84009
          -0.22977
           0.59856
          -0.53403
           5.05106
          -0.33654
           2.70562
           1.19405
          -0.80903
          -2.22408
           5.10321
           1.50853
          -4.80627
          -0.32948
           0.54675
           1.64747
          -3.42349
           0.27737
           2.23292
          -2.93294
          -0.50012
           2.55379
          -0.48116
          -1.10155
           1.00578
          -0.03257
          -2.65239
          -0.82406
          -2.31403
          -1.73357
          -1.91643
          -0.41431
           4.95518
           0.60363
          -0.85617
           2.63806
          -2.01909
           1.04990
          -0.23056
           3.33629
           1.46963
           2.61832
           0.62740
           2.32549
           1.78622
           1.68474
          -3.02529
          -1.82701
           2.66715
           1.61960
           0.21417
           0.10840
          -0.04944
           0.08294
          -2.62930
           2.38276
           3.80535
           3.61560
          -1.86101
           1.73751
           1.21903
          -3.24633
          -0.39125
          -2.11756
          -1.48202
          -3.35066
           4.92696
           1.25098
          -1.15065
          -2.71720
          -0.08973
          -0.70415
          -0.10190
          -3.28342
          -2.68506
           4.13206
          -1.79367
          -0.79737
           4.23680
          -1.35074
           0.05568
          -0.24128
           0.74827
          -1.30870
          -0.46095
               NaN
           1.27652
          -0.10853
           1.32298
          -0.63668
           3.57256
          -2.85333
           0.04701
           0.15686
           2.34236
           0.27157
           2.02058
          -2.42524
           1.53637
           1.41627
          -0.10742
          -0.63248
           0.61487
           0.85291
           1.17450
          -0.28402
           2.58444
          -0.61531
           2.60049
           1.00744
           0.44737
          -1.37571
          -1.25497
           0.41768
           0.36140
          -4.54376
          -3.36061
           1.96356
          -1.22063
          -2.11598
           0.26499
          -2.12299
           1.54551
           0.29564
           1.64989
           0.00051
           3.01299
           0.71762
           0.35317
          -2.35020
          -0.93712
           0.88324
          -1.70331
          -0.79734
           2.97955
          -1.54894
          -1.81370
           0.29510
           2.47100
          -5.17429
          -0.75501
          -0.04781
          -0.58009
          -1.96200
           1.33777
          -0.76164
           0.04912
           2.47605
          -2.43774
           2.40198
           1.77884
               NaN
           1.10634
          -5.22990
          -0.15469
          -2.16082
           3.88839
           1.50512
          -1.89744
          -1.47871
           2.83201
          -0.34268
           2.06881
           1.29865
          -1.32188
           2.50668
           1.74774
           1.54372
           3.17885
          -2.07037
          -2.39167
          -3.29701
           4.30634
          -0.73855
           0.62640
          -0.72876
          -0.55074
          -2.39754
           1.57395
          -0.18785
          -2.67159
          -0.89530
           2.56911
          -1.00113
          -1.17117
          -2.06199
          -0.38792
          -0.14298
           0.39869
          -1.03807
           0.18121
           2.50101
          -0.35100
           1.23537
           1.32631
           3.70964
           1.85966
           0.11277
           2.93647
           1.12392
           1.57761
           0.28686
           5.27020
          -1.05120
           0.51270
          -1.91155
          -0.62989
          -0.28211
          -1.68981
           2.29258
           2.05676
           1.64930
          -1.97157
          -0.50039
          -2.68690
           0.70218
          -1.73329
           0.52236
          -1.89765
          -0.03706
           0.13770
           1.00092
           1.01466
          -0.46744
           3.89784
          -0.50453
           1.31422
           2.22142
          -0.53243
           0.37884
          -0.52907
          -3.34645
           1.06270
          -4.42701
           4.29185
          -0.80265
          -0.24682
           0.01990
           0.25872
           2.10865
          -0.03239
          -2.84884
           1.90234
           3.74529
           0.42869
           0.51771
          -0.53333
          -1.56022
           2.03902
           2.53155
           3.03778
           2.43728
           0.97536
          -0.14910
           1.11879
          -0.23768
           1.84516
           1.68710
           0.00536
          -1.90727
           0.97453
           1.47849
          -1.83404
          -0.24441
           1.12656
          -1.05942
          -0.51799
           1.06403
           1.58843
           0.51590
               NaN
          -0.38708
           3.38672
           1.93581
          -1.11816
          -0.35590
          -0.15017
           4.26661
           0.06350
          -2.05431
          -0.43147
           0.75003
          -3.24114
          -0.40049
           1.22548
          -0.82665
           2.79347
           0.50805
           0.48216
           0.75111
           0.49078
           0.48638
          -0.36658
           0.94498
          -1.28552
           1.98235
          -1.46656
           3.94876
           4.46550
           1.92102
           0.90620
           3.47835
           2.96518
          -5.00068
           0.48927
          -2.17170
           2.35851
           2.35901
           1.69507
           2.26586
           0.25789
          -5.10599
           0.25228
          -0.41254
          -0.78420
          -0.54975
           2.47185
           1.13792
           0.27631
          -2.03945
          -0.83776
           5.46883
          -0.36724
           4.99295
          -0.43783
           2.05446
           1.31372
           1.62833
           3.73022
           2.96795
          -0.28253
          -3.10719
           2.55465
          -1.67538
          -0.02333
          -0.95254
          -0.32585
           0.05593
           2.32188
          -5.05762
           1.06812
          -2.41817
           0.50582
          -0.73389
           2.73946
          -2.75001
           1.38135
          -0.77556
           2.31009
           1.00607
          -1.01935
          -0.59180
           2.18973
           1.17151
          -0.20382
           3.10543
          -4.10762
           0.34671
          -1.31414
          -0.26279
          -1.09073
          -5.21350
           3.50668
          -0.53532
           1.22202
           0.08589
          -1.99711
           1.11031
           5.14731
          -1.16440
          -0.29641
           0.68178
          -0.66938
          -1.91448
           1.86349
          -0.04588
           2.73449
           1.66817
           0.99476
          -2.74022
           1.47855
          -0.52349
          -0.11858
          -1.96053
           1.86860
           1.81934
          -1.22061
           4.31771
           4.02317
          -4.60987
           1.60465
          -1.13698
          -0.64874
          -4.37451
          -0.56292
           0.38177
          -3.18008
           4.71846
           0.31520
           0.55913
          -0.85295
          -0.87008
          -1.23808
           0.14932
           0.61870
          -0.34254
           5.41073
          -0.66818
           0.28436
           2.70153
           5.42338
           0.56868
          -1.38065
          -1.77094
          -2.08570
          -0.42564
          -1.22099
          -1.03227
           3.50462
          -0.21025
          -2.25188
          -3.62675
           0.31283
          -2.74296
          -0.03944
           3.56992
           1.65258
           2.33107
          -3.80868
          -5.15994
          -0.23783
           3.54145
           1.58208
          -0.12965
           0.02338
           2.03709
           3.32836
           0.51706
          -1.45962
          -0.28964
          -0.56157
          -0.10396
               NaN
          -2.84924
           2.79652
          -1.64434
          -1.43128
          -2.56276
          -2.53795
          -2.30930
           1.32602
           2.86411
           0.87003
           0.44372
           1.86271
          -0.38160
          -0.06141
          -0.64092
           1.07500
           0.62457
           2.71013
          -0.40320
          -1.79214
          -1.52284
           3.53083
           0.61662
          -3.28484
           1.57682
          -1.00998
          -0.00566
           3.54309
           1.70811
           1.13456
           1.70123
           3.75759
          -1.54106
          -0.52976
          -1.35225
          -1.78500
          -2.69111
           0.17078
          -1.05890
           0.80658
           0.90243
          -4.30923
          -2.74505
          -1.63294
           1.07887
          -0.52538
          -2.34680
           3.04403
           0.78501
          -0.39185
           1.02591
           0.94869
          -3.23557
           0.61012
           0.88431
          -4.36606
          -2.85564
          -1.98145
           3.95765
          -1.36743
          -1.00297
          -0.63166
          -3.28072
           0.43614
          -0.31797
          -2.68984
           0.35015
          -0.12203
          -0.81217
           2.72849
          -1.30831
          -0.54282
          -1.39038
           2.39460
           0.32550
           1.30779
          -2.19284
           0.80184
           1.84993
           0.00347
           0.48554
          -1.57841
          -1.03797
           0.49540
           0.67570
          -0.72212
          -1.83275
           2.34927
          -0.49707
          -0.53368
          -3.67827
          -1.35704
          -2.64016
           3.34993
           5.23263
               NaN
          -0.67925
          -1.72729
          -0.30300
           0.96932
           1.75384
          -0.41980
          -1.14357
          -2.00731
           1.17742
          -1.23077
           1.14944
           1.13493
           0.97519
           2.87549
           0.74392
          -1.10042
          -0.05381
           0.74526
          -0.65490
           0.10331
           0.76267
          -1.15580
           2.71363
          -0.51400
           4.45157
           0.40999
           3.13898
           2.26480
          -0.92956
           1.59616
          -1.91073
          -2.53814
          -0.45101
           3.61981
          -0.30770
          -0.63062
           0.83903
           0.39689
          -0.58141
           4.00206
           1.42828
           2.27914
          -1.68202
          -0.23383
          -2.79167
          -1.62606
          -1.98819
           2.77684
           2.29297
           2.20487
           0.67015
           1.58246
          -1.04547
          -3.74121
          -1.43697
          -3.45818
           1.69041
           3.43868
          -3.21786
          -0.59216
               NaN
          -0.49064
          -0.81966
          -1.43358
           2.56959
           1.54734
           3.18912
           1.93904
           0.99574
           0.30226
               NaN
           1.11172
          -2.93201
          -0.99651
           1.97599
           0.71792
          -0.27236
          -1.01227
           0.80747
           2.42543
           5.00442
           1.09745
          -0.55605
           2.56905
           2.29056
           2.24718
          -3.93293
          -2.09934
          -1.64276
           1.07710
          -0.52238
          -0.69648
          -2.81792
           1.68642
           3.45083
          -2.85199
           1.18869
           2.30445
           2.81355
           4.53578
          -1.04936
           2.39960
           2.40135
           2.27267
           1.74070
          -0.78399
           0.99352
          -0.62960
          -2.60929
           1.57688
           2.13180
           0.61441
           0.78950
          -1.19731
           3.99538
          -2.15330
          -0.40634
          -1.83731
           3.86945
          -2.32961
           0.36778
          -1.63000
          -2.37973
          -2.72171
           2.30716
          -1.43842
           1.04307
           3.54068
           0.59534
          -3.77225
           0.80373
          -0.91527
           0.91803
          -2.17593
           0.70007
           2.45787
           2.02341
           1.55142
           3.06850
          -4.00068
           0.84792
          -0.37516
          -3.08065
           0.05913
          -0.77872
           3.75577
          -0.42089
          -3.19645
           0.50637
           1.06582
           0.02887
           0.50040
           1.33611
          -0.27671
          -0.35531
           0.07349
          -1.64169
          -3.61884
           1.34754
           0.26574
           2.20394
          -0.91261
           1.99054
          -3.72230
           4.76698
           2.03176
           0.80711
           2.14921
           0.37590
          -5.00296
           0.86771
          -1.09927
           2.27794
           0.51539
           2.28123
           1.33674
           3.30708
          -0.46146
           1.64512
          -0.40702
           0.07534
          -0.46436
           0.76591
          -0.86172
          -0.34699
          -0.65741
          -0.11119
          -3.48787
           1.67810
          -1.28369
           0.43965
               NaN
           2.10926
          -2.02727
           3.48411
          -1.94037
           0.07803
          -1.71710
          -0.89776
           2.60025
          -2.66549
           0.82312
          -1.72711
           4.95775
          -3.36601
          -0.87322
           0.17968
          -2.85269
           0.77457
           1.73570
          -1.65808
          -1.31289
          -0.13920
          -0.80128
          -0.04442
          -0.25626
           2.33428
          -1.17344
          -1.65630
          -2.67323
           0.82048
          -2.41805
           0.37325
           3.08185
          -2.10375
           5.58761
           2.09415
          -0.75206
           0.15824
           2.14525
           0.06509
           1.93504
           1.36772
          -1.68558
           1.57496
          -2.69386
           0.87234
           0.01270
           1.97573
          -0.10221
           0.78130
           0.41472
          -3.07035
          -1.81092
          -0.31801
           0.06366
               NaN
           1.16689
           1.53940
           2.12654
           2.44840
           0.81870
           0.87780
          -1.24943
          -2.74111
           1.59438
          -1.27468
          -1.46707
          -0.99141
          -2.30708
          -2.27020
          -1.79071
           0.43204
           0.76253
          -1.83830
           0.53983
          -2.70390
           4.11026
           0.89182
          -3.99003
           0.06784
           0.44168
           1.10022
           0.87368
          -1.74909
           3.62123
           1.39594
          -0.14198
           0.80982
          -0.99629
           2.92129
           0.12083
          -3.58729
          -0.34147
          -0.10407
          -4.15840
          -4.81444
           0.38365
          -1.32547
          -2.16477
          -0.95928
           3.07386
          -3.22956
           3.97162
           2.92273
          -1.58835
           0.52797
          -1.29989
          -1.14270
          -0.39529
          -0.42481
           0.67911
          -0.37020
          -0.01200
           0.31367
          -0.30224
           4.89527
           3.44641
          -1.69498
          -0.87996
          -0.04726
           2.26618
          -1.89092
          -0.98013
           2.05137
          -1.85187
          -0.61504
           4.50929
           0.61388
          -3.18124
          -0.43803
          -0.95267
           2.44982
           3.16064
           1.02002
          -2.38649
          -1.16058
           1.99859
           2.03202
           1.17112
          -1.98381
          -0.77473
           1.80152
          -0.99171
          -0.58120
          -1.17097
          -2.77674
          -1.07746
           0.29056
           0.38281
          -0.08645
           1.28515
          -1.80827
          -2.72123
          -2.91572
          -0.94228
           1.68297
           0.84209
           3.63444
           2.31661
          -1.93453
          -0.61935
          -0.57667
          -0.55400
           1.95439
          -0.54300
          -0.00399
          -0.30206
          -2.37887
           2.98712
          -0.16244
          -0.03777
           2.25686
           3.13021
           1.02283
          -0.59110
           0.61383
          -0.69451
           4.23339
          -0.43503
           3.82496
          -0.84599
          -2.39038
          -1.08605
          -1.42875
          -1.71441
          -1.43464
          -0.73936
           0.01044
           2.24473
           2.54505
           2.01915
           4.85994
          -1.77993
          -2.60143
          -0.23964
           3.64559
           2.25936
           0.27976
          -1.32097
           4.11976
           0.82571
           0.14762
          -1.35872
          -1.51100
          -2.75542
           1.52608
          -0.16583
          -0.16498
           0.28535
          -2.57833
          -2.57398
           3.38411
          -3.43809
           2.08176
           0.23523
          -0.07606
           2.28330
          -1.65256
           1.76707
           2.26049
          -1.96310
           2.27207
          -1.09490
           0.82982
           0.21192
           1.20812
          -2.31054
          -2.06863
           0.09947
