         -23.66972
          10.30622
         -11.81514
          20.10836
          -9.39788
         -22.90358
           2.34288
          18.16493
         -12.86225
           5.36690
         -16.76535
         -11.13719
          21.96358
           9.36109
         -28.33818
          34.11725
          -4.70743
         -21.58201
           7.36709
          34.77989
          19.44477
          -5.37172
          11.37592
          29.85308
          -2.77052
          33.78675
           4.66545
          26.27735
          -7.89768
         -11.97545
          15.88598
          41.05203
           8.41232
           4.86098
           7.95197
           5.72006
          -3.11972
           4.64097
          10.07244
          25.25594
         -34.48971
          14.85678
           3.09800
           4.61169
          19.16774
         -13.94160
          10.91260
         -22.99671
         -19.15865
          -7.24531
          29.44348
         -12.95513
           4.68091
           5.32729
          -6.19018
           8.37200
         -15.76311
           4.05324
          29.22937
          22.90644
          -5.02646
           1.11976
           0.30094
           3.39582
          -2.99874
           5.86829
          10.35321
         -20.94278
           7.56758
          30.20984
          16.62581
           4.19694
           5.71794
           4.05379
          12.91916
          23.46561
          -4.54986
           5.04349
          -8.60097
          43.23549
           7.35434
          -1.94200
          -3.56478
          23.47606
          -3.21380
          12.67745
          22.01826
          28.36087
           1.39156
          -6.30725
         -28.73556
          -1.11750
          -0.05132
          -2.50624
          37.83896
          -7.45913
          -2.21480
         -11.69526
           3.51781
           7.03218
         -10.50206
          10.82301
           8.26445
          -9.83412
           9.98998
           3.36687
           4.22053
          30.32827
          46.51671
           1.52117
          -8.73516
          34.62422
          -3.88905
           4.51239
           5.09323
          20.86624
         -33.31263
          -2.15032
         -10.81279
           9.66085
          10.40039
          -0.54385
          14.71354
          15.82626
          -0.40730
          15.29903
          27.67329
         -15.72138
           6.21302
           0.55113
          14.47914
          23.22452
          21.15852
          -1.01597
          -9.07833
          12.70819
          20.77969
          -7.34926
          27.02983
         -14.19526
         -14.89734
           2.47540
           7.31362
          27.07917
         -25.55634
          13.09629
          16.26524
         -18.78028
         -14.54462
          25.63545
          28.17188
          47.05016
          29.17044
          26.85832
          -6.11770
           6.40337
          31.61769
          -6.12938
          -7.51852
           1.20410
          43.42517
         -14.39353
          42.71358
         -38.23145
          17.59639
          11.04192
          -1.00189
          -6.57809
         -18.90434
          30.55892
           1.22227
          -8.93408
          -4.86070
           2.90014
          19.25119
         -28.47271
          -3.16994
         -10.05224
          14.16615
           6.68832
          26.85383
          -7.82764
           3.59064
         -17.80046
          -3.85623
          20.92028
          -6.10064
           9.47172
          -5.19805
          19.14553
          14.64132
          17.60036
          11.78305
          15.40479
           6.72837
           7.08799
         -19.86141
         -11.35223
         -20.52393
         -13.29093
          17.53638
          15.91031
          11.56451
           0.46120
          26.02623
          15.86041
          -0.64759
          12.75765
          -7.25530
          22.56980
           6.27856
          13.41069
         -15.00216
           1.87667
         -20.31961
          -4.26967
          10.45767
          -7.75670
          10.53079
          35.02104
         -20.54463
         -18.30018
          -8.01230
         -14.77841
          21.44552
           9.12927
          46.45193
          -0.47204
          11.10983
         -20.59472
          -5.20467
          28.33576
          18.63011
          -3.54376
          23.25720
          30.60302
          23.78088
           7.07034
          12.27837
         -13.12702
          -1.51298
           3.05708
         -10.76150
          -4.22399
          13.65160
          20.11952
          28.47435
          32.36318
          -6.94821
           6.44797
         -13.89880
          12.83048
          -3.91117
           8.55908
          15.31418
           5.58078
          29.18544
          49.87209
          -1.84396
           3.81499
           8.49792
           0.85278
           0.62459
         -12.55974
          39.50993
          39.80872
         -17.64595
          -2.34840
          13.27662
         -24.72617
          -5.68853
         -19.43044
           8.36920
         -12.38035
          -5.37458
         -32.22551
          34.56988
          28.47738
           6.23560
          -7.30611
          -3.42334
         -10.23549
          17.40370
          30.16980
          -1.24779
          39.36195
         -26.52112
           0.75889
          11.00909
          17.12301
         -18.06604
           6.86048
         -10.89156
          30.70828
          -8.90365
           7.36180
          29.28202
          30.50124
           8.21661
           5.58900
          11.19534
         -11.13313
          17.14167
          12.11956
         -19.33361
          52.73339
           9.80101
          23.24850
          18.67718
         -17.06466
          25.38310
           9.39958
         -37.43944
         -26.42780
           7.97029
          11.19896
           5.11718
         -38.93465
           6.28716
         -11.97991
           3.82352
          16.17250
          16.90745
         -17.29198
         -15.89628
          30.40670
         -16.46173
           6.46134
          -1.07326
           4.82170
         -30.98102
          28.18764
           3.49603
         -11.67864
         -30.02245
          16.23778
          -0.75030
          -8.96854
           0.26635
           2.27957
          25.92519
         -14.39473
          14.37134
          -1.97499
          -8.22783
           8.80811
           1.55935
          19.14002
          -6.99517
          12.94897
          39.21566
           9.07751
          33.61997
         -19.94503
         -16.60146
          28.33843
          21.23860
         -20.24611
         -11.51630
           3.31313
           0.76788
          41.66085
          36.08978
         -10.50000
           8.82057
           7.90388
          21.66962
           6.23118
          -0.91113
          -3.58923
          27.26213
         -10.51985
          24.87560
          -7.11593
          17.96865
          32.29279
          52.88200
          20.01762
         -14.06138
          -8.20617
          18.86537
         -24.73453
          31.85381
         -23.66802
           3.66441
          -0.05956
         -11.08834
           3.26047
           3.84738
          49.47385
          -3.96302
          -4.22358
         -11.97695
          -6.62482
          13.74426
          17.40624
           0.10412
          11.79719
         -16.34931
           1.81087
          -7.54654
          30.95663
           2.59171
          24.38875
           1.87519
          -8.18857
         -14.93589
          31.97495
           2.78414
          18.86160
          19.62182
           4.96315
           4.86297
          11.39363
          38.78795
          39.16838
          18.00530
          50.06121
          22.03567
          30.67092
           8.95117
         -24.81275
           5.65939
          36.32223
         -23.07538
         -16.64789
         -18.70478
               NaN
          35.20858
           7.17855
          29.05817
          23.07273
          18.75238
          20.74227
          14.43997
          -7.17901
           0.25115
           8.94650
           3.36436
         -11.62186
           4.55565
          -6.48633
           0.93234
          -0.74149
           3.36812
          -9.73554
         -17.47828
          25.75132
           9.07858
           1.61754
         -11.31323
          29.97041
          -5.22111
         -26.76558
           2.40900
         -10.00932
         -21.94575
         -25.92630
          12.86105
          11.86104
          37.26211
          22.14838
         -13.52207
          52.92150
          19.44886
         -15.98152
           7.55667
          23.02860
          46.55146
          27.51673
         -27.72595
           4.12872
          33.35976
          -2.31675
          14.33394
          -7.93352
           6.48304
           4.22610
          -3.94672
           4.87644
          26.85735
          -2.82134
         -28.18765
          15.63857
         -10.51289
         -28.13689
         -15.69525
         -14.79717
           9.98886
          11.89360
          -9.41881
         -10.07467
          18.86170
          19.36856
          12.83886
           0.56754
          30.08909
          -1.57278
          -9.69885
         -29.71465
           7.86741
          35.64237
           0.47207
               NaN
          -3.41732
         -10.61325
         -10.96812
          13.38348
          42.58666
           4.53703
          19.14011
          -4.44337
          53.41774
          13.31036
          34.43061
          28.31762
          -9.00291
           7.53469
          17.30211
          -3.21087
           1.33314
         -16.57777
          19.70490
          33.62710
          22.74020
          24.40974
           3.01041
           0.32691
           8.20265
          22.39801
           9.34820
           3.04904
          13.70448
          29.23269
          12.47339
         -18.98529
         -10.40938
          29.67119
          19.85555
         -10.21892
           6.06859
          -0.46797
           1.09541
          23.31088
         -13.58007
          31.65557
          -4.77395
           2.96258
           0.15093
         -16.59452
         -16.27282
         -22.88354
         -19.93408
          11.35466
         -22.68749
           5.72642
           6.88042
         -15.45777
         -31.88997
          -1.51575
         -13.07603
               NaN
          -7.81483
           0.22788
          -4.46304
          10.36271
           2.92333
          31.54760
          32.73725
         -20.35273
          10.08501
          23.99170
         -11.96682
         -15.33333
          -0.90796
           1.89585
          -2.58735
         -14.59294
          -8.57067
          -4.06595
         -17.72359
         -18.34102
          12.28034
         -31.29609
           2.40938
         -18.21800
          19.46168
         -16.87944
          -8.40389
           1.82065
          -3.20387
           7.18734
           4.14261
          11.38385
          17.09424
         -17.53474
         -12.45826
          22.65183
          26.69361
         -14.01791
          12.99971
           0.53956
          21.84910
           5.35765
          14.68305
         -23.07851
          27.75594
           6.78476
           7.66517
         -11.95773
         -14.53459
          -7.22026
         -22.20553
         -15.83675
           7.45347
          35.07648
          26.76768
          -0.99792
          13.36001
          13.22540
         -25.44839
          17.18061
           2.21970
           4.48566
          11.86294
           8.58514
          43.38623
         -30.63359
          21.16731
           8.35670
          21.73910
          38.22824
          -9.21901
          -6.06079
         -11.32227
          -2.36459
          12.31723
          16.72321
          11.75992
         -20.60082
          31.52478
          -3.77940
         -13.04023
          14.73915
           7.92060
          -3.34032
          -6.82622
           4.41849
          -2.77849
           4.68767
          -7.20438
          -1.70230
         -21.76468
          -7.32532
          -3.65348
         -15.91334
         -32.32393
          10.70182
          21.50487
          22.03427
         -29.84487
          19.05769
           5.62172
          13.96227
          25.39073
          25.39878
          49.69547
           7.88683
           2.14085
         -19.59294
           7.62887
         -11.48628
          -6.81596
           9.39716
           2.13494
          45.71770
          -4.25395
          -8.51123
           0.31576
           3.64578
          23.51979
          -7.86766
          20.74636
          -1.05192
         -19.51203
          -2.69891
           2.62678
         -25.93258
         -28.66284
          21.32561
           0.25355
          10.89003
         -15.88190
          -2.81333
           2.19131
           1.51230
         -16.51990
          15.85218
         -14.37281
          13.01526
           8.20078
           5.22846
          -9.62565
          -0.07751
           4.16838
          14.93887
           8.71973
         -13.86249
           3.53034
          20.75524
          -9.12327
         -22.95209
          43.85555
          39.37278
         -29.58754
          11.33912
          22.86915
          24.01612
           2.54728
           3.17141
           7.18040
          -2.30301
          33.55707
          -2.46701
           0.50375
          24.61589
         -31.98781
           5.52549
          14.60775
          -7.27618
         -42.76985
          22.32696
          -2.56825
         -36.24042
         -16.54387
         -18.96003
          47.55576
          21.85293
          29.35068
          -5.73234
         -12.44608
         -30.69316
          -6.88109
          -2.76407
         -43.88686
          33.93393
         -19.31223
         -31.86314
          26.28291
          -2.52831
          -3.75935
          10.42980
          12.90086
         -14.21572
          36.48405
          40.06358
          17.17477
          11.99982
          -0.27908
           4.59896
         -11.24196
          -6.73187
         -12.01012
           4.15194
          14.48225
          -2.93169
         -14.01466
         -22.67872
          -4.42642
         -12.97657
          16.98907
          35.46339
         -38.89117
         -13.00333
           9.12594
         -20.52845
          -3.08869
          12.09156
         -30.06523
         -21.13623
           8.89691
          35.61305
         -25.48275
          31.57545
          -5.80974
           6.88537
          11.66064
          27.12075
          -1.04915
          -7.03164
          -3.76061
          18.67712
         -14.12935
          13.81437
          22.75536
          -1.73896
          32.65271
         -34.00686
           6.20053
          12.51468
          23.65433
          -0.18553
          37.26223
           0.12415
           2.21996
          16.11947
         -16.99619
           8.00411
         -14.35722
          30.90792
          -4.78854
          -3.26153
           7.31789
         -21.23871
          13.21398
           1.37361
           1.41238
          -4.07767
          16.88054
          12.12796
          34.15079
         -11.80224
          10.18405
          -5.13525
          12.32235
          34.53051
         -38.43692
          10.10390
          19.67247
          13.97762
           7.14484
          45.56034
           3.52258
          -0.52873
         -15.72553
          -3.16148
          15.29513
          -1.74261
          -7.39714
          30.26040
          -1.03703
           1.19569
          -0.87663
          10.73048
           7.57028
          -2.68554
           6.30461
           3.95735
           7.88185
           1.55439
           8.99085
          17.52397
           2.62561
          -1.65663
           9.17671
           6.58786
          -8.73800
          30.96651
          10.01835
          15.72716
          15.60812
         -11.10898
          -6.14815
          10.23167
           8.60587
           7.97892
           3.29216
           5.69577
          16.65854
         -23.20760
           0.44977
          -3.78712
         -10.60260
           7.18792
         -11.19296
         -40.31859
         -12.42170
          24.77318
          -8.89918
           6.67409
          -1.89746
           1.32946
          -6.09244
         -12.98154
          30.77994
         -13.84569
           9.56810
          16.86206
           3.65059
          18.44203
           2.47293
          28.82934
          29.38699
         -10.99797
          27.16365
           1.19262
               NaN
           7.77129
          19.62514
          44.84970
         -10.27146
          21.89455
          21.16064
          10.29633
         -10.15918
          -6.60776
           4.92215
           3.52598
          25.14744
          36.67982
           3.96031
          -1.59126
           6.15259
          -9.23964
          17.20705
          12.68598
         -25.42747
          -5.43306
          11.96455
         -12.35611
          19.81979
          -3.96229
         -20.68655
               NaN
           8.42200
           6.43933
          30.65469
         -12.35320
          12.01907
          19.53471
          19.09766
          -3.69343
          -5.44760
          29.18793
          20.59707
          24.24788
          -5.21731
         -34.77311
          -1.10124
         -30.68463
           8.17008
          19.71255
           2.32698
           6.53395
         -19.18999
          27.28610
          14.39881
           4.85915
          -4.99853
          28.81535
           3.78710
         -15.86198
          15.81672
         -24.52325
          19.56904
          31.42673
          13.78004
           6.35583
          11.79988
          31.86974
         -12.73467
         -15.05274
          -4.51321
          -7.63939
          21.53951
          26.21412
          -0.87788
         -24.22969
         -23.16860
           7.94610
          41.73713
          11.36940
          28.39031
           4.51808
          -2.58166
          39.58808
           4.77174
         -18.48870
          31.57574
         -43.06966
          22.44814
           4.76303
          -1.07818
          18.50543
          -0.87584
          43.76295
          14.94612
          -8.07388
          20.36157
          17.55012
          21.42365
           0.27983
           2.73627
         -22.58955
           2.03921
          14.66146
          -0.20152
           8.29261
           0.98276
         -29.97943
          -3.30141
          -4.45600
          -1.67078
           0.25725
          -0.14447
          -1.96359
           0.73622
           0.93694
           0.62659
          -1.15975
           0.31979
          -4.38183
          -0.14003
          -1.61998
          -0.12934
           3.21888
           1.62877
          -1.84064
          -1.85937
           1.96212
           1.49204
          -0.96836
           2.76318
          -1.73214
          -3.36950
           0.12928
          -2.37519
           3.31598
          -3.15707
           2.88912
          -2.60251
           2.67186
          -3.76853
           1.39641
          -2.70563
          -2.83395
          -1.77884
          -1.58762
          -0.12163
           2.62399
          -2.76576
          -2.73588
           2.18268
           1.17747
          -0.69337
          -1.10675
          -0.56844
          -1.65734
          -5.08635
          -0.09174
          -0.04247
          -2.91305
          -0.82610
           1.11126
           1.02642
          -0.55524
           1.86394
           0.59460
           3.23536
           0.09846
           2.28417
          -2.60370
          -1.50310
          -0.19483
           1.29608
           0.12418
           0.21186
          -2.63130
           2.10308
          -0.18930
           0.14648
          -2.67497
          -5.11506
          -1.11669
          -4.63648
          -0.82347
           1.71229
           0.16041
          -1.27844
           0.86879
           0.80459
          -3.53810
           0.89076
          -1.39289
          -1.06784
          -2.89134
           0.61322
          -0.63919
           2.71599
          -1.84938
          -0.17707
          -4.55194
          -0.12539
           2.52288
           1.00973
          -2.62612
           0.81199
          -2.14524
           3.46486
           4.15856
          -1.03400
           1.79599
           0.14298
           0.11321
          -0.02090
          -1.45498
          -1.63721
          -3.74224
           1.02094
          -2.34771
          -2.60358
          -2.39893
          -1.42891
           0.17810
          -4.07520
           1.40113
          -3.59928
          -3.43706
          -0.25877
          -2.19391
          -0.71656
           2.16558
          -1.00196
           2.99964
           0.91316
          -2.73153
           0.37293
          -0.59079
           3.55656
           2.34714
           0.02253
           0.75959
           3.10518
          -1.06927
          -1.00783
          -0.81066
          -2.29400
           1.27350
           1.04352
          -1.40548
           1.96909
           2.63387
          -0.13012
               NaN
          -3.42482
          -1.38240
           0.09223
          -0.39469
          -1.03057
          -1.01471
          -0.91098
           1.40171
           3.81381
          -2.49589
          -0.56577
          -0.08987
          -0.36212
          -0.09798
          -1.12251
          -2.57961
           3.78308
          -0.36645
           0.25806
          -0.60546
          -0.65304
          -2.34158
          -0.47849
          -2.60025
           2.44374
          -0.33907
           1.42949
          -2.34589
          -2.40826
           2.26479
           0.64248
          -0.73766
           0.21985
          -0.23858
           1.23227
          -3.03597
           0.47917
          -0.53969
           3.15870
          -1.99325
           1.85384
          -1.49023
           1.33274
           0.08417
           0.41199
           2.51686
          -2.50164
           3.19406
           0.96754
           3.34107
          -3.82116
           0.85652
           1.41072
           2.37905
          -4.34607
           1.12660
           1.47424
          -1.53157
          -0.53509
           3.49199
          -1.81816
          -2.67498
          -1.51313
          -1.67768
          -2.45588
          -1.36979
          -2.47602
           0.80621
          -0.31763
           0.44209
           1.44301
          -0.95984
           0.64404
          -0.12406
          -2.49441
           2.68737
          -2.17956
           1.75650
          -3.06644
          -2.47177
           3.20865
           2.10100
           0.41223
           1.08790
          -3.24594
           1.41561
          -3.47391
           0.45516
           2.91192
           2.37761
           1.38408
           1.27414
           3.17816
          -1.22317
           0.72379
          -2.42033
          -1.23103
          -1.62042
           2.11673
          -1.44478
          -1.81458
          -3.34176
           1.24915
          -1.54800
          -2.68099
          -2.18035
          -2.31514
          -0.18359
          -0.53950
          -2.33701
           0.20802
           0.93560
          -1.48657
          -0.23895
           1.99688
          -1.72864
          -3.65147
          -2.57743
          -0.71402
          -0.79731
          -2.08526
          -0.54520
          -0.82723
          -2.47245
           3.45913
           0.37866
           0.93134
           2.38159
          -0.88240
          -0.97305
          -3.97472
          -3.58649
          -1.94809
          -2.36991
          -3.91797
           0.93047
          -0.37388
          -0.50544
          -1.22490
          -0.10047
          -1.77110
          -1.21446
          -4.18746
           2.15482
          -1.91241
          -0.25885
          -2.88521
          -1.50030
          -0.86046
          -0.33113
          -0.75980
           1.69668
          -0.00551
          -1.21137
          -1.37117
          -2.48124
           3.60658
          -0.66537
           2.14959
           4.31211
           1.70441
           0.25082
          -0.83639
           0.73013
           1.03882
          -3.98690
          -3.74659
          -0.93614
          -3.96485
           2.25640
           0.91415
           2.85377
           0.69129
          -2.76745
           2.84712
           1.85737
           2.66064
          -0.02695
          -0.21528
          -0.12640
          -0.50854
           1.66497
          -4.67317
          -0.16114
           2.06366
           2.21790
          -2.87789
           3.96815
          -4.21231
          -0.07086
          -0.92582
           1.52029
          -3.50167
          -3.90303
           0.31061
          -1.17070
          -2.56976
           1.90209
          -0.60818
           0.33143
          -0.64918
          -2.97347
          -2.50173
          -0.19648
          -0.80433
           0.17962
          -2.87372
          -0.32807
          -1.05847
          -4.65483
          -3.65461
           3.03004
           1.01174
          -0.59153
          -0.12530
           0.97674
           2.82043
           0.38363
          -0.87085
           0.58980
           1.46082
          -0.36955
           0.73265
           4.10801
           1.25457
           1.09274
           4.63751
          -0.39738
          -3.90946
           4.54455
          -2.36680
           4.09252
          -1.28894
          -1.70830
          -0.65858
          -1.85186
           0.55045
           0.16480
           1.39389
          -1.90442
          -1.23939
          -0.90133
          -3.89067
          -1.37417
          -0.79042
           0.54736
          -0.03062
           0.24207
          -1.41129
           0.09275
           0.32014
           2.41143
           0.04279
          -1.00992
          -2.49507
          -0.82521
          -1.60990
          -1.98102
          -0.16023
          -1.14405
          -3.46209
           0.54913
           0.94970
               NaN
           0.92011
           2.27763
          -0.52331
           2.52487
           0.72467
          -1.20976
           1.65307
           1.89435
          -2.74912
           1.40893
          -2.14634
           2.78467
          -1.14805
           0.00215
           1.68300
          -0.80833
          -5.47053
          -2.95423
           0.23546
           1.67168
          -0.92553
          -1.40668
          -1.51763
           2.96291
          -3.14151
          -5.39203
           0.71524
          -2.58136
          -2.08867
          -2.80843
           3.48729
          -0.57750
          -0.14828
          -2.95238
          -3.55156
          -3.33771
          -0.42446
          -2.05932
           0.45515
          -0.30441
           3.40313
          -0.73093
          -1.98443
          -0.06640
           0.84299
          -0.44139
          -0.57053
          -4.04419
          -1.70015
           0.02000
          -3.41495
          -3.00659
           1.38103
           0.16501
          -3.61457
           4.33035
           2.31617
          -1.92052
          -1.90251
          -2.87340
           0.73600
           0.68318
           1.46404
          -1.92301
           1.35044
          -0.87234
          -2.56042
          -1.29120
           0.62719
          -0.43429
          -0.81511
          -1.20842
           1.65310
           0.01954
          -0.31984
          -3.71431
           0.09408
           0.08120
          -1.70925
          -3.54955
          -0.64885
          -0.05410
           0.77542
          -0.57702
          -2.11106
          -0.97294
          -0.43459
          -0.10253
           3.11404
          -0.39319
          -1.13088
           0.88215
          -4.02244
           0.92979
          -0.72837
           2.02405
          -1.73439
          -1.15698
          -3.68604
          -1.58602
          -0.24055
           0.48281
          -0.58928
          -0.37105
          -0.69570
          -2.06689
          -0.62674
           1.20673
          -0.12341
           0.57685
           4.18365
           0.17688
           2.00628
          -1.89919
          -0.65312
           0.15224
           3.02317
          -3.60683
          -0.63362
          -0.55810
          -2.40141
           0.37725
           0.44058
           2.82096
          -1.50552
          -0.73257
           1.77945
          -1.96195
          -4.06445
          -1.48443
           2.29927
          -1.84766
           1.95334
          -1.17892
          -0.99694
          -0.49768
          -1.38722
           2.39031
           0.02000
          -1.23286
          -4.28286
          -0.13816
          -1.57027
           1.78118
          -1.28845
           0.77901
           0.04051
          -1.25843
          -0.09136
          -1.38957
          -0.28979
          -3.96343
          -1.33999
          -1.59501
           0.27609
           0.63117
          -2.04080
          -1.72269
           1.25171
           1.51512
          -2.02109
          -2.08858
          -0.76613
          -1.04272
          -3.26410
          -1.95833
          -1.79550
           1.72077
          -2.13816
          -4.81703
           0.20860
          -0.14951
           0.45761
          -4.80860
           0.18677
           0.20167
           1.63129
           0.61719
           3.87062
          -0.74705
           1.91506
          -0.99857
           0.86504
           2.63794
          -1.93628
          -1.20408
          -2.76364
           0.91720
           0.77440
          -1.21610
           0.17695
          -2.71951
           0.57952
           4.37141
           0.80448
           1.47037
           1.45266
          -1.79840
          -0.52275
          -1.69768
           1.22218
           0.09060
          -1.43208
           0.63954
           1.60285
          -0.73867
          -2.96447
           0.77195
          -2.14494
          -2.86948
          -2.89238
          -0.02820
          -4.14956
          -0.50417
           0.30274
           1.30485
          -1.21497
          -2.56018
          -2.29600
           0.78741
          -2.58544
          -0.85674
           1.61158
          -0.51775
          -3.45991
          -2.90302
          -2.50935
          -0.14685
           0.51043
          -2.60431
          -0.57318
           0.17284
          -0.90233
           1.98119
           0.05004
          -3.45090
           0.68258
          -0.41296
          -2.68071
          -2.42004
          -0.77565
           3.17613
          -0.92271
           0.20861
          -3.11778
           0.84301
          -1.98735
          -0.94033
          -0.49139
          -2.23826
          -3.48833
          -3.03204
          -0.43822
          -0.38395
          -0.63815
          -0.41788
          -4.95313
          -1.34454
           1.57969
          -2.17093
          -2.36027
          -1.87326
          -3.02859
           0.16026
          -0.26388
          -3.12582
          -2.09327
           1.59162
          -0.52598
          -5.98697
          -3.35856
           1.04766
           3.02159
          -2.30107
          -4.04204
          -1.06718
           3.68661
          -1.47640
           1.92697
          -2.14404
          -1.91843
           0.41843
          -1.51474
           1.18250
           0.54040
          -1.65708
           0.00196
          -1.67780
          -3.05481
           1.45023
          -3.01073
          -1.61272
          -3.35686
          -0.50704
           2.00195
           1.16845
           4.27389
          -3.05531
          -2.81893
          -2.93653
          -0.65092
          -1.82073
           1.19472
          -2.63636
          -0.34444
           0.50289
          -2.89276
           3.19449
          -2.96201
           1.44150
          -3.57896
          -1.85354
          -0.35945
           2.26224
           0.57229
          -2.28895
          -4.07871
           2.81052
          -4.03055
           0.39462
               NaN
          -0.49527
          -0.84238
           2.08096
          -0.17003
          -1.56474
           2.04800
          -2.45606
          -0.90079
           3.29852
          -0.20132
           1.46780
          -0.50274
           0.10405
          -0.69007
           1.56615
           1.07908
          -0.82919
           0.72982
          -1.63056
          -0.90864
               NaN
           0.44861
           0.20595
           0.33809
           0.00257
           0.72825
           0.06889
          -0.14877
           0.78146
          -0.84874
          -1.23578
          -0.59711
          -2.16778
          -0.29760
          -1.92389
           1.30336
          -4.66937
          -5.13561
          -3.26084
          -0.64476
          -1.47422
           0.48456
           0.33041
          -2.45377
          -3.58487
          -2.47242
          -3.06357
           1.86973
               NaN
          -0.11821
          -0.23854
          -2.60137
           2.22067
          -0.57238
           3.45984
          -0.25515
          -4.86407
           1.42870
          -2.19585
           2.77494
          -3.37042
               NaN
           3.03849
           3.90278
           1.10982
          -1.98626
          -1.30486
           1.55901
          -1.85442
          -4.37486
          -5.39893
           0.39720
           0.89891
           2.03715
          -0.06609
          -0.08417
           0.93639
          -0.83684
          -2.24265
          -4.11621
           1.56343
           1.66944
           1.71999
          -1.00621
           2.40906
           0.82868
           0.68443
           0.56114
           1.37634
           1.86331
          -2.05479
          -1.56201
          -2.42264
           2.31871
          -3.03747
          -0.80190
          -2.96590
           0.40348
          -1.91112
           0.24736
          -3.17463
          -3.52119
           0.61182
           2.40686
          -1.87832
          -2.84000
          -2.38911
          -1.58997
           1.12469
           1.46416
          -0.15801
           1.35802
          -0.82198
          -4.53395
          -1.11818
           0.16540
          -1.27782
          -2.58464
          -0.57869
          -0.29103
          -1.39197
          -0.87054
           2.74671
           3.43933
          -1.48309
          -3.80211
           0.56661
          -0.48856
           0.48565
           4.66741
          -0.53522
          -1.60059
           0.05005
          -2.78797
           1.08884
           0.59829
           1.78283
           0.36843
           0.35048
          -1.18551
          -1.08862
           4.12799
           1.28105
          -0.40381
          -2.24118
          -2.68730
          -0.09468
           1.98556
          -0.39170
          -0.13379
          -0.93568
          -0.25102
          -0.92788
           2.03706
           0.89109
           1.26702
          -3.47629
          -0.09460
           1.39137
           3.37744
           0.43311
           0.05983
          -2.19468
           1.50123
          -0.66880
          -0.01207
           3.10836
          -1.10475
          -0.47114
           3.15016
           0.50346
          -1.11747
           2.83284
          -1.17624
           1.19901
          -0.84291
          -2.17197
          -0.01353
           0.49912
           3.37399
           2.70916
          -0.89381
           1.09990
           2.15805
           1.05610
          -2.19925
          -0.64469
           0.31370
           1.62151
           0.55965
           1.52646
          -0.26205
          -1.07691
          -0.97472
           1.36627
          -1.34164
          -3.61758
           3.39133
          -0.86850
           3.14229
          -0.53484
          -2.23432
          -0.37533
           2.30610
           0.92575
          -2.26932
           1.19565
          -1.37732
          -1.49438
          -0.31825
          -0.69713
          -0.80103
           0.92500
           0.03453
          -0.80856
          -1.76015
          -0.61653
           0.32610
          -4.19940
          -3.32166
          -0.80829
          -0.11157
          -3.47067
          -3.33708
          -0.87379
          -0.47306
          -2.40653
           1.24296
          -0.20495
          -2.25234
           1.55024
          -0.03541
           0.61128
          -1.88056
           2.74490
          -1.35127
          -1.04851
          -4.17564
           1.85498
          -1.02873
           0.52802
          -0.19056
          -3.44015
          -0.90655
           2.02682
           1.47279
          -0.09448
          -1.76677
          -0.69045
           4.33995
          -1.76035
           2.72606
           1.54866
          -1.52157
           2.25909
          -2.98849
          -1.19366
          -0.32107
          -2.99932
           4.30766
          -0.78107
          -2.17994
          -2.22281
          -5.15762
           1.90343
           0.05388
           3.91106
          -2.26259
           0.30788
           1.85216
          -1.39137
          -0.66379
          -5.93219
           0.35031
          -2.46514
           2.40013
           0.30191
           1.20945
          -1.67916
           2.22901
          -1.79050
           2.65236
          -3.15156
          -3.20321
          -1.96386
           5.13854
          -1.10605
           3.79063
           0.39391
          -1.04378
          -2.72422
           0.34950
           0.26905
           2.16916
          -5.44714
          -2.88706
          -4.17431
          -3.20768
          -0.04407
          -2.54107
           4.87087
          -4.41410
          -3.03220
          -4.82811
           0.91317
          -4.09169
          -3.45575
          -1.70170
          -2.66016
          -0.97172
          -1.07559
           0.96548
          -4.52486
           2.67574
           0.84584
          -3.48648
           0.84042
          -2.37940
           1.84779
          -2.61177
           1.70413
          -4.18914
          -1.61036
          -1.44489
           1.70188
           2.29210
          -1.86848
           4.06743
           1.74411
          -0.57634
          -3.10658
           2.75057
          -2.45743
          -1.59206
           1.05718
           2.19781
           0.96655
          -1.47103
          -0.70816
           1.95960
          -3.44586
          -1.99024
          -3.38380
          -6.10723
          -1.38422
          -5.93381
          -3.84425
           3.09840
          -0.68874
          -0.34981
          -4.87151
          -0.10597
          -3.01405
           1.62508
          -4.76361
           0.24524
          -3.10573
          -1.78289
          -4.11079
           2.24166
           0.29036
           3.15659
          -4.59921
           0.29741
           4.28091
          -4.07027
           0.83152
           2.84519
           0.65738
           4.35092
           4.26901
           0.99327
           1.27815
           0.47430
           1.03613
          -1.14057
          -1.72863
          -1.65134
          -6.89522
          -3.64447
          -2.49281
          -2.05068
          -6.81823
          -1.06822
          -0.34341
          -4.80548
          -0.83312
           0.33699
          -3.60247
           2.12476
          -2.66476
          -1.25305
           2.23022
          -3.33593
           0.48348
           2.67283
          -3.99579
          -2.63256
           2.42894
           4.04362
           2.25206
          -2.02321
          -2.66137
           0.78117
          -0.64498
           0.89492
          -2.52004
          -3.28208
           1.93990
          -1.79588
          -0.23352
           4.32971
           2.69657
          -0.27152
           2.16789
          -0.54637
          -1.84546
          -1.50956
           2.87887
           0.56363
          -3.81521
          -4.28950
          -5.01455
           1.29752
          -5.65586
           0.58045
          -1.26704
          -3.97598
           2.07180
          -0.47947
          -2.12209
          -1.16494
           1.41030
          -5.44518
           4.51405
          -2.72334
          -4.09382
          -0.27680
          -1.76399
           6.93381
          -3.68610
           1.75350
          -1.74728
          -2.14369
           1.74615
          -1.65940
           3.85944
           1.54553
           1.70342
           0.16121
          -4.23959
          -2.92373
           0.59633
           3.02280
           0.63302
           4.37922
          -4.12554
           2.04291
          -1.15872
           1.16565
          -0.32179
          -2.29960
           1.29289
           0.03914
           2.33982
          -4.57456
          -0.41797
           3.47817
           4.02619
          -1.08169
           2.64913
          -0.61822
          -3.27227
          -2.13648
           3.57635
          -3.93611
          -4.46781
          -1.38006
          -2.86152
          -0.73679
          -4.08447
          -2.88310
           0.71690
           1.48073
           1.13071
           5.03386
          -0.92131
           0.80962
           1.19601
          -2.85885
          -2.23366
           0.98520
           4.34994
          -1.70418
          -0.73790
          -0.03186
           1.40434
          -4.40361
           2.28211
          -4.97537
           3.44300
          -0.54931
          -3.25319
           0.24663
           2.66770
          -1.78619
          -2.86918
           0.22765
          -2.02257
          -1.18755
          -1.00260
          -1.41387
          -1.56815
           3.57233
          -1.06907
          -2.57922
          -6.15724
          -2.27252
          -5.19828
          -1.49065
          -3.12507
          -0.28315
          -1.61089
           1.08176
          -3.58102
          -2.00832
           0.91598
          -4.59363
          -6.67915
           2.46890
          -2.65102
          -5.02318
          -2.71960
          -0.85657
           0.69481
          -7.11766
          -5.62182
           2.83397
          -2.42581
           2.25273
           3.60943
           1.49592
           5.82527
          -2.12918
           1.52724
          -3.76120
           0.45632
          -6.25372
          -6.02819
          -4.73803
           2.38178
           0.79704
           1.14823
          -3.60158
          -4.16980
          -2.04941
          -6.31783
          -1.06642
           2.63885
          -1.98964
          -1.06476
          -0.72914
          -2.74552
           2.68979
          -4.15586
          -0.23213
           1.10413
          -3.73446
          -5.24483
          -2.37134
          -2.23146
           2.04326
           0.22021
           1.38255
           4.10536
           4.42593
          -5.06753
          -2.26230
          -1.95915
          -1.31786
          -2.07169
          -6.07076
          -1.10297
           0.72796
           6.14370
          -0.12772
           2.06955
           0.32873
           2.68500
           1.48214
           3.36783
           2.91318
          -2.19433
          -1.44587
           3.06900
           1.01582
          -0.72255
          -3.18526
          -1.36582
           2.89469
           1.35318
           0.66842
           0.61233
          -4.67644
           2.69496
           3.12670
           0.12437
          -3.42098
          -3.23040
           1.16328
          -1.62046
          -6.04781
           4.82943
          -0.63628
           0.22099
           0.34285
          -3.99031
          -2.25344
          -2.63416
           1.25851
          -1.55261
          -8.01404
          -1.91897
          -5.42261
          -0.45395
          -1.03994
          -0.95157
          -0.99243
           2.19382
           1.67736
           0.10105
           2.79489
          -3.40191
          -5.25787
           1.69712
           0.60846
          -0.34997
          -1.99361
           3.92215
           0.96688
           1.19230
           3.13988
           0.97696
          -6.92784
           5.30848
          -2.95247
           0.61646
          -8.31741
          -4.47871
           1.56216
           0.58815
          -1.91916
           2.82365
          -1.60609
           1.78054
          -2.02379
          -0.57022
          -1.08406
          -1.93353
          -0.46095
          -6.10438
           1.22752
           2.94873
          -0.31021
           1.16786
          -1.72632
           0.84410
           0.24516
          -2.53361
          -0.75310
          -0.73845
          -0.94481
          -5.54605
          -0.39203
          -4.56160
          -2.74794
           2.24902
           3.19739
           1.88014
           0.54589
          -0.21100
          -3.06058
           4.59659
          -0.21696
          -2.48146
          -3.48170
          -2.96813
          -5.28514
          -4.63696
          -3.77775
          -0.69303
          -0.87911
           2.59630
           1.47957
          -5.35470
          -2.97339
          -1.25783
           2.09125
          -3.95477
          -4.78346
          -1.48225
          -5.24594
           0.32218
          -4.13059
          -7.80159
          -0.43465
          -2.24689
          -2.49471
          -3.42896
           5.00329
           1.38065
          -0.29337
          -2.31198
          -3.13447
          -3.78528
          -0.26966
          -0.66278
           2.24552
          -3.60902
           3.54851
          -1.23711
          -1.18858
          -3.94239
           1.79919
           2.39288
          -1.27679
          -1.34846
           2.75361
           4.14135
          -5.07411
          -4.79532
          -2.76310
          -2.33378
          -2.39088
          -3.00309
           0.13253
           0.24578
          -2.12365
          -4.94633
          -5.12705
          -3.18380
           4.46424
          -2.12931
          -2.80994
          -0.41174
          -4.45872
          -0.50032
           0.44156
          -0.43714
           0.51181
          -1.30944
          -0.93756
           0.39244
           2.91494
          -5.57763
           2.17190
           3.42906
          -0.02621
          -2.10280
          -2.35673
          -1.16542
           2.01033
           1.24432
          -4.45500
          -3.71506
          -1.77233
          -0.53334
          -0.52290
          -0.06184
           2.34354
           5.04573
          -4.17828
          -3.48489
          -0.26526
          -5.26372
          -1.35283
           0.46344
          -2.59653
          -3.49783
          -5.86000
           0.74126
          -2.89221
           0.89091
          -7.08192
          -3.51399
          -4.24697
          -1.91554
           1.13640
          -0.55250
           2.13954
           1.37810
           2.76064
           1.53947
          -2.63191
          -3.75467
           1.15158
          -6.10950
          -0.31370
          -0.99023
          -3.63958
          -2.18439
          -0.44884
           2.70044
          -2.53518
          -4.02389
           0.00457
           0.67955
          -2.67176
          -5.25851
           0.57068
           0.37720
           2.44562
          -0.26137
          -1.10828
          -3.61444
          -0.10109
          -1.92411
           0.81255
          -1.12560
          -4.78931
           2.17355
           0.58392
           5.21624
           1.46198
          -1.15194
           3.74081
          -1.75533
          -0.16265
           0.71287
           4.33638
          -3.67581
           2.54683
           3.73013
           1.26958
           0.80888
          -1.53314
          -3.41157
           1.60485
          -0.18683
          -6.17695
           1.02249
          -2.11547
          -3.30074
          -1.79066
          -0.51987
          -1.71605
           1.25609
          -1.46594
          -3.64550
           1.08944
           0.18384
           2.09433
          -3.12275
          -1.77100
           4.06812
           1.16574
           3.81876
           1.64722
           2.77066
           2.68200
          -1.29765
           3.67295
           2.76969
          -1.98718
          -2.30610
          -4.75313
           4.18523
           2.64799
          -4.16928
          -2.88824
          -0.85471
          -0.72705
           5.91385
          -2.35172
           1.37716
           0.22004
           1.01772
          -2.97743
          -1.05052
           0.18226
           2.53255
           0.47829
           0.96797
           4.98363
           0.86675
          -2.80970
          -3.30305
          -5.64470
          -2.72061
          -4.91870
          -2.16490
          -1.39522
          -2.60569
          -0.22506
           1.35616
          -2.69729
          -2.81201
          -7.58826
           6.68613
          -5.10030
          -0.25657
           0.40688
          -5.35440
          -1.83904
          -1.75735
          -1.39246
           1.80603
          -0.72112
          -3.93211
          -2.48304
           3.53884
          -4.15116
           2.16617
           2.55831
          -4.29276
          -0.32808
           1.55841
          -0.88543
          -2.93757
           2.05864
           3.93780
           0.98639
           1.63798
          -0.61599
           1.32669
           0.18536
           0.92544
           5.09387
          -3.60907
          -6.07943
          -5.99870
           3.70379
           0.29722
          -0.56251
          -2.02756
          -7.35660
          -4.82908
          -5.14519
          -3.23004
          -2.86507
           0.60502
          -4.02530
           2.39383
           0.68548
          -4.45144
          -1.40523
          -4.18096
           0.50698
          -5.35896
          -3.03455
           1.06713
          -0.36631
          -0.47690
          -6.64018
          -0.54034
           6.69531
          -0.84528
           2.11027
           0.92620
           2.61616
          -1.35912
          -1.84139
           1.33146
           2.59413
          -0.35516
           0.14243
          -1.30044
          -0.78299
           1.00621
          -0.07042
          -3.53343
          -4.65383
          -1.66976
           3.21708
           1.45735
           3.17120
          -5.33408
          -3.01280
           0.15955
          -0.92498
          -4.19850
           2.16273
          -0.20814
          -5.89966
          -4.09238
           2.53949
           1.71586
          -5.90176
          -1.42257
          -1.95184
          -2.55206
          -0.93917
           3.61043
          -3.89409
          -1.42755
          -4.26768
          -0.14457
           1.69902
          -0.18421
           6.45668
           0.79527
           4.66512
          -0.43768
           1.33860
           2.28102
           5.34349
          -0.61777
          -6.80763
           2.24266
          -3.22723
           3.02257
           2.29436
           3.84968
           1.27910
           1.49756
           6.55756
          -4.66372
           3.36825
           1.97400
          -4.25307
           6.39012
           0.64265
          -0.81512
          -1.20078
           1.19736
          -4.19796
          -4.64215
          -1.59160
          -0.26723
          -1.02627
          -2.03825
           0.84097
          -1.76321
           2.10992
          -2.42330
           0.58264
          -4.44084
          -3.87121
           1.85900
          -0.05354
           0.19124
          -1.90439
          -4.59486
           4.18032
          -1.01934
          -3.09664
           1.17736
           2.98034
           5.64015
           3.28850
           2.78383
          -3.07354
          -2.25626
           2.19234
          -0.68368
          -0.00328
          -6.14425
          -0.25452
          -5.96199
           2.64734
          -0.18872
          -6.02113
           0.98136
               NaN
          -0.73321
          -5.27279
          -1.59731
          -1.31300
           2.24156
          -4.39946
          -7.17282
          -2.48920
           0.58654
          -1.86958
           0.11646
          -0.88557
          -0.88339
           1.58948
          -2.58885
          -2.73178
          -1.71301
           2.28995
           2.07488
          -2.31479
           4.79768
          -0.70685
           1.42469
           2.74332
           1.63590
          -0.76549
          -3.13250
          -5.00014
          -0.06382
           1.99867
          -1.90487
          -2.06414
          -7.09513
           5.16176
          -3.38084
          -2.38285
          -4.73158
          -3.55617
          -3.87772
           2.25437
          -2.14774
          -0.96786
          -1.70995
          -3.50219
           2.44179
           2.76147
          -3.96709
           2.01125
          -0.28735
          -3.38108
          -2.26488
          -0.87024
          -1.42816
          -2.84004
          -1.04237
          -1.69859
          -0.64898
          -0.36538
           0.89697
           4.59994
          -1.14668
          -5.36307
          -0.36678
           0.44988
          -3.72111
           3.60004
          -2.40341
          -2.34927
           0.98585
          -2.20797
          -0.70912
           0.54271
           0.44287
          -0.58238
          -0.63577
          -3.59729
           2.73610
           4.38197
           2.07601
           0.84927
          -3.09718
           1.35964
           6.07583
           3.07653
          -3.40077
           2.50612
          -2.02198
          -0.15426
           0.48900
           3.03690
           3.85612
          -2.60354
          -0.16834
          -1.58962
          -0.53073
           3.64130
          -1.97169
          -0.60308
          -6.16866
          -2.34279
           1.67042
          -3.75164
           2.96413
           3.83404
           0.01168
           0.40525
          -4.99294
           1.74830
           1.33136
          -3.38529
          -0.01389
           1.43252
          -1.56643
          -0.25369
          -0.37216
           0.05190
          -2.16558
          -1.58113
           2.05478
           0.97594
           2.84752
          -3.84771
          -2.44441
           3.93917
           2.15253
          -0.82646
           3.43128
          -1.25035
          -0.96713
           4.52212
          -5.89341
          -1.93752
          -4.60762
          -0.19685
           1.54927
           1.55461
          -2.91247
          -3.96804
          -0.41173
           4.40122
          -1.79640
          -4.16566
          -1.10930
          -1.14386
           3.79271
           0.71049
           2.85696
          -0.92983
          -1.65279
           1.39463
          -1.01212
           0.88842
          -3.82653
          -1.20732
          -4.47421
          -2.93264
          -2.94982
           0.10405
          -2.07295
          -5.49206
           2.05289
          -2.29909
          -6.52201
          -0.56686
          -0.64584
          -3.73144
          -2.99272
           1.31495
           2.01853
          -0.85159
           4.55631
          -3.49480
          -4.44549
          -3.58337
           5.13653
           1.97937
          -0.65500
          -5.11793
          -5.09854
          -4.33709
           1.06379
           2.24988
          -4.95964
          -1.91266
           2.50381
           1.08921
           3.52449
          -0.37376
           1.09173
          -0.22375
          -0.44420
          -3.06187
          -6.91789
          -2.22668
          -1.38093
           1.78537
          -3.15455
          -4.91643
          -2.35655
          -4.40944
           5.34748
          -0.61388
           2.72600
          -2.61892
           0.65996
           2.48526
           1.97129
          -7.23944
          -2.25201
          -4.68832
           4.32188
          -3.94364
          -5.34604
           0.02968
           4.84286
          -1.76587
          -0.21802
          -3.16283
          -6.21866
           4.43341
          -1.10656
          -7.99444
           9.67612
          -1.59895
          -5.17687
          -3.07707
           8.95898
           3.19787
          -2.81586
           3.65007
           3.81447
          -4.08980
           6.55467
          -1.13225
           8.33263
          -4.07678
          -0.06969
           0.10225
          11.18819
          -2.18654
           2.11791
          -0.63621
          -1.90559
          -1.89401
           0.01371
           1.14759
           8.14758
          -8.33660
          -0.06487
           1.44652
           1.67259
           3.47683
          -4.01393
           2.13538
          -6.89059
          -8.78096
          -2.77303
           6.14864
          -4.85801
           0.09777
           0.22944
          -0.86329
           1.40545
          -1.42593
          -1.12165
           8.92634
           4.88369
           1.58783
          -2.82210
          -1.37027
          -2.06413
          -0.05024
          -1.13351
           2.72446
          -5.50260
           2.31729
           4.67284
           3.33668
          -1.61666
          -3.63371
          -0.71726
          -2.69952
           3.68666
          -0.35723
           1.42823
          -2.66491
           9.43923
           2.16408
          -4.32053
          -0.20560
           3.63971
          -3.02831
          -2.57127
           4.19069
           4.54402
           3.42417
          -5.04406
          -5.15432
          -4.48137
          -0.75665
          -0.10193
           8.59432
          -7.78847
          -2.22364
          -6.32964
           2.14193
           3.99365
          -4.06079
           2.56914
          -0.35168
          -1.26474
           1.65080
          -1.04642
          -1.61610
           0.96526
           7.98654
          -2.13108
          -3.42908
           4.19922
          -1.96745
           0.95672
          -2.98486
           4.73695
          -9.47623
          -3.19009
          -3.81744
          -1.49091
           0.08443
           2.06906
           2.48271
           6.75635
          -1.71408
          -0.84395
           4.86021
          -5.09935
           2.82935
           2.48910
           3.07688
           5.86719
           6.57500
          -1.70275
          -3.84870
           1.74149
          -0.81875
           0.27854
           5.28284
          -3.15524
          -1.55538
           2.54026
           0.08098
           9.67295
          -7.72242
          -0.69104
           2.48375
          -5.28223
          -3.41075
           3.16651
           4.13325
          10.98137
           7.57070
           2.22205
          -2.27712
           1.66768
           5.03349
          -3.33753
          -2.08260
          -3.26269
          11.17063
          -3.01919
           8.77316
          -8.24904
           2.43798
           0.27456
          -0.77960
          -3.84881
          -4.26009
           4.65814
           0.94573
          -3.23963
          -2.80328
           3.03912
           4.07926
          -7.60128
          -1.75944
          -3.13803
           2.83140
          -1.23894
           5.55980
          -2.23580
           3.36161
          -5.91435
          -1.91661
           2.44437
           0.27245
           1.93986
          -0.71325
           6.75503
          -2.80329
           6.03255
           2.35367
           4.83598
          -2.69632
           2.75937
          -1.67603
          -0.08019
          -9.21988
          -1.14657
           4.59836
           1.06736
           1.85583
           3.36605
           1.34400
           0.00178
          -1.71180
           0.08983
          -5.02252
           2.68330
          -1.86824
           0.93957
          -3.00263
          -0.58605
          -3.91825
          -1.01738
           0.39683
          -2.09495
          -1.95028
          10.03463
          -6.90465
          -2.11558
          -5.10034
          -5.06049
           8.04684
           3.14114
           7.60241
          -0.69510
          -0.66386
          -1.61134
          -7.84042
           5.99184
           6.89129
           1.94450
           6.11738
           7.46024
           7.58335
          -0.02963
           3.57749
          -4.53704
          -0.95804
          -1.69845
          -0.05653
          -2.00573
          -0.67296
           0.86183
           6.50712
           3.90198
          -4.45820
          -0.76986
          -5.34897
           1.94741
          -2.96008
          -0.47966
           3.51709
           0.96489
           3.15238
           9.37647
           1.29214
          -0.35150
          -1.60347
          -2.36516
          -0.50119
          -3.02510
           5.42827
           7.03434
          -6.29351
          -2.54208
           5.26033
          -4.44498
           0.08839
          -2.75991
           0.97908
          -4.70605
          -4.29351
          -9.62254
           4.48034
           3.09201
          -2.69358
          -1.23636
          -2.12210
          -2.97441
           2.32355
           5.97516
          -1.35556
           6.40501
          -8.84726
           1.43215
          -1.79709
           0.94439
          -6.10428
           0.35884
          -6.16110
           5.37930
          -1.54763
           2.58137
           5.56192
           4.81069
           0.12212
          -2.85417
           5.94066
          -1.98756
           3.29480
           4.62081
          -2.35890
           8.19127
           1.29254
           4.74531
           4.55740
          -6.84637
          -0.27654
          -0.68705
         -10.97136
          -3.54745
           2.46970
           4.02463
           1.23261
         -10.90812
           4.88507
          -0.39779
           2.28359
           3.20900
           1.62202
          -4.89722
          -2.78446
           5.22960
          -6.89466
           1.63749
           0.82292
           3.50896
          -8.17264
           8.97848
          -3.51935
          -4.20031
          -6.97635
           3.60445
          -3.62214
          -4.90728
          -0.96245
          -0.49919
           2.62307
          -2.46853
          -0.56621
           0.49631
          -2.13032
          -1.45529
          -2.87244
           3.44306
          -3.88421
           2.76590
           4.80093
           2.04719
           5.45733
         -10.92688
          -7.55839
           8.97470
           4.00403
          -4.75014
          -2.81673
           2.28417
           2.85857
           6.03555
           5.67911
          -1.06347
           2.73342
          -0.39879
           4.80304
           4.38552
           1.68410
           0.94410
           6.87352
          -2.44930
           0.59706
           3.40398
          -1.49237
           9.28237
           9.20476
           2.42799
          -3.97420
          -5.49488
           4.23764
          -3.80495
           5.87295
          -7.40617
          -0.06825
          -1.39569
          -8.08103
          -0.53904
          -1.28233
          10.47860
          -1.90906
          -3.79906
          -3.05522
          -1.51242
           3.37557
           4.75150
          -0.25936
           1.26499
          -5.09589
          -0.95475
          -2.60289
           3.34169
           0.18586
           3.95845
          -4.52834
          -1.98885
          -2.40618
          10.64465
           1.47882
           5.99324
           3.26491
          -0.56826
           2.13055
           0.68894
           9.31944
           9.15418
           1.03723
          10.43564
           0.28942
           7.97697
          -1.54960
          -3.87099
           1.98671
           5.97953
          -9.19884
          -5.48700
          -2.53530
          10.07213
           4.83448
          -1.29384
           4.04883
           6.90561
          -1.66478
          -1.79449
           2.43205
          -3.08073
          -1.48245
          -1.88196
           1.22386
          -3.50109
           0.06834
          -3.90853
          -4.17429
          -2.66947
          -0.65558
          -4.14440
          -2.21793
           4.62949
           3.18609
           0.02481
          -3.17265
           5.72057
          -0.58463
          -4.67304
           0.48394
          -8.06901
          -8.34976
          -6.13329
          -0.93778
          -0.33595
           7.56833
           3.89579
          -5.44158
               NaN
           5.57640
          -5.15487
          -1.57235
           0.22155
           9.48970
           6.45670
          -3.01535
          -1.61499
           7.56202
          -1.56003
           0.27380
          -2.47202
           0.90434
          -0.43004
          -2.79624
          -1.05759
           5.52102
          -0.53722
          -5.14947
          -0.93233
          -3.00817
          -4.91726
          -4.22208
          -5.70960
           1.90108
           1.60513
          -1.06834
          -3.29634
           1.38852
           3.12115
           1.56270
           0.54068
           8.54410
          -0.88792
          -6.31830
          -5.33420
          -3.78976
           7.52104
          -1.41981
               NaN
          -2.30407
          -3.57633
          -5.31269
           1.26838
           8.14945
           0.09694
           2.84906
          -2.25518
           8.83913
           0.09366
           4.77838
           5.86837
          -2.00434
           2.26300
           7.23557
          -1.61658
           0.87998
          -7.03322
           2.30126
           5.98538
           5.81752
           0.12975
          -1.11127
           0.08710
          -0.55278
           4.20186
           1.76852
           3.00091
           0.03178
           4.18147
           4.42940
          -5.90579
          -6.14380
           4.15039
           4.88011
          -5.16945
           1.21836
          -2.54885
          -0.83072
           4.15574
          -3.30745
           8.83186
          -1.16331
          -1.39301
          -3.52671
          -3.58962
          -4.78654
          -3.34747
          -5.39493
           3.66197
          -5.48414
          -0.51653
           0.01507
          -4.52857
          -7.19682
          -4.39285
          -7.14313
          -9.54560
          -1.20723
           0.36585
          -2.79875
           0.79885
           0.72447
           4.05618
           4.18374
          -6.73352
           1.24847
           2.32857
          -5.46398
          -4.10599
          -1.91413
           2.41455
          -3.14180
          -6.56617
          -1.10653
          -0.64721
          -1.98605
          -7.32563
           3.10979
          -5.57106
           2.32636
          -4.16286
           7.19022
          -5.99908
           0.77001
          -0.55205
          -3.32726
           2.44122
          -1.86028
           0.44126
           0.20673
          -3.96206
          -2.02294
           3.19308
           4.75336
          -5.50372
           2.53028
           2.06851
           5.51679
           1.60955
           3.29299
          -6.00295
           3.14215
          -2.66391
           2.77481
          -3.55531
          -4.28431
           0.14919
          -3.44476
          -3.13561
          -3.19555
           6.85603
           3.08030
          -3.09175
           0.13298
           3.16197
          -8.26187
           2.63347
           1.09075
           1.22824
           0.99817
          -2.18420
           5.60550
          -8.01956
           1.16933
          -1.75283
           3.41024
           6.70352
          -5.87992
          -4.61354
          -4.17691
          -3.06257
           2.34917
          -0.62187
           2.27831
          -4.85270
           3.94826
           1.70501
          -3.69487
          -2.19398
           2.19153
          -3.35626
          -5.36111
          -1.64735
          -5.00732
           2.03893
          -3.77306
          -1.92547
          -6.85304
           0.12086
          -5.23126
          -3.72598
          -8.83034
          -0.19161
           0.38026
           1.39727
          -6.62236
          -1.40095
          -0.75108
           1.98542
          -1.36468
           3.85800
          11.62014
          -0.58966
          -1.60658
          -5.57340
          -1.54047
          -3.17453
          -1.68129
          -1.14663
          -3.12052
          10.21025
          -2.06822
          -6.92459
          -3.84232
           1.01860
           8.07983
          -5.02460
          -0.16293
          -1.85376
          -0.80548
          -2.41867
           1.65328
          -6.72801
          -8.68870
           3.07237
          -1.02704
           0.96011
          -2.52587
          -3.60087
          -0.20776
          -2.24120
          -6.44671
           2.11315
          -7.40070
           1.25496
          -1.42045
           1.22894
           0.18771
           0.73710
           5.92022
           0.34697
          -2.52948
          -7.55907
          -0.24175
           1.72937
          -0.25056
          -6.26178
           7.94966
           7.36378
         -11.00327
           5.40214
           1.42713
           5.71765
          -6.00831
          -0.81063
           0.50609
           0.24936
           7.24072
          -3.57504
          -3.79658
           7.22256
               NaN
           1.25882
           8.68274
          -2.42209
          -9.06525
           5.84136
          -2.42246
          -7.30658
          -2.87226
          -5.20068
           7.91829
           4.87495
           4.31645
          -0.85352
          -4.67890
          -5.48829
          -3.63009
           1.66855
          -7.10045
           4.89588
          -3.20943
          -7.01228
           4.08469
           4.26043
           0.15892
           1.73042
           2.63566
          -1.78127
           8.08322
           7.10262
           2.00541
           2.34719
          -0.58367
          -0.03766
          -2.74420
          -2.77182
          -3.89208
          -1.17826
           2.37941
          -5.01057
          -7.02341
         -10.90491
          -1.52747
          -3.96081
           4.05134
           7.68398
               NaN
          -7.41529
          -1.54044
          -9.39540
           0.21155
           4.50883
          -5.20454
          -4.75102
          -1.89641
           8.90486
          -4.70018
           9.64623
          -0.63120
          -2.95272
           3.94180
           3.42712
           2.96546
          -8.12080
          -6.04761
           6.10986
          -1.69853
           3.86150
           2.92061
          -0.86824
           5.84700
          -7.96984
          -4.33813
          -2.75047
           4.70668
           1.36529
           7.87001
          -0.33866
           1.11234
           3.65338
          -4.45942
          -1.72575
          -6.18321
           6.45526
           0.74300
           1.19011
           0.94753
          -1.15722
           3.12127
          -0.42080
          -2.69694
           0.98881
           5.78819
          -0.44574
           3.57122
          -5.94444
           2.79653
          -4.72847
           1.08266
           3.19915
          -6.70077
           0.28322
           4.17434
          -0.85005
          -3.46896
           7.31485
           2.63454
          -1.47608
          -5.63517
          -3.40310
           1.26503
          -0.84179
          -0.47277
           5.52905
           0.38272
          -1.62021
          -6.25521
           0.59388
           1.71165
          -1.05336
          -2.20331
           0.11359
           1.81048
          -2.50128
          -1.62476
           5.50843
           1.70650
          -1.98537
          -1.47154
           1.96019
          -1.88968
           6.76648
           6.26103
           2.25404
          -0.48278
          -1.34712
          -3.65393
           3.77325
           0.68127
           3.78344
           1.78801
           1.82298
           2.41534
          -6.79905
           3.74878
           0.09415
          -2.27468
          -0.96314
          -8.72951
          -9.30744
           0.35671
           4.10094
          -4.07525
           0.68621
          -0.39549
          -3.04332
           0.54428
          -3.53578
           7.04588
          -8.41516
           2.13751
           4.26113
           2.98347
           4.02355
           1.04957
           3.73858
           7.24047
          -4.16133
           5.57123
           3.32369
          -8.47850
          -1.19200
           7.24840
           8.70977
          -5.39616
           5.07461
           2.12194
           3.00990
          -4.24021
          -3.07605
           0.34503
           1.79998
           8.33397
           9.98729
           0.13238
          -0.32577
           3.92299
          -1.61855
           0.26195
           2.04233
          -5.09924
           0.82869
           2.62915
          -1.31750
           1.21350
          -1.24081
          -9.18167
          12.20519
          -0.45198
          -2.13943
           8.74858
          -4.47830
           5.51275
           3.01504
           0.35418
          -0.32100
          -0.82199
           4.98999
           0.56197
           4.63700
          -1.72587
          -9.38818
          -1.85420
          -6.00349
          -0.60872
           4.77372
          -1.99614
          -0.50464
          -5.71455
           4.17610
           2.61555
          -3.78911
          -3.90248
           2.38909
          -0.43350
          -5.55750
          -0.11962
          -5.24341
           2.25326
           3.73800
           3.94509
           0.45330
          -0.04399
           8.33300
          -2.05155
          -1.48978
          -3.41684
           0.04040
           1.84907
           4.02328
          -5.05992
          -3.04448
          -5.51991
           2.29432
           7.16616
          -0.96412
           4.21536
           3.46465
           0.31258
           7.16936
          -1.54894
          -5.45958
           9.19339
          -9.65077
           7.35419
           2.23087
          -3.45926
           6.29519
          -2.87894
           7.35278
           2.52406
          -5.41562
           8.07353
           2.76260
           1.90574
          -2.02312
          -6.27468
          -3.23864
           1.05087
           5.68039
          -1.73059
          -0.21780
           0.90694
          -6.41193
