          -3.61640
          -0.14239
          -5.40796
          -5.16429
           6.51894
           6.50753
           0.34626
          -4.92065
          -9.37859
           7.57578
          -1.80635
          11.59353
          -0.31415
          -0.80814
         -10.18164
           4.52750
           8.09909
           7.30795
          -4.29087
          -0.59771
          -4.53488
           7.45641
          10.55346
          12.90597
           7.11853
          -3.17447
           7.77485
           4.02058
           5.16920
          -0.67747
          -7.55331
          -2.15706
          -2.15301
          12.28579
          -8.59840
         -15.90071
          12.61036
          12.23535
          -1.91186
           5.60370
          20.29731
           1.64083
           2.40544
           8.86076
          -7.63243
          -6.41644
          -5.46510
           0.53887
               NaN
           2.36049
           6.51678
          21.48153
          17.34233
           4.22610
          -6.52662
          -7.18442
           4.64570
          -3.64460
          -6.10365
           6.18160
          -6.97219
           2.59239
          -5.17232
          -2.86273
          -3.82869
          -0.94981
          -2.03268
          -1.71075
          15.38531
           4.37257
          -1.25606
           8.80220
           2.44580
           6.94821
           3.39522
           3.50511
          -1.70754
          -2.11668
          10.47118
          -0.36220
           4.26814
          11.79056
         -16.59475
           8.79956
          -2.17090
           8.89576
          -0.40372
           1.53349
           2.02572
           2.73700
           3.71666
           7.86586
          17.62104
          -0.12487
          -5.16271
         -13.86332
         -11.08714
           4.33646
          -9.07374
           1.22958
          -1.48784
          -2.30496
           1.39495
           4.12947
          -3.04294
           6.03819
          -1.00368
           0.95201
          -6.27658
           1.21361
         -12.49421
           8.30702
          -0.31684
          -1.22916
         -12.06596
           9.01776
          -7.30262
           9.75103
          -2.29455
           0.92781
           0.36893
          -3.39245
           4.51588
         -15.33453
           0.84375
           4.03946
           0.03833
          -2.06658
          15.20394
          -1.42369
          -3.24612
           1.09836
          -6.89131
          -3.66788
           1.25098
         -10.19789
           1.53575
         -13.35663
           1.53892
           3.09815
         -12.32269
          -8.22922
           3.85425
          -9.09859
          12.72175
           6.50807
          -3.70704
           8.41469
           1.53899
          -1.57622
          -6.42351
           2.10452
           5.73183
           6.81765
          10.96935
          -7.69553
          -3.80145
          13.64102
          -2.88049
          10.63492
         -12.65012
           2.15137
           9.24110
         -17.97284
          11.25708
           1.81240
          -2.23202
         -17.96391
          -2.33854
           5.72324
           7.11743
          -0.37594
           9.44471
           4.49581
          -3.64560
          -4.24117
           7.24611
           0.22930
           4.73473
          -5.23751
          17.65516
          -3.50671
          -0.81873
           3.20432
          -2.47359
           3.70440
         -13.43365
           2.71163
           5.60189
          -2.02289
           4.05127
          15.43288
          -3.90262
          -3.15587
           0.76553
          -0.22879
           1.81675
          20.54495
          17.29663
           9.89672
               NaN
           1.23043
          -6.02828
          -5.06313
           8.28083
           5.36006
           4.78486
           3.90326
           6.94582
          15.56307
          -0.13773
          16.14650
          -2.73825
           4.28215
          -6.19776
          -7.65734
           2.59325
         -10.01874
          -2.63609
          -5.00135
          -1.99919
         -11.15327
           6.37402
           8.58104
          -8.33879
           9.42510
          -3.24232
           4.60595
          -4.34749
           0.51774
         -10.46613
           1.02721
           3.67087
          -3.04901
          -2.29151
          -3.16668
           8.58554
          -6.58526
          -2.24035
           5.80658
          -7.84624
          -2.00194
           2.55251
          11.99932
          20.76703
          -3.64753
           5.99458
           5.99728
               NaN
           4.26644
          -5.19562
           0.48220
          -3.08291
           0.05932
           6.61219
           9.96653
          -4.87031
           5.16928
          -9.04749
          -1.62176
          -3.19321
          -0.84180
          -3.82537
          10.77262
           7.45966
          -2.48059
               NaN
         -14.46940
          -1.67682
           1.80799
          20.86516
           3.07129
           4.51464
           3.85126
          -5.26280
          -6.01918
           0.66026
          12.64320
          -0.86249
          -6.16658
          -7.66902
          -2.28302
         -14.69513
           8.33965
          -3.17744
           3.24439
           5.26823
           7.13579
          20.46627
           9.66422
          -3.83875
           1.16465
          -1.96370
          -2.61073
          -2.30670
          10.01124
          -7.27469
           4.73199
          -7.97681
           2.03473
          -0.57047
          -2.18064
          -3.49528
          -2.52440
           5.72759
           0.73076
          -4.41254
          10.12849
          10.34852
           5.96190
           5.14314
           7.90283
           9.53214
           3.10051
          -3.14260
          -5.02147
           2.30290
          -2.93861
           8.16069
           6.02724
          -3.77921
          -8.50076
          11.85553
          -6.91352
           5.90121
           0.82023
           7.99360
          -8.31494
           5.47124
          -6.72768
           8.02852
           7.27785
          -0.04192
          10.96306
         -10.21112
          -4.43765
          -6.53920
           9.37611
           1.08079
          -6.78060
          -4.18263
         -12.57155
          -2.72491
           5.60810
           9.78210
          -0.24225
           4.50721
           6.02565
         -17.91682
          -2.12498
           0.69045
          -1.79613
           0.79720
           5.83524
           5.54513
          -6.18662
          13.30881
           3.75450
          11.19277
          -5.65589
           3.69454
           1.51133
          -2.51722
          16.35828
           2.36861
           8.25078
          -4.37473
          -5.39382
          -4.77667
          -2.69149
          15.27808
           3.67685
          -2.70845
          -6.12040
           4.02592
           7.16383
          16.66474
           5.14893
          -3.18110
         -17.67918
          15.98576
           1.69652
          -8.19661
          -6.29559
          -7.65999
           2.48835
          -2.51493
         -10.83610
           2.72031
           8.29400
           1.80028
          14.51311
           1.61746
           0.43000
           6.45681
           0.51575
          -6.85268
          -5.49241
          -0.09678
          -6.87766
          -6.46430
           8.71045
          -1.11433
           6.85152
          -3.12403
          16.84999
           8.47239
           7.65574
           0.47583
           5.24642
           0.42296
         -11.88340
          -1.88478
         -16.62147
         -10.21063
          -2.27742
           1.83221
          -6.84742
          -6.08008
          15.89761
          -6.00183
         -12.11869
          -1.42000
          10.69612
           7.46419
          -0.41939
           7.32502
           4.74882
           7.58589
           3.41425
           0.84309
          -1.75499
           6.62188
           0.26263
          -8.05195
           2.74879
          -0.51934
           8.82335
          -3.08268
           1.85226
          -0.72665
          -1.51313
         -12.97826
          11.21136
         -10.58660
          -1.55138
           9.30058
          13.84156
         -16.28406
          -1.08214
           0.82744
           9.72766
           8.79531
          -6.53345
          -0.46797
          11.17367
           2.72107
           5.68161
          -1.67914
          13.57275
           7.49395
          -2.27153
           4.58087
           4.10649
          -7.95046
           2.14100
          -0.60832
          10.43524
         -10.19696
          -9.55231
         -13.81119
          -1.38436
          -2.26886
          16.68234
          -6.51766
          -3.83429
          -6.65783
           7.51050
           5.11883
          -5.53486
           1.16572
           2.92016
          -3.15252
           3.76069
          13.84271
         -14.35694
           2.62844
           3.48429
           6.76424
           2.83215
          -1.54154
          -7.22682
          -8.71206
          11.80151
          12.89219
          -4.38358
           1.81720
          -8.28374
           2.92930
         -13.15843
          11.20863
           0.45824
          10.52773
           8.31311
         -10.14720
          -9.06657
           6.06206
          -7.58269
          -8.35816
         -15.94229
          -7.92833
           4.35381
          -6.23211
          11.46324
           3.55176
          -6.57667
           4.20038
          -6.27699
         -18.51846
          -1.15326
          -2.42535
          -4.62413
          -7.16126
          -7.12381
           1.85792
           2.70883
          -4.01512
           7.20563
           5.57670
          -4.53441
          -0.46692
           4.46976
           3.32483
          -5.19167
          -8.38310
          -9.96636
           0.24911
          -5.45297
           7.15775
         -15.75601
          -6.82083
         -12.78183
         -17.70149
          -3.60250
           2.39233
           6.37956
          15.11237
          13.17696
          -7.12301
          -5.23846
         -12.99831
           7.63537
           4.42900
           2.36933
           7.77789
           1.32126
           2.00501
          -9.02155
           6.04453
          10.17573
          -1.56136
         -11.09439
          12.23202
           4.89481
          -7.84644
         -14.32277
          -0.97447
           0.33900
           3.79327
          12.12971
          -5.64126
           4.66256
           0.13604
           2.14753
          -5.05357
          -1.82049
          -4.65876
           5.58810
          -2.48027
          -4.51823
         -11.23068
           0.07673
          10.16058
           5.06922
           3.67611
          -0.72672
          13.32953
          -3.21273
          14.73253
          -0.78956
         -10.28245
          -7.95425
           4.37406
          21.01582
           4.41576
           4.05289
           3.13890
           2.28857
          -2.46686
           7.23235
          -1.63388
           6.57908
          17.61527
         -15.11028
           6.30239
         -10.17181
          -1.36628
          11.67094
           1.23776
          -4.51550
           2.16224
           6.30937
          -6.51859
         -15.53057
          -2.34182
           1.80375
           3.53052
         -12.44511
          19.34733
           8.35190
           7.97639
          13.39211
          -0.26532
           0.88078
           5.37583
          -3.64861
          -0.11477
          -6.66986
          12.70708
           7.25827
           0.78909
           8.49958
          -7.08936
          -6.67987
          15.51642
          -4.33996
          -4.00463
           6.40265
           9.58242
          -8.23847
          13.44617
           5.77385
          -1.01341
         -12.45682
           9.84666
          -1.67613
           0.38847
          18.39897
          -7.39326
           0.18349
          12.65523
          11.34526
           8.57673
          -6.98367
          -5.82197
           4.48258
          17.78914
          19.13344
           7.98409
          -1.24032
         -13.79084
          -7.30870
           7.03704
          11.56296
          -4.22934
           3.99804
          -9.20260
          -3.88611
          10.85371
          -3.09038
          18.60741
          -4.22753
         -12.27576
          -3.84944
           1.63752
          -9.58769
         -10.38583
          13.44259
           9.10584
          10.82596
           0.26746
          -0.00744
          -1.23585
          -0.87737
          12.93271
         -14.48399
          -3.92077
          -7.05528
           0.04299
          -8.96801
           0.55978
          -2.32492
          -4.69313
           2.84751
           4.93357
          -2.47785
          -8.09473
           4.36457
           9.79343
           7.19451
           7.63450
          -5.52401
          -2.41251
          -0.26074
          13.31869
          -6.79928
          -4.33219
           3.37160
           4.94938
          -0.18562
          -0.57159
          -4.16709
          -4.78960
          12.01936
          -4.37425
           3.17990
           4.85002
          11.57879
          -5.99054
          14.76208
          -5.43426
           3.63222
          -4.78823
           6.54427
          -1.25668
          -8.68289
          -0.72567
          -4.07334
           0.14600
         -13.14412
          -9.46611
          -2.92919
           7.03609
          -6.03632
         -10.10554
          -6.71747
           0.80774
           8.92971
          -3.98347
           7.80072
           8.14728
           0.35864
          12.31190
          -6.90662
           8.02913
          -0.91971
          10.08766
          -0.26894
          -2.11891
           5.18729
         -10.97711
           7.87330
          -7.12279
           2.24437
          -4.94130
          10.34022
          -0.67792
          -2.51272
          -7.21106
          -8.59273
          -8.95508
          -2.33140
         -12.45555
          -3.68776
          -0.11936
         -13.25946
          -2.51042
          -9.27467
           4.02795
          11.95223
          -7.79385
          12.40455
          -2.90735
           6.98519
          -4.93198
           1.54742
         -15.25064
          -8.69119
          -4.23307
          16.37273
           3.93612
          18.70940
          -9.56728
           7.06595
          -2.78102
          -4.03737
           6.20642
          -9.64713
           8.78152
          -5.17060
          -0.09266
          -1.68352
          -1.35923
          10.45063
           2.51334
           6.25934
           5.91414
          -0.62056
           6.39751
          -3.88050
           1.65721
          -7.22406
           8.61100
          -3.64096
           7.31402
         -13.31654
           5.97263
           9.35008
          -0.09472
           9.97726
           3.30175
          -9.71010
          17.85755
          -8.54943
          10.99161
          10.96063
           6.48523
         -11.06711
          -2.76742
           9.08293
         -13.52526
           8.10338
          -9.76862
          -5.99852
          -7.85321
          13.09451
           3.80684
         -15.92423
         -12.51582
          -0.25490
           0.91419
          -4.51643
          -8.46768
           0.47559
           8.53256
          -0.20056
          -1.39371
           0.09511
          -0.89239
          10.03187
           2.66581
           5.72661
           4.08381
          10.25919
          -2.31609
           1.26740
          -3.34135
          20.35097
           3.80423
           2.18445
          -4.56967
          -1.30027
          -5.16436
           3.76290
           6.09901
          10.20867
          -3.41145
           3.21515
           1.29065
           0.32674
           9.09167
           1.58716
          -7.17469
         -15.03321
           0.51879
          -7.43600
         -10.00465
           2.90917
          -8.36078
          -9.64840
          21.88847
           8.60080
          -0.20603
           7.10768
         -10.65291
           1.41893
          -4.27293
           2.70884
          -4.55956
          -6.88692
          14.09022
           6.02247
           7.65457
           0.85414
          -0.73284
           1.56034
          10.46384
           5.21350
           0.08034
           1.30892
          -3.34889
           6.14600
         -11.11047
          -3.60183
          -3.89868
           7.56686
           8.40411
         -12.36841
           2.53646
           7.24551
               NaN
           3.34616
          10.28331
          -8.01132
          -6.46304
          -4.36655
          -3.98027
           6.56374
         -14.36066
           6.13600
          -7.34263
          10.69583
          -1.44803
          16.43501
           0.34049
          -1.92325
           4.85779
           1.01716
          14.72051
          -3.94128
           7.96427
           7.58907
          12.14928
         -14.90890
           0.90102
          14.60894
          13.92694
          15.31285
           5.26425
          -2.03682
          12.64970
          16.40584
          -0.88935
          -7.41389
           8.26671
           3.77666
          -0.31547
           8.67304
          -1.40791
           4.54199
           8.65357
           0.33368
           7.53890
           5.83335
          -4.91689
          -6.81336
          -7.78888
         -10.40175
          12.57245
           2.71993
           0.20196
           3.10579
          -0.59128
           9.11435
          -2.39924
           2.13506
           6.02299
          -7.05645
           9.35685
          -3.31591
          -9.46689
          -3.26218
           8.76278
           4.83262
           5.13698
          10.52941
           4.94238
         -11.21133
          -0.29653
           5.29536
         -10.36029
           5.78502
           3.29461
          -2.29850
           3.12799
           8.27498
           6.58800
          -0.07990
          -4.52650
          -4.42566
          18.56760
          -3.07571
         -11.77328
           3.70040
          -3.18978
          -3.80083
          -6.97775
           8.31679
          -3.30117
           5.34236
          -7.64864
           3.48137
          -3.90272
         -11.59218
           2.41283
          -8.22707
          10.35567
          -4.87405
           9.78206
           0.58348
           0.83334
          -0.04818
           0.48643
           0.38672
           0.07150
           0.08192
           1.11885
           0.89636
          -0.67789
           0.86323
           0.53199
           0.65885
          -1.23978
           1.22843
           1.74559
          -0.69675
          -0.54649
          -1.04659
          -0.39105
           0.89074
           0.80214
           0.82608
           1.29330
          -0.22894
           0.19169
          -1.14548
          -1.23509
           0.19394
          -1.45722
          -0.29052
          -2.31367
           0.28727
           0.78556
          -0.24505
           0.22339
          -1.35476
          -0.81489
          -0.04871
           1.58446
           1.19937
          -0.22373
          -0.18611
           0.82556
           0.73288
          -0.37203
          -0.49994
           1.33357
           1.05618
          -2.32554
           1.85046
           0.48460
           0.91817
          -2.49619
           2.49103
          -0.26093
           0.65314
          -1.87570
           0.13511
           0.20216
          -1.21162
           0.72340
          -2.08241
           0.78326
          -0.47177
          -1.10862
          -1.65754
          -1.01405
           0.88044
           1.94311
          -1.93846
           0.69101
           0.65013
          -0.45222
          -0.99878
          -0.08917
          -0.03632
           0.44497
          -0.57256
           0.18480
          -0.28840
          -0.47757
           1.15070
          -1.13379
          -2.45944
           0.25489
           1.28113
          -0.32643
           0.62297
           0.19315
          -2.01353
          -0.93493
           0.10833
          -0.50052
          -1.62887
          -1.78820
          -0.63454
           0.31361
           0.36338
           0.18659
          -0.53506
          -1.42372
          -0.82524
          -0.90004
          -0.54494
           0.57704
          -2.23623
           0.79497
           0.39197
           1.18390
          -0.51045
           0.80070
          -1.59032
          -1.03029
           0.05357
           0.15566
          -0.82439
          -0.84946
          -0.47051
          -1.34291
          -0.09149
          -0.57217
          -0.15839
           0.70335
           0.11460
          -1.80089
           0.82438
           0.01427
          -0.75611
           0.03381
          -1.89458
          -0.84409
          -1.34019
           0.06478
          -0.05377
          -0.39022
          -0.10184
          -0.92126
          -1.65208
           0.65062
          -0.96228
           0.66857
           0.65176
           1.26882
          -0.11667
           0.11085
          -0.88683
           0.90276
           0.20484
          -1.20284
           1.81593
          -0.64718
           0.36499
           1.81593
           0.94127
          -0.97221
           0.21497
          -1.44380
          -0.71737
          -1.17064
          -0.86160
          -2.56966
          -2.22952
          -0.64136
          -1.39896
          -1.70796
           0.28975
          -0.54291
          -0.13057
           0.75754
          -0.16277
           0.39947
           1.08316
          -1.31665
           0.86417
          -0.75068
           0.16687
           0.63651
          -0.83973
           1.38781
          -0.65186
           0.44982
           0.31420
          -1.54282
          -1.32280
           1.08092
          -1.08951
          -1.12515
           0.40319
          -0.83230
           1.39874
          -0.50108
          -0.17721
           0.02319
           0.96164
          -0.95775
           0.77103
           0.61344
          -0.38134
           0.69794
          -1.15096
          -1.27362
           0.32668
          -0.12072
          -1.20222
           0.06575
           0.64193
          -1.37218
           1.56384
          -0.41164
          -0.50179
           0.17019
          -0.55067
           0.29993
           0.69827
           1.76095
           0.87336
          -0.50585
           0.82380
          -0.76629
           0.47037
           0.43858
          -1.42793
           2.10851
           0.06122
           0.23655
           0.04308
          -2.34135
           0.26503
           0.34708
          -1.19919
           0.19733
           1.17456
          -0.05567
          -0.05695
           0.92659
           0.96481
           0.76056
          -0.54676
           0.76211
          -0.72487
           1.81014
           2.29979
           0.21623
          -0.37795
           0.09167
           0.00608
          -0.65864
           1.46426
          -2.12949
           0.46324
          -0.06770
          -0.03334
           1.97487
          -0.49347
          -0.55580
           0.53645
          -0.28403
           1.46058
           1.29900
          -1.01603
          -1.29508
           0.49924
          -0.74136
          -0.48544
          -1.31110
           0.03595
          -0.50711
          -0.33067
          -1.24278
               NaN
           2.64250
           1.63904
          -0.82380
          -0.16101
           2.04759
          -1.03243
          -0.35746
           1.26722
          -0.65609
           0.63289
          -0.56117
           0.34845
          -2.21341
          -0.36518
           0.75943
          -0.33701
               NaN
           1.75892
           1.07853
           0.99849
          -0.43416
          -1.70414
           0.26888
          -0.20765
           0.40607
          -0.69251
          -1.71518
          -0.33308
           0.33795
           1.03589
           0.39435
           0.25198
           0.24087
           1.60501
          -0.64632
           0.73454
          -0.95169
           1.06274
          -1.01987
          -0.92732
           0.43101
           0.87709
          -0.59059
          -0.21127
           0.94382
          -1.45890
           1.56254
          -1.22134
          -0.87574
           0.07375
           0.89531
          -1.83477
           1.49010
           0.78695
           2.66205
          -0.17618
           0.63448
          -0.25531
           0.07321
          -0.76597
           1.48297
           1.83936
          -0.28405
           0.31467
           0.19317
           0.46332
          -0.56557
           0.52944
           1.22735
          -1.97750
          -0.12520
          -0.81584
          -0.35319
           0.48176
          -1.16052
          -0.93841
          -1.81159
           0.23098
          -0.31232
          -1.95668
          -1.22007
          -2.69251
           0.34418
          -1.02205
          -0.17140
          -0.13077
           1.56366
          -1.36698
           1.51726
          -0.25736
          -0.81183
          -0.95571
          -0.83997
          -0.00106
          -0.83311
          -2.14634
          -1.62157
           0.44743
           0.06398
          -2.07034
          -0.87066
          -0.92937
          -0.18281
           0.16315
           0.45689
           1.00500
          -2.06365
          -1.06026
          -1.92271
           0.11118
           0.81590
          -0.64680
          -0.16327
          -0.17645
          -1.22013
          -0.21877
          -1.17108
           2.15918
           0.98416
           0.00632
           0.88502
          -0.26800
           0.10156
          -0.93531
          -0.16453
           1.38832
          -0.18913
          -0.74508
           1.01972
           0.97466
          -2.16901
          -0.52864
          -1.03486
           0.76051
          -0.83271
          -1.01633
          -2.17267
           1.21941
          -1.53192
          -0.68329
          -1.59775
          -1.09264
           0.55612
          -2.01088
           0.43468
          -1.29234
           0.08642
          -1.30982
           0.33032
          -2.08467
          -1.13427
          -1.63785
           0.49324
           1.32967
          -1.21684
           0.38738
           1.10916
          -1.26454
          -1.54833
          -1.25308
           0.73585
           0.41028
          -0.63873
           0.91953
          -1.30410
           0.03279
          -0.45327
          -0.00808
          -2.91006
          -0.26903
          -0.44022
          -2.41320
          -1.07714
           2.10404
          -0.63848
           0.80194
           1.40726
           0.51935
          -1.45652
          -0.19217
           0.43645
          -1.32960
           1.10631
          -0.72523
           0.30047
          -0.24603
          -0.60662
           0.77033
           1.83308
          -1.08804
          -1.94150
           0.27207
          -0.43881
           0.29737
           1.96096
          -0.59008
          -0.24744
           0.35527
           1.23844
           1.97665
          -1.17429
          -0.57183
          -0.66122
          -0.14568
          -1.78820
           1.19721
          -0.03178
           0.99197
           1.85749
          -1.27674
           0.45385
           1.66864
           0.15435
          -1.05708
           0.18299
          -1.34477
          -1.42933
          -1.48799
           1.65638
           0.63662
          -2.07007
          -1.41574
           0.63312
           0.69834
           1.03510
           1.04314
          -1.36297
          -1.12012
          -2.27460
           0.76041
          -0.69706
          -0.63440
          -0.79702
           0.81454
           0.00925
          -0.16069
          -0.48118
          -1.14248
           2.28594
          -1.60917
               NaN
          -0.66693
           1.36721
          -0.06647
           0.34759
           1.06594
           1.93225
           0.79161
           2.20132
          -0.18302
          -0.44549
           0.53121
          -0.74717
           0.07457
           0.20743
          -0.00775
          -1.03243
           0.32982
          -0.61497
          -1.29415
           0.51363
           1.71638
          -0.55466
          -1.40823
          -0.49916
           1.25740
          -0.71480
          -1.36651
          -0.46215
          -1.44196
          -1.74770
           0.08537
          -0.85708
          -0.38468
          -0.32953
           1.12774
          -0.26706
           0.99628
          -0.79939
           0.77698
           0.09523
           0.29016
           0.76770
          -2.55726
           2.80024
          -0.14594
          -1.29358
          -0.01687
           0.74863
           1.30181
          -0.97534
           1.32818
          -2.11790
           1.89809
           0.80002
          -0.27550
          -0.40996
           0.03087
          -0.14522
          -1.38975
           0.10249
           0.35995
          -0.25005
           0.87731
          -1.71769
          -0.73794
          -0.41591
          -0.12789
          -0.22843
           1.14130
           1.29161
           0.08864
          -0.84574
          -1.35293
           2.78168
           0.82859
           0.57327
           1.54328
           0.15949
          -0.50258
           1.18899
          -1.55970
          -0.26147
          -0.83657
          -1.00361
           0.32124
           0.80078
          -0.62509
           0.11430
          -0.51219
           0.44612
          -0.72445
           1.02628
          -0.33065
           1.40363
           1.57585
          -1.33246
           0.05288
           0.37341
          -1.71244
           1.08149
          -0.28580
          -0.39179
           0.19887
           1.25579
          -0.04743
           1.18676
          -1.93492
          -0.31834
           0.39254
          -0.00268
           0.07585
          -0.56872
           0.87463
          -0.81940
           0.01121
           0.29358
          -0.96750
           0.26558
          -0.73498
          -1.44585
           0.57713
          -1.30946
           0.78494
           0.29613
           0.50134
          -0.01273
           0.18495
          -1.07112
          -0.88605
          -0.17451
           0.00096
           0.65479
           0.69535
          -0.61648
          -1.35133
           0.00494
          -0.86114
          -0.28449
          -1.06902
          -0.56885
           1.45658
          -1.98348
          -0.38421
           0.63914
           0.77145
           2.72194
          -0.15268
          -0.00130
           0.86024
          -1.10700
          -0.24411
          -0.38914
           1.53250
          -0.18913
          -1.48418
           1.54628
           0.54848
           2.78265
           2.63092
           0.54318
          -0.68195
           1.42027
           0.30282
           1.31017
           0.06223
           0.31811
           1.27166
           0.78316
           0.17448
          -1.60946
           0.80909
           1.55961
          -0.56405
          -0.31259
          -0.80602
           0.17712
          -0.20156
          -0.22379
           0.52340
          -0.27829
           0.38024
           1.38509
          -0.10065
           0.72297
           2.12500
          -1.16941
           1.34856
           0.05170
           1.64086
          -0.21088
           0.02424
           1.48818
          -0.17375
           2.07974
          -1.19952
          -0.58992
          -1.62161
          -2.05761
           1.09963
          -1.50306
          -0.69654
          -2.43057
          -1.36835
          -0.30448
           0.48640
           1.12657
          -0.65046
          -0.82625
               NaN
          -0.93073
           1.81763
          -1.46694
           1.60654
           0.31513
          -1.67241
           2.11890
           0.36492
          -0.12655
          -2.28908
          -0.01499
          -0.30333
           0.13797
          -0.43655
           1.03759
           0.48359
           0.34779
          -0.05929
           0.00437
          -0.07386
           1.68140
               NaN
           0.01009
           0.05657
           1.10173
           0.58540
           0.48425
          -0.56812
          -1.59673
          -1.14841
          -0.17838
          -1.72319
          -0.70768
          -2.12280
           1.61227
           0.37944
          -0.89876
          -1.36107
          -0.14407
          -1.59702
           0.81607
          -0.69992
          -1.03398
          -0.21217
          -2.70346
           0.69755
           0.06648
          -0.01459
          -0.99347
           1.14272
           1.20137
          -0.02969
          -0.21649
           0.45497
           0.89718
           1.18898
           0.92422
           2.19966
           0.32573
          -1.19192
           1.65038
           0.34448
          -0.67373
          -1.42303
          -0.31162
           1.98786
          -2.08036
           0.62375
          -1.70492
          -0.02586
          -0.70817
          -0.51802
          -0.73441
          -2.23742
           0.48930
          -1.20579
           0.74409
          -0.37120
          -1.29804
           0.84185
          -0.56421
          -0.69604
          -0.50042
          -0.82135
           1.15903
          -1.24289
           0.95389
           2.32851
          -1.14221
           0.40722
          -1.63450
          -0.22573
           2.36324
          -1.64797
           0.49803
          -0.49032
          -0.93383
          -0.67961
           0.30893
          -1.26900
          -0.25758
           0.19536
           0.32261
           0.79845
           0.15709
           0.02915
          -0.83742
          -0.31472
           1.38400
           0.40723
           0.78968
          -0.58907
          -0.03450
           0.46260
          -0.32539
           1.71442
          -0.09507
          -0.38774
          -1.28505
           0.81620
           1.00540
           1.92903
           0.74553
          -0.78655
          -1.32502
          -0.50071
           1.52658
           0.81630
          -0.13920
          -0.47416
          -2.35389
           0.43392
          -0.15364
           0.95803
           1.09842
           0.62742
          -0.27889
           0.55457
          -0.83844
           1.11333
           0.12794
           0.15389
               NaN
          -0.42514
          -0.67304
           1.72052
           1.08561
           0.04307
           0.44579
           0.65836
           1.55146
           0.38268
          -0.31078
          -1.16887
          -0.41610
           0.73152
           1.09799
           0.26120
          -0.11696
           0.16543
          -0.31639
          -1.79270
          -0.99722
           0.57484
          -0.36352
          -1.84459
           0.35520
           0.14233
          -0.46915
          -0.17400
          -0.97875
          -0.19196
          -0.62135
           1.43305
           0.81101
           0.74867
           0.56221
           0.05365
           0.05696
           1.19953
          -0.73084
          -0.66509
           0.49598
          -0.06608
           1.92607
          -0.80358
           0.91820
           0.81991
           1.18975
           0.68061
           1.02796
          -0.38999
          -1.46130
           0.38197
          -0.52742
           1.06853
          -0.01900
          -1.19308
          -0.68289
          -2.53703
          -1.01056
          -1.34507
          -1.68289
           1.63739
          -0.48387
          -2.00297
           1.67489
          -0.83719
          -0.14077
           0.02322
          -0.34037
           0.91044
           1.70336
          -0.56530
          -0.28785
          -0.18229
           1.94208
          -0.20063
           0.48269
           1.68555
          -0.79961
           0.85085
          -0.71464
          -0.38897
          -0.84867
          -0.15738
           1.09914
           0.31578
           0.35069
           0.45237
           0.51694
           0.40179
           0.41414
          -2.01610
          -0.90783
           1.20547
           0.79665
           1.74143
           1.25382
           0.29775
          -0.11063
           0.11817
          -1.16406
          -0.72497
           0.30440
           0.69506
          -0.26347
           1.33735
           0.48779
          -1.04054
          -1.41626
           0.22287
          -0.36282
           1.43992
          -0.68666
          -0.49469
          -0.91013
          -1.71238
          -1.09304
          -0.00726
           1.48281
          -0.14977
           1.45530
          -0.15352
          -2.51594
           0.46474
          -0.26388
           0.12827
          -0.71780
          -0.53620
          -0.69722
           0.37055
          -0.49044
          -0.17565
           2.22490
          -0.86941
          -0.72261
          -1.23483
           1.87735
          -1.05258
           1.17998
           0.53109
           1.12306
           1.24439
          -0.37797
          -0.81588
           1.39578
           2.17318
           0.16802
           0.27680
           0.86607
          -0.76576
          -1.40630
           1.41945
           3.15762
          -1.33277
          -1.60105
          -2.13569
           0.44549
           0.97543
           1.35093
          -0.15330
           0.08037
          -2.23932
          -0.92531
          -0.63688
          -1.84675
          -0.28192
          -2.05555
          -0.35483
          -1.61799
           0.58112
           1.69968
          -1.87096
           1.69973
           0.41370
          -2.41764
          -1.28760
           1.97164
           0.63070
          -2.62681
           0.03739
           0.47097
          -0.47707
           0.47459
           0.08603
           1.81693
           0.77174
           0.22188
           1.71820
           0.08513
          -1.90895
          -3.84828
           1.83944
           0.58908
           1.82496
          -2.33166
           0.49729
           0.94898
          -1.95823
           1.72152
          -2.71794
           1.22229
          -0.20062
          -0.75491
          -1.08510
          -1.08372
           0.98697
           0.29230
          -2.52445
           0.55505
           0.48436
          -0.43415
          -1.80397
          -0.97402
          -0.04900
           0.85155
          -0.26475
          -1.20253
          -0.03034
          -1.27878
          -0.42875
           0.63139
          -3.52342
           0.36689
          -0.12901
          -0.40932
           0.56900
          -0.29210
          -2.65899
          -1.39358
          -0.12454
          -2.77082
          -1.53536
          -1.12398
           0.86939
           1.63878
          -0.08744
           1.26258
          -1.24415
          -1.14755
          -0.52434
          -0.87535
          -0.99020
           1.22352
          -2.64007
           0.90880
           0.08650
           2.00268
          -0.73440
           2.05731
          -2.05141
          -0.74021
           0.20814
           1.57186
          -1.47974
          -0.05431
          -1.72075
          -1.22937
          -0.45121
          -0.70603
           0.10064
          -0.14355
           2.13108
          -2.17508
           0.34240
          -0.16552
          -0.45731
          -1.30832
          -1.76103
           0.08124
          -1.63744
           0.97468
           1.11996
          -0.70488
           0.85581
          -1.18887
          -0.31549
           0.43618
          -1.19696
           2.78351
           2.38151
           0.80693
           1.35766
          -1.33738
          -1.81222
           1.18045
          -0.88693
          -1.79926
           2.08662
           0.42395
           0.37771
           0.98485
          -0.18602
          -2.22968
           1.11519
          -0.99639
          -2.53088
          -0.60643
          -1.84703
          -0.55026
          -2.75364
          -1.56666
           0.78834
          -2.90751
           0.17475
          -0.39761
           2.24525
           0.92169
          -0.57794
           0.24106
           1.03262
          -2.71928
           0.06608
          -0.38806
           1.23293
          -0.45676
          -0.63251
           0.63226
          -0.05415
          -1.74976
           1.76093
          -1.62914
          -1.76375
           1.44144
          -1.38606
           0.28447
          -0.12973
          -1.31996
           1.30962
          -0.88909
          -1.37028
           0.85892
           1.69998
          -1.16629
           0.47719
           0.24561
          -2.64101
          -1.19749
          -2.30780
               NaN
           0.21480
           0.88518
           0.02336
          -0.79049
           0.15594
          -1.58402
           1.18176
          -1.44412
          -2.12159
           0.61338
          -2.40758
           0.70503
           0.28569
           2.38910
           1.94810
          -0.96389
           1.85234
          -0.02248
           1.10589
           0.94176
           0.11471
           1.19980
          -0.60068
           1.10740
          -1.13065
          -1.76322
           0.04028
           1.03956
          -1.14096
           1.31870
           1.50376
          -0.39116
           0.78488
           1.49064
           1.62062
          -0.40670
          -0.11549
           1.35047
          -1.20903
           2.59555
           2.89773
           0.39580
          -2.05012
          -2.42036
           0.31966
          -1.39238
           0.77124
           0.68540
          -0.30853
           0.54659
           0.32440
           2.43391
          -0.24744
          -1.24627
          -0.34661
          -0.01101
           0.54379
           2.32267
          -0.85591
          -1.29494
           0.46347
          -0.25698
          -1.80990
          -2.68488
           0.09531
          -2.87931
           1.44118
          -0.51180
           3.05400
           0.09985
           1.47722
          -0.91702
          -0.67200
           2.93488
          -0.50372
           0.19628
          -0.19607
          -0.57812
           1.52734
           0.28590
           0.80160
          -0.21483
          -1.47815
           1.55416
          -0.98049
          -3.81638
           1.25438
          -1.76301
           0.00991
           0.39997
          -2.16066
           0.39665
           0.03463
           0.38998
          -1.53458
          -1.04746
          -0.68207
           1.52781
           0.41829
           0.22251
           0.39647
           1.36784
           1.66816
          -1.58863
           0.41740
          -0.66968
          -0.40713
          -1.97170
          -1.65916
          -0.21990
          -0.00257
          -1.73331
          -0.64072
           0.92285
          -0.59291
           1.82566
          -0.69683
          -2.04463
          -0.53139
           1.77807
          -0.68307
          -0.00616
           2.23042
           2.24496
          -0.20277
          -0.48102
           0.56528
          -0.84906
           0.06782
           0.92141
           0.68967
           0.22638
          -1.26014
           1.13009
           1.18225
           0.06273
          -0.05564
           0.94038
          -0.48767
           0.35800
           0.83547
          -0.33896
           0.01126
          -2.37429
          -0.50655
          -2.70984
          -0.02133
           1.79735
          -1.95519
          -1.43759
          -2.70074
           0.60808
          -1.86987
          -0.75719
           0.59313
           0.02489
          -1.71479
           0.22277
           1.04938
          -1.09365
          -1.38861
          -0.72113
          -2.07563
          -1.59817
          -2.48668
          -0.70916
           1.27717
           1.11043
          -1.80751
          -2.62262
          -1.29105
           0.05439
           0.61406
          -0.27023
           0.44999
               NaN
          -1.63067
          -0.74698
           2.05307
          -1.11467
          -0.77906
           0.90071
           0.52568
          -0.34985
          -0.38026
          -0.93017
           3.39449
           0.43602
          -0.81630
           0.77459
          -2.07210
          -0.09325
          -0.91767
          -0.71317
           1.13702
           0.90068
          -0.00422
           1.48186
           2.04588
          -1.79293
          -1.82845
          -0.80858
          -0.00736
           0.03665
          -3.45180
          -3.17595
           0.13860
          -1.41851
          -1.44862
          -1.24267
          -0.05400
           0.68399
          -0.05953
           1.33191
          -1.16404
          -0.18578
          -0.39533
           1.04757
          -3.67658
          -0.26004
          -0.03026
           1.01453
          -0.16548
          -1.99353
           0.43303
           0.12952
          -1.81068
          -2.40444
          -1.36109
           0.62667
           0.50130
          -1.67802
           0.81834
          -0.06861
           0.27517
           0.20618
          -0.98723
          -2.44043
          -0.36762
          -0.49524
          -2.51980
           0.23065
           0.89312
           0.49251
           0.71601
           0.55492
          -1.44802
           0.36986
          -0.31035
           0.06420
          -2.27936
          -0.20485
           0.04140
           0.41829
          -1.07060
          -0.82292
           0.24274
           2.10506
          -2.71621
          -2.51257
           0.42706
          -0.97166
          -0.24639
           2.61311
          -0.77963
          -0.23859
          -0.83177
           2.78364
           2.88769
           0.78896
          -0.12697
          -0.57250
          -2.09206
          -1.06323
           1.40569
           0.88204
           0.13081
           1.01554
          -0.66939
          -0.05037
           1.45248
           0.11636
          -0.91395
          -1.60306
           0.18740
          -1.76204
          -1.39489
           0.71139
           0.66550
          -1.66863
          -0.34029
           1.38249
          -0.40632
          -0.69432
           1.75557
          -0.76503
           0.55538
          -2.68025
           2.24857
          -1.93284
          -0.14384
          -2.09960
          -0.24564
           1.26728
           1.23633
          -0.70810
          -0.49362
               NaN
           0.02070
               NaN
          -0.70655
           2.17896
          -1.22926
           0.19435
           1.87626
           1.64850
           1.61649
               NaN
          -0.34906
          -0.15140
           1.49180
           0.34929
           0.84319
          -0.08208
          -0.35675
          -0.51588
          -0.43016
          -1.34603
          -1.05972
           0.30176
           1.32925
          -1.15348
          -0.34763
           0.29335
           2.55925
          -0.79145
          -0.72778
          -1.32625
           0.59023
          -0.75930
           1.52879
           1.02433
          -0.06683
          -0.61969
           0.33533
          -2.37356
          -0.44436
           0.32973
           1.74242
           1.60815
          -0.90095
           0.10369
          -2.74644
           1.91116
           0.07899
          -0.91083
           1.04980
           0.13772
           0.36782
          -0.30628
           3.01908
          -3.02827
           1.15320
           1.76849
           1.88483
          -0.12020
           0.19178
          -0.23261
          -2.59278
           1.52195
           0.33385
          -0.49772
           0.73040
          -1.20133
           0.31627
           0.02115
          -0.57608
          -0.14152
           1.54188
           2.39936
          -0.02356
          -1.46271
          -1.77375
           2.02518
           0.92913
          -0.81414
           2.17232
          -1.75138
          -0.58319
           2.65733
          -0.61381
          -0.85496
          -3.35868
          -1.54230
           0.28143
           0.71142
          -0.77539
           0.22310
          -0.96211
           1.04384
          -1.86885
          -1.12390
           1.64142
           0.49863
           2.67437
          -1.56059
          -1.22560
           0.31055
          -1.38814
           0.78771
          -1.06693
           0.26457
           2.44490
           1.79073
           0.10459
           0.58748
          -0.00682
          -2.82112
          -0.60754
          -0.72523
          -1.71759
          -0.85345
           0.49643
          -1.74996
           0.47755
           0.80248
           0.04730
          -0.84023
          -1.50156
          -1.63786
          -0.58197
          -0.56938
           1.54183
          -1.49497
           0.90950
           0.64906
          -1.03611
          -1.90274
           0.08051
          -1.63754
          -0.56795
           0.46296
           2.11875
          -1.24867
          -1.16452
           0.13229
          -2.54523
           0.68688
          -1.15352
          -1.69349
          -0.13966
          -3.30576
           0.49840
           1.14421
           0.81780
           0.41473
          -2.58234
          -1.15719
           0.98100
           0.56692
           0.68361
          -1.40171
           0.22511
           0.53089
          -1.82719
           2.77905
           0.96203
           1.99781
               NaN
          -1.63892
          -0.44740
               NaN
           1.01807
           1.14675
           1.11171
           1.65726
          -0.52303
          -0.44041
          -1.01268
          -1.76052
           0.62814
           1.29538
          -0.56082
          -1.51843
           1.38617
           0.38028
           0.91509
          -0.54480
           2.07523
          -0.42882
           0.68493
           1.96319
          -0.27307
           0.28491
           2.23328
          -0.29158
           0.83034
          -1.39563
           0.70457
          -1.24551
           0.58413
           2.04384
           0.54053
           0.94646
           0.07017
          -0.33232
          -2.20538
          -2.32860
           0.99635
          -0.75980
          -0.39271
          -1.93183
          -2.94339
           0.08974
          -0.26071
           0.76939
          -2.09493
           0.01327
           1.73270
          -0.16507
           1.47066
          -0.94018
           0.78907
           0.49586
          -0.27127
           2.63232
           1.83007
          -0.31158
          -0.75642
           1.29817
          -0.06115
          -0.72954
           0.33411
           2.59029
           0.90167
           0.16819
          -1.02070
           1.09032
          -1.39250
           0.84616
          -3.47066
          -1.77624
           0.66662
           0.43286
           0.74830
          -1.20884
          -0.32010
          -0.18261
          -2.10775
           1.02510
          -2.60919
          -0.17292
          -2.43700
           2.53318
          -1.12218
          -0.93819
          -1.29821
           1.03196
          -1.01375
           1.71158
          -0.46593
           0.31947
           0.58076
          -2.25728
           2.21516
           0.19084
           1.65792
          -1.49070
          -0.15938
           2.54893
          -1.53964
           0.30668
          -0.03193
           2.12699
           1.31115
           3.08848
           3.15517
           0.77754
          -3.27350
           1.36882
          -1.58557
           0.52157
          -2.52488
           0.26398
           2.12387
          -3.06712
           1.85865
          -2.70988
           0.96410
          -0.52220
          -0.51558
          -0.72357
          -3.08559
           0.17574
          -1.90827
           0.11164
          -0.26876
          -1.95780
           1.83384
          -0.78800
          -0.03510
          -1.78316
          -0.54964
           0.46990
           0.00564
           0.51287
           0.99916
          -1.05976
          -1.10466
          -1.89553
           0.57145
           0.10569
          -0.43243
          -0.75090
          -1.87238
          -1.44251
           1.16928
           0.29718
          -2.54780
           1.54300
          -1.00958
           1.33377
           2.22314
           1.41694
          -1.44739
          -1.60020
           2.21950
           2.62175
           0.26862
           0.56803
          -0.03433
           1.30956
           0.94824
          -1.03753
           2.41897
           0.06959
          -0.43428
          -0.61151
          -0.24765
           0.15784
           1.51871
           0.05642
          -1.47482
          -1.00880
          -0.73794
           2.44027
          -1.96725
           0.22043
          -0.48692
          -1.72725
           0.66252
           0.40661
           0.86202
           0.23765
          -0.71061
           0.26429
           0.57455
          -1.01191
           1.45411
          -0.76474
          -0.13882
          -2.93844
           1.04980
          -0.67566
           2.65856
           2.30809
          -0.03162
           1.44527
           2.00417
          -1.22895
          -0.58786
          -0.56299
          -1.89052
           0.99422
           1.24471
           1.43417
          -0.41758
           1.46889
           0.79340
          -2.04083
          -2.40890
          -1.75257
           0.60686
           0.03199
          -2.27133
          -0.90182
          -0.26045
           0.10366
          -0.40440
          -0.66335
          -1.14780
           0.61828
           1.84330
           1.37128
           0.02403
          -0.38945
           1.36879
          -0.50509
           0.73659
           1.72513
          -0.95867
          -1.05602
           0.99839
           2.83669
          -0.22631
           1.47090
           0.27128
           2.87602
          -0.01613
           1.65681
          -1.54583
          -1.13017
          -1.71836
          -0.66472
           1.87492
          -0.78710
          -1.05157
          -2.49434
          -2.00406
          -1.91490
          -2.70036
          -3.29834
               NaN
          -0.69060
          -3.78662
           0.17603
          -3.10105
          -0.08676
           0.61409
          -1.98653
          -1.33556
           1.52528
           0.51746
          -1.04826
          -0.72348
           1.87485
          -1.22998
           0.47263
           0.87704
          -1.33672
           0.74440
          -1.39746
          -1.01603
          -0.03547
           0.24346
           2.03487
           1.85295
          -1.11948
           0.40649
           0.24081
          -0.09881
           0.76031
          -3.22390
          -0.39862
           0.63733
           0.07438
           2.54801
           0.03464
           0.47171
           1.36546
           0.55551
          -2.33955
          -1.23749
          -0.21605
          -0.38176
          -0.85498
           2.90024
           0.06597
          -1.11010
          -0.01012
          -0.45642
          -0.55473
           1.94268
          -0.66990
          -1.67447
          -1.46228
          -1.29657
          -0.43527
           0.16071
          -0.24423
           0.25686
           2.57260
          -0.79175
          -1.89719
           0.89049
           0.23493
          -1.28995
          -0.24648
          -1.29331
           0.18419
           0.28494
           0.01795
           1.06920
           1.41197
           0.35511
          -2.30472
          -0.32424
           0.56469
          -0.60073
           0.31581
          -0.91306
          -0.46408
          -0.89380
           0.74258
           1.42236
           0.70540
          -1.00997
          -1.94086
           1.73879
           0.03319
           2.78583
          -0.99116
           0.94322
          -0.36261
           0.25285
           1.02800
           0.57946
          -1.64004
           0.76430
          -0.01723
           2.28833
           3.10424
           2.77262
           1.85940
          -1.90483
          -0.32187
           0.90441
          -0.56389
          -0.19451
          -3.35234
          -0.15146
          -0.57924
           2.18250
          -1.98083
          -3.99513
           1.57806
           1.80100
           1.00638
           2.04841
           3.36414
          -0.51982
           1.35498
           2.53938
          -1.63605
          -1.37481
           0.61189
           1.48087
               NaN
           2.04794
           1.08102
               NaN
          -0.47749
           3.46387
          -1.53003
          -1.09643
          -1.19494
          -0.40564
          -0.91287
          -0.09690
          -0.76681
          -1.13354
           0.12778
          -0.87661
          -1.63672
          -2.51222
          -0.91003
           0.72137
           4.40782
          -1.06357
           0.89401
           0.89763
          -0.47919
           0.20339
           1.23193
          -0.01739
          -0.16207
          -1.03212
           2.25612
          -0.67369
           0.71867
           3.50888
          -3.76927
          -0.87088
           0.08766
           3.38652
          -0.20267
           0.70354
           0.91764
          -1.04985
          -0.25014
           0.45602
           2.88909
          -1.76849
          -2.77990
          -2.87995
          -1.66492
           1.03646
          -1.41988
           0.52364
          -1.83605
          -1.27450
          -0.93691
           0.11984
          -0.38818
          -1.63328
           0.62502
           0.84804
          -0.03858
          -0.17610
          -1.07545
          -0.90189
          -1.46339
          -0.17721
          -1.95876
           0.15406
          -2.03664
           1.39615
          -1.51244
           0.44558
          -0.37231
          -0.54513
           1.96781
          -2.89606
          -1.24222
           1.54398
           0.28271
          -1.20223
           2.03765
          -2.09398
          -2.22565
          -0.89638
          -1.29373
          -1.80618
           0.07958
          -1.53165
          -0.52171
          -3.64764
           0.97078
          -0.61189
          -2.48908
          -1.93081
           1.95843
          -2.31789
           2.27311
           0.49480
           0.48816
           1.83488
          -0.31236
           1.41179
          -2.24641
           0.34601
           3.05676
           2.62435
           0.90524
          -1.12907
          -2.11181
           1.99026
          -2.01301
           0.60967
               NaN
          -1.44699
           0.74013
          -4.66465
           0.08301
           0.46146
          -0.75985
          -3.67774
           0.51247
           0.45710
           0.63599
           1.15861
           0.77752
           2.05575
          -1.29210
          -1.42479
           2.26880
          -1.14913
           2.51587
          -1.54426
           3.73387
          -1.84582
          -1.41393
          -0.66444
           0.54265
          -0.64676
          -3.22975
           1.19886
          -0.10420
           1.53180
           0.07823
           1.60408
          -1.22458
          -0.14071
          -0.64638
           1.20975
           1.16263
           2.99241
           3.52787
           0.57623
           3.67227
           0.49372
          -1.62256
          -3.03206
           1.34415
           1.36753
          -1.05590
           2.13430
           1.12989
           1.91663
          -0.49152
           2.22175
          -0.30491
           1.31426
           0.82312
          -0.73125
           0.17803
          -0.71185
          -1.87680
          -0.47848
          -0.31267
          -3.73115
           3.46523
           1.04947
          -1.06366
           1.79550
          -3.20451
           0.60060
          -0.68681
          -1.28614
          -1.47692
           0.68307
           0.44522
          -1.31384
           0.08444
          -0.01432
           2.50331
          -1.19067
          -0.11634
          -0.00200
           0.63750
           1.40705
          -0.05187
           2.11864
           3.84221
          -0.46209
           0.43687
           2.49897
               NaN
           1.61552
          -0.98486
          -0.56746
           1.28952
          -0.86079
           0.47509
           1.85490
          -0.69167
           2.82937
          -0.22936
          -1.25509
          -1.29527
           0.55264
          -1.46456
           1.49203
           0.73999
          -0.05268
           3.03465
          -2.97610
          -2.33417
           3.65473
               NaN
           1.88064
          -0.68463
           0.60190
           0.72282
          -1.82180
          -1.18422
           3.45197
          -0.77250
          -0.70256
          -1.82587
          -0.32813
               NaN
           1.29653
          -0.42713
           0.62372
          -2.27215
           2.51221
               NaN
           2.47446
          -1.67952
          -1.02254
           0.07811
          -0.56938
           0.43010
           0.56473
          -2.71211
           0.18797
          -1.43856
           1.95799
           0.65093
           0.03624
          -1.44173
           1.51073
           0.76057
           1.20804
          -1.37273
           3.25730
           0.40125
           0.16534
           1.40284
           2.19044
           1.11554
           0.42992
           0.97513
          -2.75185
           1.16970
          -2.00444
           0.86945
           0.97725
          -0.42268
          -3.55430
           3.72406
          -1.36820
           3.28477
          -0.13648
           2.29996
          -1.48047
           1.45019
          -2.01084
           2.32140
           3.55587
          -1.04613
           2.66590
          -1.20568
          -0.61007
          -1.50363
           1.40299
           1.65579
          -4.20187
          -0.84663
          -3.28128
          -0.37443
           1.18423
           0.65166
          -1.58320
          -0.47046
           0.60769
          -3.46213
          -1.95891
          -0.89531
          -2.68022
          -0.04984
           0.24379
           0.70319
          -1.21156
           3.86108
          -0.84770
           3.44998
          -2.20837
          -0.39106
          -0.30937
          -1.01740
           3.09633
           0.30915
          -1.63820
          -2.98381
          -0.79139
          -1.49839
          -2.46276
           1.74508
          -0.38938
          -0.53695
          -0.51008
           1.54251
           1.83364
           1.12609
          -0.20862
          -3.67812
          -2.78811
           3.69831
          -0.44934
          -1.75182
          -1.22475
          -2.51949
           0.02232
          -1.53076
           0.31482
           1.80255
           1.23450
           1.04990
           2.42558
           0.39242
          -0.96164
           0.65460
           1.76353
          -1.81626
          -1.85121
           0.32974
          -0.62471
          -2.73050
           1.41203
          -1.37269
           1.90697
          -2.13068
           2.61989
          -0.67475
           2.83308
          -1.70125
           0.45937
          -2.12790
          -2.64337
           0.36522
          -4.92429
          -0.90492
          -1.48391
           0.49283
          -2.67518
          -0.74054
           0.29209
          -2.43951
          -4.03803
          -0.28507
           3.56197
          -0.05722
           0.31922
           2.57179
          -0.44914
          -0.27013
          -1.09181
           0.89885
           0.27439
           0.91295
           1.07062
          -3.14871
          -0.32909
          -1.43784
           1.45383
          -3.61123
          -0.12183
          -0.35807
          -2.25406
          -3.02972
           3.91198
          -2.32708
           0.93023
           2.67981
           3.45669
          -4.18338
          -0.01573
           0.99224
           0.08841
           3.06392
          -1.86985
           0.12456
           0.98507
          -0.28369
           1.55803
           1.42701
           1.34286
          -1.08887
           0.04067
           0.35674
           1.10921
           0.98729
          -0.30707
          -0.26066
           2.12757
          -1.06859
           0.61643
          -4.10547
          -1.23601
          -0.79368
           2.76032
          -2.87060
           0.88595
          -1.39613
           2.27771
           3.11454
          -2.18354
           1.20668
           1.99137
           0.21106
          -1.27078
           2.84961
          -3.63234
          -0.93258
          -1.62700
           3.06728
           0.59350
          -2.66944
          -3.02143
          -0.48572
           2.34762
           3.61717
          -0.02055
          -2.25572
          -3.62171
          -1.66895
          -1.46145
           1.14799
          -1.36681
           1.14776
           2.39743
          -1.86903
          -2.24649
          -0.14238
          -2.11123
           0.26942
          -4.04261
           1.95291
          -0.60777
           0.15525
           1.66962
           0.57637
          -0.14388
           2.35591
          -0.43997
          -1.90374
           0.06489
          -0.88456
          -0.90299
          -2.38421
          -1.07299
           0.63967
           0.51331
          -1.80365
           1.46450
           0.47653
          -1.64416
           0.82995
           2.29437
           0.33939
          -2.99176
          -1.68240
          -0.68631
          -0.60035
          -2.32016
           0.82796
          -4.47609
          -3.22341
          -2.06970
          -3.66607
          -0.85923
           0.10369
           2.31084
           2.87801
           3.14720
          -2.48519
          -0.66445
          -2.16360
           2.06853
           1.75908
          -2.27480
           4.12767
          -0.48177
          -1.86504
          -1.60944
           1.66073
           2.69627
          -1.97427
          -1.19639
          -0.75870
           3.01023
          -0.64594
          -3.50095
          -0.84258
          -0.20938
          -0.01474
           0.40641
          -2.01681
           0.39892
           0.11973
           1.09666
          -2.48863
          -2.31191
          -1.06845
           0.54126
          -0.35819
           0.54322
          -0.36228
           0.25615
           0.07540
          -0.72463
           3.91115
           0.67847
           2.64471
           0.60410
           3.01247
          -0.38222
          -1.00329
          -2.97194
           0.62464
           2.92901
          -0.19933
           0.38068
           0.93420
          -0.40067
          -0.04813
           0.15955
          -0.44630
           0.98417
           4.23657
          -3.27501
           2.75481
          -0.06427
          -0.99186
           1.96168
           0.46726
          -2.19663
           1.52011
           0.88044
          -1.37176
          -3.15452
           0.45711
          -0.27439
           2.08150
          -4.81363
           3.41839
           1.88569
           1.07611
           2.75352
          -0.14360
           1.43929
           0.56995
          -0.68505
          -0.46623
          -2.48262
           1.91659
           0.40954
          -1.15918
           2.30771
          -2.41441
          -0.34511
           2.97030
          -0.10806
          -1.00079
           2.00803
           0.17051
          -2.32917
           2.00982
           0.85037
           0.94119
          -1.42983
           0.32741
          -1.63025
          -0.18519
           1.65327
          -1.73478
          -0.94286
           1.11026
           3.83981
          -0.00927
          -1.70197
          -0.11493
           0.70226
               NaN
           3.47487
           1.72447
           0.67993
          -3.60621
          -1.62923
           1.12266
           3.48447
          -1.26413
          -0.97206
          -0.29429
          -0.06895
           3.95442
           1.07890
           3.80112
          -1.03215
          -2.06006
          -0.76507
           1.55415
          -1.50468
          -1.68130
           3.95120
           2.61000
           1.94695
          -1.38391
           1.07925
           1.95412
          -0.56887
           1.48777
          -4.07902
          -0.12620
          -1.86876
           0.25548
          -1.79355
          -0.05355
          -0.07468
           0.52197
           0.15677
           1.37701
           1.96334
          -2.48005
           2.12227
           2.21260
           3.03878
           1.33384
          -0.81171
           0.65856
          -1.24019
           3.77177
          -3.09521
          -0.97452
          -0.75002
          -1.65301
           1.25382
          -2.61277
          -1.15015
          -3.17521
           0.98323
          -0.89308
           1.60185
           1.65986
           1.50617
          -2.07967
               NaN
          -2.07389
           2.33566
          -2.25341
           2.82704
           0.04529
          -3.76437
           1.35236
          -1.82259
           0.14970
          -4.57738
          -1.97557
          -0.66492
           1.43319
          -1.58716
          -1.28063
          -0.14061
           0.61595
           1.37612
          -1.61699
           1.89490
           2.92843
          -3.49902
           2.67714
          -0.85426
           2.10037
           0.34218
           3.01207
          -0.93843
          -3.70805
           0.28391
          -1.97520
          -0.40037
          -1.50610
          -1.65370
           0.23732
           2.62142
          -0.83988
          -1.45491
          -1.89991
          -2.46786
          -0.52097
          -1.04927
          -3.05471
          -1.39604
          -3.36961
          -1.56828
          -0.11920
          -2.51170
          -0.25108
           3.08679
          -0.81057
           2.22471
          -0.99759
           1.18194
          -0.93897
           1.00659
          -2.30708
           0.77306
          -0.34883
           1.91593
           2.07077
           3.22612
          -2.45835
           0.22207
          -1.17101
           1.78479
          -0.60711
          -1.22000
          -0.20448
          -1.50390
          -0.98582
          -0.52168
          -0.75060
          -0.97107
           0.95745
          -0.15696
           1.68835
          -0.52413
          -0.31300
          -0.63921
          -0.23009
          -1.68284
           1.41474
          -1.22701
           2.18792
          -3.10698
           1.61234
           4.31327
          -1.26529
           2.66449
          -1.24477
          -1.41595
               NaN
          -3.46281
           2.36272
           1.57315
          -0.17434
          -3.44007
           0.32646
           0.64029
          -2.94591
           1.99439
          -1.18708
          -1.32866
          -1.72391
           2.23367
           0.30142
          -4.09839
          -0.46399
           0.61418
           1.12060
          -1.41732
          -2.04123
          -0.26249
           0.73784
           0.66251
          -0.34092
          -0.31825
          -2.29066
           2.40455
           2.27083
           2.54166
           1.77439
           0.24105
          -1.79716
          -0.14652
           0.16241
               NaN
          -0.67613
          -0.45511
          -3.28947
           0.09260
          -0.99011
           1.10137
           2.38358
           2.62514
          -1.08987
           0.52475
          -0.57945
           0.60454
           1.46072
           0.59091
          -4.69105
          -2.62728
          -0.66913
           0.32000
          -0.73958
           0.15458
          -1.04647
          -1.35099
               NaN
           1.83172
           0.06577
          -0.09144
          -2.52176
          -0.03469
           0.59606
           1.27464
          -2.48468
          -0.77214
           2.25826
          -0.87268
           0.13053
           0.52702
          -0.95404
          -1.20744
           2.23197
           0.74368
          -1.32437
           0.16998
          -1.44966
           1.23513
          -2.47216
           0.82054
          -0.02549
           1.83058
           1.98307
          -1.90989
           0.89612
           1.89071
          -4.39768
          -0.22676
           2.81316
          -1.65538
           0.56648
          -1.66545
           0.09301
           1.63903
          -1.32790
           1.72088
           0.08906
           1.33571
          -1.95569
           3.51783
          -0.32243
          -0.13544
           1.12780
          -1.40436
           2.02166
          -3.33277
           0.33965
           0.67840
           0.72902
          -1.62677
          -0.17522
           0.66008
           3.91274
           2.54282
          -0.22140
          -0.85895
           2.11740
           4.26378
           1.96924
          -2.18188
           0.84748
           0.62572
           2.04246
           1.33622
           0.49770
           2.89269
           0.00229
           1.00980
           0.30484
           0.54724
          -2.06280
          -0.75584
          -0.29795
          -1.97926
           2.54570
           0.52087
           0.92921
           1.14921
          -0.10270
          -0.21282
          -1.66808
           2.05371
           1.87501
           0.53717
           3.07410
           0.03803
          -2.31447
          -0.53480
           0.59099
           0.04024
           1.08145
           2.30278
           0.61966
          -0.99610
           1.11759
          -0.93668
          -3.51567
           1.23706
          -0.07631
           0.68929
          -0.71168
           1.26676
          -0.08576
          -2.33321
          -2.07512
          -0.25804
           4.06133
          -0.75688
          -0.21285
           0.79937
          -3.43976
          -0.17091
          -1.00864
           2.24571
          -1.42150
           0.59418
          -2.01318
           0.49838
          -1.24948
          -2.03427
           3.43862
          -2.69764
           1.63954
          -2.59436
           3.83720
          -1.72721
