          -1.97251
          -0.17430
          -0.05726
           1.45429
           0.53452
           0.35747
          -1.10091
           0.39767
          -0.43879
          -0.10247
           0.81655
           0.67607
           0.39744
           1.25997
           2.00425
           0.32898
          -2.14505
           0.39909
           1.41398
          -1.11971
           1.16779
          -1.06939
           1.16809
           0.69752
           0.27822
           2.26494
          -0.30441
          -0.00679
           0.37411
          -1.21452
          -0.80958
          -1.49478
          -0.06302
           0.35894
           0.60339
               NaN
          -0.14045
          -2.47160
          -0.68872
          -0.45602
           1.25033
          -0.31737
          -0.74967
          -0.32665
           1.47807
           1.10861
           0.75513
           0.71735
          -1.29607
           0.19561
           0.39302
          -1.72650
           0.50910
           1.30306
          -0.32033
          -0.30870
          -0.31472
          -2.68970
          -0.03938
          -0.32049
           1.07106
           0.13096
          -1.05593
           0.52644
          -1.72469
           0.68131
          -0.13763
          -1.67666
           1.58678
           1.60167
           0.84173
           0.59854
           2.07011
          -0.89142
          -0.28834
          -0.46821
          -0.29310
          -0.07248
           0.02159
          -0.69364
           0.47295
           0.54575
          -0.56930
           0.25151
          -1.03010
          -0.28519
          -2.60081
          -0.58052
           1.36449
          -0.69453
           1.01409
          -0.13426
          -0.28584
          -0.47247
          -0.99772
           0.34577
          -1.37292
          -1.89738
          -1.36083
           0.26584
           1.77111
           0.00833
           1.18586
          -0.85087
           1.17720
           0.15313
          -0.57409
           0.28985
           0.07139
           0.05298
           1.21587
           0.08973
           2.34564
           0.55579
          -0.92004
           2.37821
          -0.86196
           0.07959
          -1.59321
          -0.26178
           1.03725
               NaN
           0.30917
           0.78221
          -0.07414
           1.37949
           0.72680
          -0.16942
           1.76964
           0.89857
          -1.68270
           0.44230
          -1.60431
          -2.00639
           0.10025
          -0.75107
          -0.25273
           1.56995
          -1.09492
           0.09555
           0.61156
          -0.45624
          -0.07787
           1.28071
           0.01706
          -0.44394
           1.18587
          -0.33414
           0.80749
          -1.88210
          -0.50441
           1.21089
           0.54546
           1.27429
          -0.18636
           0.95463
          -0.23811
           0.40655
           1.77165
          -1.04226
           0.60263
          -0.83012
           1.24721
          -0.14244
           0.90559
          -1.35552
           0.51990
          -0.99263
          -1.47299
           0.09511
          -1.04075
           1.05951
          -1.08691
           0.28842
          -0.38279
           0.77222
          -0.80139
          -0.44792
          -1.42782
          -0.06970
          -1.33490
          -0.22696
           0.33928
           0.38261
          -1.82976
           0.85972
          -0.22069
          -0.30585
          -1.20684
           0.31399
           0.44494
          -1.29760
           2.16494
          -0.32933
           0.53813
           0.15824
          -0.02883
          -0.64801
          -0.78565
          -1.77015
          -1.04849
           0.88008
          -1.27322
          -1.39940
           0.67968
           0.18057
           1.58461
          -0.16841
          -1.07829
           2.57807
          -0.68285
           0.04889
           0.89642
           0.02137
          -1.08154
           0.86712
           1.21069
           1.60872
          -0.11705
          -0.40737
          -0.38209
           0.80529
           0.14356
          -0.51572
          -0.25159
           1.38752
          -1.48692
           0.34949
           0.31674
          -0.26361
           1.49253
           0.43909
           1.26685
          -0.00747
          -1.05689
           0.37545
          -1.52908
          -0.19601
          -0.92821
           1.18893
           0.42885
           0.00210
          -1.92102
          -0.14558
           0.31562
          -1.48305
           1.54758
          -2.02889
           0.32966
           0.79691
           0.32713
          -0.12889
           1.07856
           1.26486
           1.36356
          -1.28878
           0.07299
           0.16659
          -0.44591
          -0.28236
           0.28404
           1.39696
          -1.16509
          -1.93997
           0.91948
           1.48583
          -0.15231
           0.10783
          -1.43189
          -0.05427
          -0.94301
          -1.26617
          -0.36904
           2.07517
           0.14791
          -0.70551
          -0.24832
          -0.04844
           0.53924
           0.10468
           2.37172
          -0.54406
          -1.21729
           0.62163
           2.17168
          -1.51661
           1.21234
          -0.90909
          -1.60300
           1.24593
          -0.29162
          -0.46576
          -1.33006
           0.10871
           0.34272
           0.95686
           0.53830
           0.31048
          -0.26808
          -1.92768
           1.14731
           0.72772
          -1.85409
          -0.38864
          -0.37698
           0.39150
           1.01140
           1.14539
          -0.25687
           1.12829
          -1.32094
               NaN
           0.84787
          -0.58287
          -1.44410
          -0.97109
           0.00723
          -0.59240
           1.09114
           0.23565
           0.21160
          -0.32812
          -1.36090
          -0.37482
           1.14268
          -0.26823
          -0.56474
          -1.18158
          -1.32606
           0.00970
          -0.12005
           0.12680
           1.37510
           1.62260
          -0.60835
           0.48237
          -1.10059
          -0.15517
           0.72696
          -0.12439
           0.32919
           0.09864
          -0.26302
          -0.38048
           0.92883
           1.16113
          -0.06041
           1.05365
           1.59285
          -0.93100
          -0.63665
           0.04736
           2.12133
           0.87867
          -1.51701
           1.37805
          -0.88122
          -1.27362
          -0.41021
          -0.51759
           2.25097
           0.24399
           0.13431
           0.50083
           0.15907
           1.63763
           1.00028
           0.58116
           1.26945
          -1.23246
          -1.86800
          -0.54386
           2.46612
          -0.44739
           0.09465
          -0.84662
          -0.44905
          -0.02074
           0.51350
          -0.73339
           0.33506
           0.76086
          -1.78134
           0.00865
           0.97719
          -0.35263
          -0.43926
          -0.55386
           0.40521
          -0.20703
           1.57953
          -0.88670
           0.70717
          -1.31080
          -0.34830
          -0.01008
           0.67344
           0.10371
           0.27374
           1.37458
           1.24363
          -1.23769
          -0.63706
          -0.08472
           0.08461
          -1.53198
           0.52813
           1.70327
           0.87280
          -0.06285
          -0.71272
           0.87924
          -1.57935
          -0.70709
          -0.22382
           0.50015
          -0.85531
           0.85886
          -0.01468
          -0.64042
          -1.76732
           2.04719
               NaN
           0.43999
           2.54667
           0.50627
          -0.35873
          -0.80885
          -1.00418
           0.75534
           1.40772
          -0.10341
          -0.67244
           1.19815
          -0.80707
           0.91958
          -0.14036
          -2.08505
           0.50004
          -0.62493
           0.22159
           0.50803
          -1.10973
           0.15591
          -1.21248
          -1.06019
           1.26197
           0.99159
          -0.38263
           1.81289
          -0.78233
          -0.84441
           1.71774
          -0.38023
           0.30988
           0.86721
           0.62920
          -1.74885
          -0.35249
          -0.89602
          -0.71639
          -1.44593
           0.95564
           2.22904
          -0.11069
          -0.06969
           0.85265
           1.48667
           0.86914
          -0.35515
           0.86122
           0.02599
          -0.60872
          -0.93760
           1.25769
          -0.65972
           1.30740
          -1.87739
          -1.45007
           0.00416
           0.11442
          -0.67443
           0.43795
           0.39755
           0.60234
          -2.05267
          -0.30514
           0.45733
           0.25116
          -0.43927
           0.55836
          -0.31980
          -1.78565
          -0.49646
           0.07110
           0.79665
           0.51740
          -1.64392
           0.02800
           0.96171
          -1.59344
           0.19210
           0.00500
           0.32233
          -0.00660
           1.49385
          -1.79015
           0.32882
           0.03307
           0.50462
          -1.38192
          -1.00101
          -0.92048
          -0.31049
           1.51398
           1.07345
           1.95882
           0.35252
           0.41266
          -1.05692
           1.22206
           0.17352
           0.98503
          -0.14987
          -1.54054
          -0.87490
           1.25530
          -1.07799
           0.01243
          -0.52736
           0.54118
           0.92053
          -0.17531
           1.33437
          -1.89873
          -0.48351
          -0.77455
          -1.12204
           2.03196
           0.01011
           0.93665
           1.11632
           0.09615
           0.03608
          -1.18693
           1.13674
           1.12917
          -0.00070
          -0.17657
           1.75283
          -0.30479
           1.38591
           0.35530
           1.90637
           2.33288
           1.27722
           0.55620
          -0.08591
           0.27679
           1.72038
          -2.39066
          -0.26874
               NaN
          -1.30326
           0.56141
          -1.21502
           0.08847
          -1.15308
          -0.37165
           0.45800
          -2.19461
           1.48378
          -1.19883
          -0.65949
          -1.35950
           0.06181
           0.72047
          -0.39488
           0.39243
           0.09249
           0.42870
           0.78864
          -0.61160
           1.87757
           0.73711
          -0.38296
          -2.15293
          -0.25858
          -0.03438
          -0.33569
           0.53094
          -0.18266
          -0.33094
          -0.48131
          -0.06700
          -2.03459
          -0.49614
           1.22399
          -0.04005
           0.82202
           0.44030
          -0.20510
          -1.42593
           0.89277
           0.38312
           2.47383
           1.00480
          -0.91482
           0.20545
           1.44426
           0.61436
          -1.08317
          -1.43716
           0.61791
           1.29212
          -1.17850
           0.77206
           0.22196
           0.48554
          -0.15881
           0.85311
           1.46305
           0.03942
          -1.68331
           0.65824
          -0.18477
          -0.59609
           0.05663
          -1.92874
          -2.04347
           1.72143
           0.15799
           1.37943
           0.49727
          -0.32238
          -0.49381
          -0.33464
          -0.77471
          -0.28989
           1.38944
          -0.81209
          -1.22793
           2.05645
          -1.79668
          -1.68399
          -1.76575
           0.38746
          -1.70013
          -0.32249
          -0.57071
           1.47474
          -2.14625
          -1.20347
           0.87994
          -0.34912
           1.92441
           0.23918
           0.86932
          -1.26709
          -0.36467
          -0.98185
          -0.55856
          -0.44542
           0.19736
           0.12108
           0.91645
          -0.54454
           0.19623
          -0.74186
           0.89213
           0.56065
          -0.07188
           2.37883
          -1.11920
           1.70459
           0.10406
          -1.52683
          -0.04468
           2.12025
          -0.52672
           1.97192
           0.77998
           0.60295
           1.36618
          -0.19350
          -1.88815
           0.23247
          -0.18823
          -1.12966
           0.07849
          -0.72082
          -0.39123
          -0.29058
           0.43646
          -1.97186
          -1.42395
           1.11522
          -0.84385
          -0.66044
          -1.88057
           1.08056
          -0.18152
           1.85679
           1.04117
          -2.07248
          -1.40196
          -1.37365
          -1.02252
          -0.92662
          -0.10995
          -1.00507
          -1.29944
          -0.36403
           0.16882
          -0.61627
          -1.04699
          -0.09684
           1.06629
          -1.40395
           1.14260
           0.41594
          -0.58053
           0.10452
          -1.45972
           0.79620
          -0.24558
           2.47194
          -2.51421
          -2.30260
           1.08858
           1.21999
           2.34258
           0.01175
           0.02580
          -0.61476
          -0.43385
           0.74708
          -0.04406
          -0.96457
           0.40320
           1.35929
          -0.42023
          -2.95083
           1.37761
          -1.45839
          -0.59696
          -1.66617
          -1.16931
          -0.07594
          -0.58469
          -1.63478
           1.44677
          -0.68650
          -1.81565
          -2.13636
           0.47219
          -0.98361
          -0.45998
          -0.29572
          -1.35189
          -1.60895
          -0.48584
           0.34176
          -0.09975
           0.72713
           1.01337
          -0.00790
          -0.74548
          -0.04312
          -0.86755
           0.38811
           1.00021
          -1.10165
           0.00086
          -0.44364
           2.60628
           0.10672
           1.45065
          -2.24909
           0.09327
          -1.11443
           2.02052
           1.74403
          -0.97041
           0.26944
          -1.43897
           0.50274
          -0.36747
           0.73867
          -0.09601
           0.89619
          -0.57012
          -0.94681
          -1.25441
           0.85709
           0.27647
          -1.27620
          -1.24329
          -0.08490
           1.18969
           1.35574
          -0.72557
           0.52378
           2.70162
           0.13280
           0.17348
           0.22119
           0.02846
          -0.21614
          -0.07126
           0.34684
           0.58465
          -0.19494
          -0.90121
           1.15437
           0.32944
          -0.29891
          -1.42733
          -2.01548
           0.30826
          -1.37238
           1.05101
          -0.59888
           0.59468
          -0.10280
           0.48806
          -0.77400
          -0.32567
          -0.63750
           1.18650
           1.97337
          -1.03782
           0.88878
           0.10461
           1.22697
          -1.35716
          -0.02126
          -0.69011
           0.50062
           0.44379
           0.00539
          -0.10989
          -0.22286
          -1.02351
          -0.52265
           0.41024
          -0.84449
          -1.43553
          -2.20170
           0.18281
           0.52403
          -0.47635
           1.27059
          -0.89608
          -0.96573
          -0.53965
           0.67237
           2.10910
          -0.77501
           1.72928
           0.77074
           0.00609
           0.18413
           1.43064
          -0.74993
          -0.67960
           1.64707
          -0.93693
           0.26758
           1.17313
           1.93971
           1.18863
           0.41181
           0.25573
           1.19340
          -0.79035
           0.87550
           0.05014
           1.02738
           0.38528
          -1.84128
           0.92060
           1.09691
          -1.09032
          -1.36735
           0.18407
          -1.32225
          -0.67139
           0.02089
           0.80582
          -1.15251
          -0.80477
           0.68523
           1.28530
          -1.02288
          -1.20187
           0.93323
          -0.66806
          -1.68671
          -0.98675
           1.16647
          -0.15162
          -0.56453
          -0.86875
           0.21681
          -0.23242
           1.24941
           1.10188
           0.18840
           2.36078
           1.29914
           0.28314
               NaN
           0.58341
           0.33485
          -0.66901
          -1.11311
           0.78415
           0.09405
          -0.97899
          -1.12119
          -0.34308
          -0.46243
           0.28039
           0.73294
           1.00261
          -0.85149
          -0.98415
           0.38332
          -0.07639
          -0.36106
          -0.64283
           0.02174
           1.53009
           0.90472
          -1.79936
          -0.41371
          -0.86470
          -1.48424
          -0.02057
           0.08408
           1.77153
          -0.86995
           1.20290
          -2.00703
           0.90316
           0.57092
           0.23757
           0.61706
          -0.38006
           2.07687
           0.23805
           0.04935
           1.91260
           2.47483
          -0.40730
           1.21373
           0.04292
          -2.08389
          -1.70283
           0.51804
          -1.16029
           1.76763
           1.52777
          -1.31954
           0.24699
          -0.99680
           0.67664
           0.40858
           1.85053
           1.33272
          -1.28920
           1.48095
          -0.37419
           0.11726
          -0.00257
          -1.05954
          -1.44262
          -0.11948
           1.87336
           0.40233
           0.45174
           0.72815
           0.64084
          -0.42734
          -1.09086
          -0.98322
           0.84336
          -2.67543
          -1.36152
          -1.77350
          -1.01290
           1.60608
          -0.89968
           0.57212
           2.81621
          -0.65868
          -0.11987
          -0.24288
          -1.65348
           3.22583
           1.72679
           0.16718
          -1.53847
          -1.79559
          -0.73361
          -0.70902
           0.40192
           1.92003
           0.15724
           1.54476
          -1.87666
           2.50339
          -0.91748
          -3.00947
          -0.47748
           0.27507
          -0.63725
          -2.02688
           4.85116
          -4.47896
           1.39483
          -0.34166
          -1.20574
           1.92338
          -3.21875
           2.12658
          -1.28802
           2.47802
           1.61329
           3.61831
           3.78553
           1.01440
          -4.23318
          -3.81805
               NaN
          -2.67529
           3.47287
           1.62282
           0.39666
          -1.43156
           0.21147
           2.35592
           0.39864
          -2.25362
          -0.87979
           0.73460
           1.03224
           1.75182
          -1.36574
          -0.81665
           1.95733
          -0.96520
          -2.12914
           3.40147
           1.83394
           3.39931
          -0.79271
          -0.52951
          -0.29186
          -1.73672
          -0.64309
           1.94015
          -2.43933
           3.03386
          -1.98347
           0.54550
           1.02385
          -2.27131
          -1.34189
          -0.87377
           2.75665
          -3.28400
           3.26748
          -1.07575
           0.54692
          -0.69208
           0.42576
          -0.20564
          -1.19615
          -0.64413
          -1.11295
          -0.10596
          -0.00826
           2.90473
           2.89476
           3.50596
           1.04365
          -3.21122
           1.10152
          -1.20750
           1.25070
           0.41096
           3.93532
          -1.26407
          -2.93296
           2.03538
           3.05502
           1.45215
           0.19374
          -1.08787
          -0.95120
          -4.07342
           4.61360
          -3.93842
          -2.61964
           1.97760
           1.19069
          -0.07823
           4.20482
          -1.39191
          -1.09550
          -1.09017
          -1.67908
          -0.28895
          -4.00891
           2.54407
          -3.61483
           3.51965
           2.10450
          -0.71384
               NaN
          -0.88182
          -2.68777
          -0.21948
          -2.83226
          -3.90275
          -1.57948
          -4.68970
           1.36578
          -0.16471
           0.81816
          -0.23580
           3.21003
          -3.22287
           1.78457
          -2.96944
          -2.53957
           3.59983
           2.07271
          -3.51149
          -0.00562
          -0.01807
          -2.05349
           1.50835
           1.36749
          -1.34089
          -0.11485
          -0.20723
           3.14597
          -0.30250
          -2.01829
           1.42266
          -2.42857
           1.73928
          -0.12583
           2.25932
          -0.81359
          -3.19259
           1.88710
          -0.70614
          -1.18813
          -2.22966
           2.55402
          -0.54280
           2.29069
          -1.97696
           1.76796
           5.49998
           1.36115
          -0.76057
          -0.77746
           1.47670
          -0.11774
           1.33120
           1.38591
           0.68745
          -0.37280
           0.87968
           1.38558
           3.94923
          -2.12437
          -1.66273
          -1.65817
           3.76604
          -0.58140
          -0.74527
          -0.86692
          -0.95318
          -2.84885
           2.56286
           2.46306
          -2.60049
          -0.46965
          -0.31508
          -1.84468
          -0.51217
          -1.83731
          -2.01025
           3.31250
           3.16703
           1.17882
           3.60563
           6.16086
           0.43587
           0.10576
          -1.03107
          -2.81588
           2.64929
          -5.54591
           1.37240
           1.04973
          -2.75288
          -2.40643
          -0.35953
          -0.35449
           0.68728
          -0.99822
           0.62335
           1.85653
           0.68111
          -2.18534
          -1.61532
          -1.00332
           0.14338
          -5.30523
           0.59346
           0.75010
          -1.49432
           0.91111
          -3.27187
          -3.30132
          -3.37839
           0.12329
           5.98970
          -1.26824
           2.80468
           1.60079
           2.04139
          -4.19143
           2.43382
          -1.75991
           3.07700
           3.32515
          -2.92378
           0.62283
          -2.22147
           2.77482
          -1.82870
          -3.63043
          -0.13162
           3.82580
          -2.62124
          -3.76693
          -1.70518
           0.73208
           0.58127
          -1.28483
          -0.57736
           2.82216
          -2.96996
          -1.14394
           1.51764
           2.38458
          -0.42371
          -0.95144
           1.15330
          -3.28794
           1.13785
          -0.55829
          -0.62948
           4.64232
           0.37121
          -1.31665
          -0.96341
           1.72780
           0.19752
          -1.53834
          -1.13173
           0.72162
          -3.96975
           2.51385
           3.85009
          -2.68661
          -3.18976
           1.20139
           0.30372
           0.27554
          -0.80631
           0.08356
          -1.04762
          -0.49394
           3.69000
           2.84378
           1.91549
          -0.32959
          -2.00170
          -0.10922
          -4.14009
          -0.99427
          -2.44134
          -1.06911
           5.78175
           2.01796
          -0.97475
          -1.75937
          -0.89413
           1.98354
           0.29961
           0.66957
           3.42981
          -2.95934
          -3.00530
          -0.71463
           1.68001
           0.05251
           1.77111
           0.36691
          -1.96074
          -0.77285
          -0.50358
           0.35002
          -1.11532
           1.81113
          -4.76643
          -1.66904
           4.23833
           5.90566
           1.14630
           1.70289
           0.59772
           0.55162
          -3.86836
          -0.70845
           2.04976
           0.71426
           1.74301
           0.84255
           0.68548
           2.09839
          -0.66810
           0.42157
          -3.32954
          -0.04213
          -0.49385
          -1.27073
          -2.86177
          -3.86347
          -2.16036
           0.76854
           1.96828
           0.57078
          -1.78470
          -3.30753
          -0.40931
           0.26819
           0.08629
           0.41753
          -0.44707
           0.06503
          -2.95298
           0.18874
          -0.73212
          -1.53323
           0.41068
               NaN
               NaN
          -2.25575
          -1.50373
           2.22316
           2.76004
           3.77195
               NaN
           0.58721
          -3.04599
           3.35723
          -0.06449
          -0.67705
           3.24378
           3.41137
          -3.34780
           1.06180
           3.97115
          -2.77545
          -2.00077
           1.50566
           3.36869
          -1.13023
           1.33103
           0.70583
          -4.35456
           1.97324
          -0.90447
           4.59982
           2.38940
           0.91269
          -1.95493
          -2.89627
          -2.25747
          -1.64400
           2.23101
           0.38992
           3.06379
          -1.57807
          -2.75991
               NaN
          -0.43746
          -0.76904
          -0.28216
           0.99905
          -1.77455
          -0.85230
           3.34352
          -1.00778
           2.26131
          -0.90748
          -1.11577
          -3.10544
          -0.20569
           1.14123
           0.81198
           1.56134
          -4.94375
          -1.42857
          -5.87140
          -3.33261
          -1.20630
           1.06410
          -0.66244
          -1.78720
          -5.07755
          -1.04773
           1.38339
          -0.23298
          -0.27211
          -0.61132
           1.51937
           1.71763
           0.00895
           0.93577
          -1.37609
           0.02863
           2.79401
           0.81572
           5.01865
           1.49313
          -1.90899
           1.76941
          -1.46141
          -2.15540
           1.56234
           2.43331
          -2.93856
           0.31127
           3.25953
          -2.62962
          -2.02309
           4.41875
          -1.49137
           1.20504
          -1.21167
           0.54388
          -0.31806
          -3.53273
          -1.19399
           0.46122
          -0.79861
          -0.11615
           2.02006
           3.87426
          -0.97281
           1.61319
           1.69524
           1.00760
           0.43842
           1.23005
          -1.16462
           1.75589
           0.35011
          -3.76868
           0.39611
          -0.89842
          -1.48895
          -1.70525
           0.51052
           3.06724
           0.01850
          -1.24800
           1.27275
           0.52414
          -0.09503
           1.73347
           3.19177
           1.25064
           1.92509
          -0.26654
          -2.72415
           0.56721
           0.82204
          -0.44415
           0.48528
           0.62730
           0.64622
          -1.73427
          -2.12016
          -2.68453
           3.39665
          -0.19476
           2.86088
          -1.49523
          -1.65070
           2.17059
           2.28856
           1.45399
          -4.93598
          -0.17425
          -4.87301
           1.00013
          -1.58900
           4.25647
          -1.46250
           0.98539
          -2.82835
          -0.52578
           0.46624
           0.13636
          -1.22519
           1.38667
          -1.31976
           2.72340
          -0.86076
           1.23955
          -1.35861
          -1.22624
           3.79857
           2.04563
           2.43634
           1.71947
          -2.54106
          -0.77630
          -2.47657
          -0.17958
          -2.40940
           2.24029
           2.46306
          -1.18267
          -6.09302
          -0.55829
          -1.12971
          -1.83961
           1.90380
           1.26592
          -0.60380
          -2.24195
          -3.51373
           1.20501
           1.25378
          -1.86771
          -3.19729
          -2.46014
           3.99494
           0.56688
           2.87211
           0.57790
           0.16438
           0.98092
          -2.63092
          -0.15535
           1.55829
          -2.12829
           1.31615
          -2.29987
          -0.91407
           3.07918
           0.13908
           2.01043
           0.13963
           1.95463
           2.57665
           0.08313
          -3.61128
          -0.63165
           0.54097
          -2.90315
           4.57551
           0.99715
           2.61504
           1.26858
           2.52275
           0.87669
          -0.69076
           2.33708
           1.41008
           0.15655
           0.31206
           3.39857
          -5.17355
          -3.58802
           0.84453
          -1.57084
          -3.09030
          -1.28435
           2.40440
          -0.67071
          -3.72395
          -4.07105
          -3.32105
           1.51786
          -0.84363
          -1.25932
           3.01794
           0.83005
           0.14622
           0.51295
          -0.51283
           3.95219
           0.12445
          -1.29796
           0.40874
           4.65932
          -1.68139
          -1.71398
          -0.39263
           2.48697
          -2.64051
           3.62062
           3.21550
           0.51006
          -0.09531
           0.88416
          -3.32504
          -1.55512
          -3.52025
          -0.73647
           0.26964
           0.39851
           2.27560
           1.95781
          -3.18323
          -3.97422
          -0.53327
          -0.16133
          -4.62170
           3.28261
           2.29288
           2.35072
          -1.22192
           2.15379
           1.59423
           1.14386
          -3.05744
           5.99506
           1.76949
          -3.74052
          -1.06761
          -4.37088
          -1.05237
          -0.07425
           0.96482
           2.74360
           2.86697
           0.03215
           2.62952
           1.57251
          -2.23861
          -3.33356
           0.65492
           2.75355
           1.75479
           2.35181
          -3.36784
          -0.16474
          -1.41415
           2.36811
          -2.97645
          -0.87475
           5.01141
          -0.85548
          -4.43429
           3.66225
          -2.90841
          -0.72482
           0.95418
          -3.39847
          -0.32324
           3.83059
          -3.58212
           1.74499
           2.72282
          -0.39718
           0.52107
          -0.55852
           2.26126
           0.25662
           4.87371
           2.65541
          -2.61951
          -0.43983
          -0.34455
           1.27037
          -0.29629
           0.67028
          -1.12647
          -0.39915
           5.62648
           0.34683
           1.68296
          -0.44805
           0.19913
          -1.30004
           1.67512
           4.39352
           2.11156
          -2.52677
           1.28174
           0.11220
          -0.63789
           0.99487
           0.08094
          -3.49861
          -1.42856
           3.08621
           1.31867
           0.04710
          -2.77848
           0.85937
          -2.47730
           1.88138
           1.72859
           3.29738
           0.50934
               NaN
           0.19061
           1.51116
           3.28395
          -0.79675
          -1.23826
          -1.88712
          -0.31910
          -0.32411
          -2.15862
          -2.79182
           3.64574
          -2.76161
           1.15589
           1.50588
           3.58611
           0.19582
          -2.42687
          -0.22887
           4.38246
          -0.08204
           0.80250
           1.50460
           0.22033
           1.11572
           1.81342
           2.92971
           2.05114
           0.77962
           2.17214
           0.96489
          -1.12619
           2.62212
          -3.01158
          -4.00445
           4.16177
           2.80921
           0.34363
           1.28925
          -0.89990
          -2.88209
           3.79691
          -0.77382
           4.00608
               NaN
          -3.53113
          -0.77520
           2.09009
          -0.02550
           0.15442
          -1.64666
          -2.28741
           2.07868
          -2.98636
          -3.72965
           1.77363
           2.29159
          -1.14185
           0.19079
          -1.73426
          -0.62810
           0.12766
           1.76437
          -1.25829
           1.02302
           2.40139
           2.56136
           0.94289
          -1.48506
          -3.02724
           4.77976
           2.39836
          -4.18731
          -3.69847
          -2.09252
          -2.88394
          -0.56310
          -1.77249
          -1.69522
           1.27522
          -1.61505
          -1.51372
           2.26483
          -4.15304
           0.98734
           0.43698
           1.79301
           2.71034
          -3.62552
           1.20117
          -4.20661
          -2.14265
          -0.55821
          -0.80464
           0.95217
           0.42361
           0.36077
          -0.07968
          -0.42647
          -3.39415
           1.33145
          -3.59600
           3.38402
          -4.24044
           5.96994
           0.64296
           3.41593
           0.92064
          -0.64720
          -4.64326
           0.16269
          -1.16666
           0.56329
           2.40010
          -2.13875
           1.10191
           5.53068
           0.94917
           0.38045
           0.86277
           0.49364
          -2.45889
           1.10887
           2.48931
           2.81841
           0.96054
          -0.15734
          -1.31914
          -2.97541
          -1.21430
          -0.39888
          -1.22357
          -4.07086
          -0.40524
          -0.76381
          -0.79850
           4.62483
          -0.02755
          -0.22084
          -2.34827
          -1.96793
          -0.29378
           0.81028
          -0.14092
           0.14012
          -2.29434
           3.52486
          -3.61068
           2.25091
           4.27766
          -3.73193
          -0.09287
           1.25735
           2.14891
           0.34729
           1.19259
           2.49584
           0.15606
           1.00205
           0.21023
           0.80511
          -0.19756
          -1.26451
          -0.12411
           2.12735
          -1.36889
          -2.21537
           3.83315
           1.33853
          -2.42901
          -0.94758
           1.88696
           0.07606
          -1.88055
          -2.65333
           0.42046
          -1.21036
          -2.67399
          -2.97252
          -3.15107
          -1.11871
           2.32844
           1.41784
          -1.40983
           0.93737
           5.27117
          -1.56184
          -0.14798
           2.28402
           2.25390
           0.61800
           1.63516
          -1.83859
          -0.89485
          -0.63624
           0.52778
           2.22133
          -0.28030
          -0.49532
          -0.81360
           2.42486
          -1.63098
          -4.48285
          -0.68674
          -0.17406
          -0.97190
           2.32307
           3.01903
           1.01160
           3.24407
          -5.62832
           2.11419
          -1.94713
           2.29942
          -1.04577
           1.28492
           0.05446
           0.35349
           1.91142
          -1.89649
           0.75150
           2.75970
          -0.38678
          -5.36935
           1.33032
           1.95459
          -0.16952
           0.01377
           2.07071
          -0.60209
           4.56000
          -3.89889
          -2.98678
           5.30713
           0.97233
           3.05713
          -0.22002
          -1.07242
          -2.39145
           1.11435
           2.11812
          -3.41907
           2.05551
           0.06111
          -2.85801
           2.23507
           0.76906
          -0.63103
          -4.09855
          -2.27878
          -0.56909
           0.57806
           0.97793
           2.69344
           2.18653
           0.85780
          -0.20721
           3.82036
           3.07291
           0.88705
          -0.86226
          -0.28133
           1.29734
          -0.01515
          -1.44480
           1.87269
           1.97963
           2.35311
           2.38340
          13.79898
           2.69568
           0.49284
          -9.38121
          -4.60327
          -2.62665
           5.03959
          -1.73375
           4.32256
           0.71368
          -2.90643
          -5.43721
           0.31124
          -7.72030
         -13.71487
          -2.21233
          11.44199
          -2.76986
          -9.57821
          11.03552
         -10.45007
           7.19537
          -6.68363
          -4.92156
           0.40581
         -15.38440
           3.79736
          -1.24437
           0.41894
           8.09491
           8.10030
          11.96447
           1.42200
          -6.07158
          -6.95489
               NaN
          -1.92084
          16.67897
           5.35594
           2.83706
          -8.15406
           1.90272
           6.41386
           2.16567
         -10.15130
          -6.86077
          -3.37593
          -2.89294
           8.68506
          -2.38766
          -2.90376
          11.15919
          -3.68325
          -9.05917
           5.24807
           3.51449
           5.13606
          12.94264
          -0.22351
           1.44271
          -7.43272
          -1.31941
           7.62435
          -5.18880
          12.30180
          -5.59548
           1.29022
           9.89729
         -10.78280
         -10.01290
          -5.35302
          -0.52763
         -14.33803
           8.15744
           0.50809
           3.04554
           0.88652
           0.86816
          -0.31254
           2.43893
          -3.16309
          -3.97606
           2.92571
          -1.34576
           8.50824
           4.46522
          17.42371
           4.17036
         -10.43242
           4.89498
          -6.65172
           1.98858
           1.94085
           6.55961
           3.95425
          -4.72113
           9.39857
          13.24852
           8.71075
          -1.19362
         -10.71804
          -0.95490
         -10.22896
           9.33742
         -10.00204
          -3.41485
           5.09102
          -0.37288
          -0.45265
           3.92433
          -7.87781
          -1.55421
         -13.98948
          -4.63202
           4.66454
         -16.70646
           7.33849
          -4.02108
          12.15040
           3.54150
          -6.18731
               NaN
          -2.52612
          -6.81365
           0.20060
         -10.14035
          -7.67022
          -0.65101
         -13.96004
          -3.56305
           8.72684
          -1.56444
           8.15075
          13.97448
          -3.69377
           5.86362
          -1.66276
         -10.91845
           9.60095
           1.57222
          -6.69993
           2.49021
           0.40132
          -8.86079
           1.43770
           3.77068
          -7.69461
           1.66323
          -4.51805
          13.26886
           2.42469
          -8.47626
          -1.51070
          -9.21626
           2.75717
          -5.20334
           3.69535
          -2.94249
         -12.61780
           7.50135
          -3.93166
           3.19056
          -8.88530
           3.33142
          -5.40212
           9.70316
          -4.69852
           7.10173
          13.64964
           0.88666
           4.69583
          -6.47622
           7.30727
          -1.60068
           3.40092
          -2.83674
           4.95292
           1.99697
           8.43147
           1.84107
          11.22750
          -0.86022
          -3.40606
          -3.64593
          13.65019
          -5.21948
           0.42633
           0.76722
           5.34363
          -4.45125
           0.11644
           9.51972
         -14.24762
           1.32126
          -3.19671
          -2.67950
          -0.32986
           1.54365
           2.06206
          12.85399
           8.88341
          -3.62632
          10.58505
          13.95547
          -3.19223
          -0.85453
          -9.64227
          -1.94382
           8.53730
         -19.13178
           5.05474
           0.84041
          -7.46022
          -2.48144
           5.32283
          -4.95604
          -5.96183
          -9.73223
           1.26593
           4.08083
           2.74215
          -6.44132
          -2.33455
           1.71729
           1.49072
         -12.46785
           8.44940
          -1.08146
          -3.07122
           2.32737
         -11.15409
          -5.57843
          -9.99083
           0.22197
          11.88647
          -3.24325
          11.02396
           2.66215
           7.03776
         -10.37551
           0.07968
          -1.71116
          13.38003
           4.13084
          -4.51599
           8.43098
         -10.49210
          13.59617
          -3.55897
          -7.71104
          -1.88226
           4.56730
          -8.32103
         -10.40254
          -9.01581
           7.56812
           0.20891
          -2.16559
           1.91211
           4.40563
          -4.41936
          -8.65316
           7.73580
          12.72893
          -5.38889
          -8.92726
           1.99201
          -3.82508
           8.71707
          -0.26706
           4.31173
          11.59525
           2.38226
         -12.62524
          -1.74503
           5.57887
           1.54068
          -1.20564
          -4.01030
           0.21107
         -16.59847
           5.50345
          10.49471
          -5.82966
         -14.77376
           9.25083
          -6.31181
           5.08527
           7.49484
          -6.72147
           0.48799
           1.98432
          11.00305
           2.25288
           0.13340
          -5.48954
          -4.78351
          -1.77872
          -2.74234
           8.92538
          -8.46036
          -4.95232
          16.04452
           4.14292
           1.03552
          -3.80010
          -6.32834
          -4.36289
           1.67044
          -5.49926
          10.77230
               NaN
          -7.41786
           2.36392
           9.36752
           5.17229
           1.76545
           3.53513
          -7.78041
          -2.01478
          -1.63680
           2.12131
           5.93576
           3.85730
         -10.68348
          -0.23017
           7.36008
          12.54172
           8.23837
           1.74295
           1.28270
          -0.10207
         -11.06087
          -9.55275
           5.34651
          -1.87768
           7.63435
           1.72687
          -3.27962
           2.77392
          -2.40087
          -0.03196
          -1.97544
           2.00989
          -5.51757
          -7.50192
          -2.53262
          -9.32246
         -10.66901
           5.81324
           5.43772
           0.40452
         -13.29627
          -7.87006
           7.51440
          -7.28045
           4.74466
           7.13916
           1.74240
           2.82381
         -15.07309
          -1.05411
          -1.44173
          -4.16181
          -0.44537
         -14.63645
         -11.41499
          -5.30481
          -8.29723
           8.84277
          12.81659
           6.83106
               NaN
           2.97612
          -3.51354
           8.04729
           2.34767
          -0.55470
           0.40821
           7.42184
          -5.08812
          -3.09863
          13.62528
          -2.78207
          -7.18124
           3.42562
           5.78382
           1.77796
          -0.83550
           1.82702
         -12.63805
           6.76101
          -4.69647
          11.83780
           4.39197
           0.96836
          -5.50582
          -3.40478
          -3.67868
          -9.01951
          -4.70062
           6.95274
           6.54228
          -1.12989
          -3.17949
          14.86759
          -3.27851
         -10.06147
          -4.99336
           1.36432
           1.92845
          -5.46582
          11.87185
           2.74669
           3.52132
          -3.56362
           3.36675
          -7.62068
          -0.12936
           4.61944
          10.10698
          -9.94334
               NaN
          -3.75194
         -19.23402
          -5.97203
           0.70574
           5.38696
           4.61830
          -5.80307
         -12.32989
          -0.47387
           5.00590
          -6.75018
           3.99205
          -5.57253
           2.31169
          12.73231
          -2.56639
           4.29040
          -2.44751
          -2.65970
           8.79255
          -0.00795
          11.71079
           7.18850
          -8.67043
          -3.63479
           0.56331
         -11.89979
           5.77729
           7.01716
         -12.06334
           2.36195
           1.55254
          -7.20880
          -5.35778
          13.96624
           0.35512
           6.02185
           2.53377
           8.15142
          -5.48659
         -15.43237
          -0.60519
           0.90742
          -5.33936
          -8.20955
          -2.73283
           5.86579
          -5.56779
           1.61843
           5.00915
           6.00542
          -6.43637
           4.78277
          -8.19009
          11.71265
           7.96524
          -3.79191
          -0.17540
           2.67231
          -3.80231
          -3.78416
          -2.76426
          14.04040
           1.65189
          -3.68600
          -0.09328
           2.91397
          -3.08701
           3.48483
          12.80788
           3.92882
           1.55483
          -4.53919
          -5.44019
           9.20672
           0.69112
          -5.62710
           8.96726
          -0.35665
           0.62624
          -3.36838
          -2.08199
         -10.64435
          13.03657
          -1.91909
           2.70086
          -4.15943
           5.57217
           7.56473
           7.28050
           3.12882
         -12.82456
          -5.82920
         -15.12671
          -0.89123
          -3.75419
          10.05888
          -8.02652
           0.08517
          -8.02217
           0.26983
           8.57721
           4.82223
          -7.94720
           7.15847
          -1.36478
           5.63681
          -3.69892
          -3.81040
          -0.43509
          -8.43449
          14.11210
           4.67154
           6.74270
           7.72736
         -13.48304
          -0.81794
          -7.40353
          -6.20827
          -2.90202
           2.04230
           8.90732
          -7.24674
         -11.86430
          -0.54635
          -0.19143
         -11.28416
           3.55949
          -6.40041
          -2.49830
         -12.48628
         -16.02456
          -5.84908
          -1.72298
          -1.42023
          -4.56936
         -11.69473
          16.86478
           2.00495
               NaN
           7.48362
          -2.85782
           7.46633
          -3.08736
           5.90564
           3.62034
          -4.54802
          12.87223
         -10.19541
           5.36162
           6.70368
           7.31934
           1.69935
          -3.74630
           4.09449
           0.41197
          -0.35455
          -5.79643
          -4.83406
           3.82792
         -12.87001
           0.42102
           3.06239
          14.07370
           2.66495
           2.75036
           2.68667
          -3.52424
           3.33829
           3.19788
           2.71940
           0.76013
          14.33775
          -2.67590
          -9.92280
           1.06716
          -5.92254
          -5.36167
          -0.20182
          10.04972
          -5.46668
          -5.70852
         -17.29365
          -8.56856
           6.43632
          -1.92977
          -9.04126
          -0.39814
           6.58385
           7.68599
          -2.83589
          -7.52144
          10.41264
          -4.04147
          -2.47448
          -2.22356
           5.54703
          -6.22557
          -9.58662
          -0.59244
          11.52352
          -6.09617
           4.69447
           6.52618
           0.21554
           9.92054
          11.57609
         -12.48053
          -2.35369
         -10.78481
          -3.38231
           1.99293
           3.08019
           4.09591
           6.15886
          -1.67109
         -11.25993
           3.73437
           6.28550
         -15.37344
          12.98005
          11.31013
          11.77137
          -3.25160
          11.21808
           3.42588
           4.23130
         -10.82228
          17.82617
           8.23630
          -8.33895
           0.79053
         -14.52063
          -2.24724
          -4.77736
           7.70754
           4.77182
           8.34666
           3.07545
           5.10300
           0.50848
          -2.82250
          -8.14302
           3.56190
           1.67051
           5.75401
          -2.59693
          -6.29307
           0.21661
         -14.41983
           8.42053
         -12.04582
          -1.41856
          13.41227
          -0.57939
         -15.63595
           6.58337
         -13.48330
          -4.88921
          -2.32425
         -10.54794
           0.70990
          14.05704
          -4.75777
           2.77392
           8.87059
          -0.81254
           4.41396
           1.58715
           3.87813
          -2.06111
          15.62146
          10.30749
          -8.47239
           4.01474
           3.14600
          11.17923
          -6.13288
           1.64466
         -11.25163
          -6.02904
          16.98807
           7.74331
           9.01792
           4.96496
           5.09766
          -0.64298
           7.06737
          11.51076
           4.11763
          -3.40918
           4.58991
           5.66803
          -0.11959
          -4.84497
           7.45670
          -9.48580
          -3.60399
           6.28734
           0.74994
           7.72457
          -6.95228
           2.18136
         -15.88191
          15.09402
          13.86404
          -2.78609
          -6.15178
         -18.73035
           0.12781
           1.39032
           6.66271
           1.49067
          -5.22913
          -1.62540
           4.75267
          -2.44584
          -9.36885
          -0.61560
          19.30970
         -10.09281
           8.91558
           4.72907
          12.60597
           6.36086
          -2.00207
           2.89993
          13.29174
          -7.95323
           4.56950
          11.15416
          11.37680
          -1.44002
           7.13341
           5.44818
           3.70427
           7.95229
          10.75640
           3.63744
          -2.89724
           3.17850
          -6.76689
          -9.27923
           4.22423
           6.91372
           0.57627
           5.97159
          -2.94283
          -8.15755
           9.94989
          -0.77362
           6.47722
               NaN
          -4.04913
          -8.64120
          14.03439
          -0.47727
           6.02452
         -12.62247
         -11.57980
           7.33779
          -4.34549
           3.55099
          -0.95595
           4.30165
          -5.06270
           0.74746
          -6.50368
           2.40227
           5.12896
           8.47795
          -5.84325
          -0.48036
           9.27768
           9.29002
           1.44624
          -7.83440
         -10.18484
           8.80023
          -0.45298
         -18.61862
          -4.38210
          -2.96663
          -4.02762
          -0.71347
          -0.60218
          -1.32043
          -0.60667
          -4.64940
          -0.42535
           7.12663
         -10.12366
          -0.74397
           2.04651
           9.39989
          13.45385
          -5.19629
           8.47716
          -9.68115
           0.97642
          -3.74985
          -0.25968
          -1.68863
           4.55756
           2.11424
           3.32315
          -6.86431
         -13.90730
           6.87171
          -8.22230
           2.85988
         -10.64475
          13.51573
           0.76096
           7.25533
          -1.80455
          -3.00105
          -4.64443
           0.79854
           0.00824
           5.99738
           5.26086
          -4.29981
           5.61273
          13.46576
          12.45874
          -0.58772
          -1.98383
           3.09136
          -9.16859
           5.93913
           7.78380
           5.80314
          -2.71124
         -11.82079
           2.76203
         -12.21175
          -5.32249
          -0.43350
          -2.15106
         -11.56431
           3.61710
           2.81637
          -9.75324
           9.79735
          -1.46032
          -6.57583
         -12.77172
          -8.30144
          -2.42541
          -0.57329
          -6.58290
           4.32572
          -6.88204
           3.27458
          -8.98827
           0.16133
          14.26980
          -8.54467
          -6.06218
           7.07995
           9.48928
          -0.62544
           8.22146
           6.16943
           0.05817
          -3.40840
           6.30717
           5.24949
          -3.88835
          -8.19076
           5.27214
           8.63450
          -6.34867
           1.26174
          12.99324
           6.60709
          -8.63692
          -0.11372
           4.95202
           4.66877
          -2.99361
          -1.43592
          -6.42898
          -7.09140
          -3.66155
         -15.67546
          -9.92624
          -2.57415
          18.10654
          -1.77886
          -3.14876
           4.54272
          11.46082
          -5.73795
          -0.43653
           7.58568
           8.31807
           2.52738
           4.15344
          -3.29404
          -4.80081
          -6.00267
           5.04839
           7.57585
          -2.31705
          -0.07759
           1.11985
           6.14546
          -1.74171
         -12.48088
          -5.54584
           9.22433
           1.20472
           7.01924
          11.08149
           1.19865
           2.80486
         -14.83375
           6.85686
          -8.37751
          12.98005
          -5.88532
          -1.82885
          -1.21014
          -2.99646
           3.97992
         -13.17654
          -0.53444
           2.53165
         -10.86595
         -18.34852
           3.56134
          -4.76965
          -0.38518
          10.88985
          11.13713
          -3.36471
          10.94850
         -13.18552
         -11.06329
          12.61557
          -0.36971
           8.51444
          -3.84536
          -3.18658
         -12.29107
          -6.25411
           9.03772
         -11.23699
           4.10963
          -0.55615
          -2.82308
           7.95157
           8.38368
           0.00491
         -14.00233
          -4.37582
          -2.92866
          -3.36468
          -2.52362
           5.02320
           8.05851
           6.08301
          -4.76607
          18.11111
          10.42520
          10.23658
           4.45380
          -9.02943
           6.10895
          -3.01719
         -16.99898
           5.45430
           2.64760
           3.77074
          11.21647
           0.83528
           1.50773
           0.09355
           0.23475
          -1.16078
          -0.30560
          -2.00875
           0.88479
           1.37683
           0.03143
           2.55115
          -1.07164
           2.99902
           0.62061
          -0.58902
          -0.08524
          -2.24972
          -0.15507
          -0.31956
           3.45289
          -3.12891
           0.08335
           1.09224
          -0.36561
           2.26649
          -0.46814
           1.74882
          -1.29789
           2.94357
           0.14782
           2.60495
           1.93631
           0.92224
          -3.81752
          -3.10882
          -2.51605
          -2.84587
           0.48702
           0.77877
          -0.15511
           0.08837
          -0.17091
           1.43844
          -0.00088
          -0.46799
           0.47248
           1.66397
           1.91971
           0.18424
          -1.13469
          -0.34476
          -0.12317
          -0.35065
          -0.56229
           2.98396
           1.45397
           3.00664
          -3.89822
          -0.59869
          -0.68404
          -0.44887
          -0.49017
           0.65498
          -1.81769
           0.93842
          -1.16680
           0.37712
          -0.98239
          -0.34689
           0.61859
           0.13897
           3.49921
          -0.78473
           2.16187
          -1.43385
          -0.01801
          -1.04900
           0.32574
          -0.18147
          -2.01803
          -0.07461
          -0.46561
          -0.79141
           0.29414
           1.63780
           2.53968
           0.35921
           0.33671
          -1.57854
           0.24383
           0.02341
           1.08387
           0.06505
           3.34197
          -2.44391
          -2.52866
           0.37060
           0.75031
          -0.18899
           0.50741
           1.08948
          -0.95037
          -2.68168
           3.54556
          -2.56746
          -2.43984
           1.27367
           1.54421
           0.00643
           4.26824
           0.07452
          -0.99179
           1.82631
          -1.01143
          -1.40892
          -1.13805
           1.46007
          -3.52297
           1.56827
           1.77960
           0.52370
           1.86591
          -0.51005
          -1.75493
          -0.31446
          -1.17993
          -3.05094
          -1.78941
          -2.59371
           2.48017
          -2.17505
           1.35685
          -2.13196
           0.77622
          -3.11641
           0.86231
          -3.26488
          -0.64514
           2.24300
           2.18587
          -2.79060
          -0.56992
          -0.11290
          -0.51438
           1.52432
           0.82413
           0.09566
          -0.51686
           0.76743
           0.85722
          -0.91911
          -0.55817
           2.08588
          -0.89390
           1.50914
           1.02217
           1.93463
          -0.33225
          -1.06158
           0.61774
           0.02313
          -2.17813
          -0.72485
           2.37825
           0.55587
           0.61476
          -1.36162
           0.56202
           3.65738
           1.46843
          -1.99424
           0.51100
           0.15843
           0.21755
           0.86324
           2.34063
          -0.27696
          -0.90860
          -0.82775
           1.28260
           2.30364
          -2.41018
          -1.26857
          -1.20874
           1.53128
           0.46725
          -1.01016
          -1.23639
          -2.37686
          -2.48655
           3.11599
           0.86758
           0.03288
          -0.87457
           0.33645
          -1.65593
          -0.55339
          -2.60173
          -2.93099
           1.15521
           1.87458
           2.26524
           2.02761
           4.39854
           1.25617
           0.32288
           0.91589
          -3.01305
           1.31803
          -2.47419
           0.53984
           1.09706
          -1.68857
          -2.38947
          -1.64429
           0.68590
           2.19061
           0.97650
           0.47807
           1.35362
           0.21512
          -1.22308
          -1.45271
          -1.61844
          -0.16125
          -3.68579
          -1.18273
           1.16421
          -1.13779
           0.59090
          -1.48973
          -2.78648
          -1.88334
           0.10098
               NaN
          -0.82169
           0.94633
           1.36082
           0.91173
          -2.79324
           2.96608
          -1.77094
           0.74753
           3.14299
          -2.56379
          -1.14257
          -0.35151
           0.32815
          -1.43749
          -2.70782
           0.26419
           3.65815
          -1.33254
          -2.26664
          -0.05228
          -0.81353
           0.66545
          -1.08569
          -1.14021
           2.46414
          -2.64226
           0.55386
           0.11174
           0.04576
           0.69890
           0.85186
           0.96367
          -3.16649
          -0.57578
          -0.62414
          -1.74667
           3.07029
          -0.08348
           1.24018
          -0.78669
           0.85709
          -0.10617
          -1.61356
          -0.48090
           0.83705
          -1.11444
           1.83791
           2.34777
          -1.97598
          -0.57067
          -0.61855
           1.79946
          -0.81192
          -2.68317
           1.62215
          -1.39482
          -1.05426
           2.03655
           2.97738
           2.31842
           0.83705
          -1.37274
           0.26825
          -4.45612
          -3.23707
          -1.08046
          -0.19114
           3.46138
           1.53751
          -1.42926
          -1.29797
           0.33452
           3.41844
          -0.01033
           2.06432
           1.76970
           1.06660
          -2.00764
          -1.41068
          -0.05811
          -1.10505
           1.77239
          -0.34941
          -0.64494
          -0.49206
          -0.24736
          -0.05046
          -2.70954
           1.34850
          -3.42861
          -1.99437
           3.53252
           4.40527
          -0.45718
           1.69383
           0.44285
           0.69942
          -2.24216
           1.29121
           1.30437
           1.30029
           0.41100
           0.64261
           1.58197
           1.94565
          -0.27633
           0.52411
          -3.63570
          -0.50609
           0.64200
           0.13812
          -2.93618
          -2.62921
          -0.23659
          -0.37204
           1.18386
           0.60837
           0.81803
          -2.27596
          -2.20082
           1.97491
          -0.96695
          -1.10221
          -0.94210
          -0.55871
          -0.21267
           0.46974
          -0.57168
          -0.93892
           0.60423
          -4.44361
               NaN
          -1.56637
           0.03226
           0.72649
           0.48629
           3.08030
               NaN
           0.04709
          -2.94028
           2.29683
          -0.60987
          -0.70472
           3.88489
           2.50461
          -2.95432
           2.00246
           1.78839
          -2.77395
          -0.82948
           1.07156
           2.82263
          -1.78775
           1.82088
           0.45234
          -2.48170
           0.89075
          -0.04712
           2.96334
           1.93662
           0.90011
          -1.15209
          -2.78130
          -1.93614
           0.02357
           3.79823
          -1.09391
           2.27732
          -1.67940
          -2.66505
           4.42723
           0.20489
           1.33194
           0.78303
           0.91647
          -2.61178
           0.19079
           1.41530
          -1.85665
           1.97643
          -0.30693
          -2.12925
          -2.08456
          -0.22295
           0.35482
          -1.28958
           4.16250
          -0.90655
          -0.90326
          -2.85017
          -2.73585
          -1.63861
           0.08672
          -1.85639
          -0.87922
          -3.43782
          -1.17748
           0.56436
           1.24054
          -1.23623
           0.51039
           1.34023
          -0.77275
           0.59123
           0.17731
          -1.13385
           0.63645
           1.43777
           1.00195
           3.50559
           0.20543
          -0.38026
           2.99128
          -1.91919
           0.04776
           0.60935
           1.39692
          -0.87548
          -0.15238
           3.64547
          -1.59428
          -1.26913
           2.26010
          -1.90885
           0.11598
          -2.05850
          -1.17615
           0.85053
          -0.84227
          -1.32712
           0.36033
           0.22803
           1.71374
           3.09468
           3.42398
           0.06609
           1.61201
           0.94598
          -0.12238
           1.99278
           0.42679
           0.42381
          -0.49529
          -1.37164
          -3.76343
           0.52533
          -1.70574
          -0.96591
          -1.23521
           1.25093
           0.58625
          -0.35081
          -0.69678
           1.58160
          -0.01619
           0.58145
           1.33749
           1.01761
           0.64511
           2.00880
           0.69949
          -2.11007
          -1.38615
           0.85164
           0.72770
          -1.43246
           0.84976
           0.65074
          -1.36480
          -2.12879
          -0.88484
           1.21710
           0.19511
           2.89705
          -0.89287
          -3.28377
           0.95100
           1.15990
           1.07531
          -3.15240
           1.10431
          -2.55469
           1.42776
          -1.09946
           2.94457
           0.02160
           1.18893
          -1.65405
          -0.70567
          -1.36762
          -0.92310
           0.29463
           0.08169
          -1.30959
           2.06470
          -0.21906
           2.38132
          -1.56741
           0.40352
           1.46672
           1.45192
           1.46269
           0.36111
          -0.06713
          -0.76689
          -1.36261
           1.18348
          -2.29802
           2.28506
           1.00604
           0.18840
               NaN
          -0.56099
          -1.34186
           0.29577
           1.52946
           2.99924
          -0.17547
           0.07426
          -0.68509
           2.79991
           1.92682
          -1.96888
          -2.88707
          -0.37224
           1.08512
           0.24174
          -1.28240
          -0.98345
           0.84769
          -0.48541
          -2.52772
          -1.52572
           1.09207
          -1.58119
          -1.29663
          -0.51472
          -2.33298
           2.25969
          -1.48435
           2.08077
           1.01822
           1.47082
           3.06608
           0.18209
          -3.11723
           0.31850
          -0.20220
          -0.64969
               NaN
           0.53021
           0.02428
           0.95287
           2.47129
           0.46746
          -0.05012
           2.11071
           1.00586
          -0.42290
           0.21076
           0.92526
               NaN
          -2.15575
           0.79420
          -0.58694
          -2.57676
          -1.52911
           0.67582
           0.41364
          -3.27524
          -1.08148
          -2.13461
           0.40582
          -0.59806
           0.50015
           3.79031
          -0.47086
          -1.55849
           1.27012
           1.07178
           2.49151
           1.06635
          -1.03195
           1.00389
           4.45862
          -0.65397
           0.06600
          -0.34745
           0.44384
          -1.85920
           3.37783
           2.46696
           0.57665
          -2.35985
          -1.53324
          -1.25502
          -1.37456
          -1.87777
          -0.13826
          -0.11999
          -0.20780
           1.86403
           1.00797
          -3.52512
          -2.32695
          -1.49817
          -1.61893
          -2.19077
           1.09005
           0.25411
           0.22075
          -0.76302
           0.10439
           1.18010
           0.44580
          -1.30184
           3.32009
           0.30737
          -2.70083
          -1.48773
          -2.07606
          -0.78222
           0.98910
          -0.55968
           2.28503
           1.62804
          -0.65593
           2.07027
           1.81308
          -2.10660
          -2.24616
          -0.00233
           2.99842
           0.85058
           3.47070
          -2.70645
          -0.25096
           1.52639
           0.99968
          -0.92590
          -0.75179
           3.11201
          -0.91790
          -1.90163
           3.00179
          -0.51747
           0.21673
           1.69542
          -1.78201
          -0.55683
           1.51843
          -3.31631
           1.51235
           1.33283
          -0.30327
          -0.35910
          -1.04365
           1.89569
           0.78065
           2.44368
           0.92530
          -1.29619
          -1.44699
          -1.13375
          -0.96999
           1.02334
           0.44998
           1.16279
           0.87374
           3.05766
          -1.32549
           0.02456
          -1.67191
          -0.90841
          -1.44860
           0.45596
           2.78434
           1.65800
          -2.32726
           0.53378
          -1.14396
          -0.75508
           2.31524
          -1.58669
          -2.14493
          -0.93670
           2.36245
           1.44725
          -1.68875
          -1.83480
           0.56047
           0.55343
          -1.10595
          -1.01519
               NaN
           2.01539
          -3.86713
           0.20481
           1.53848
           2.52003
          -1.31393
          -0.33594
          -1.94629
          -1.46581
           0.15561
          -0.52841
          -3.28386
           0.10418
          -1.10406
          -0.59854
           0.77713
           1.54676
          -1.19808
          -2.52291
          -0.93628
           2.36810
           1.69760
          -0.04920
          -0.67712
          -2.30210
           1.69356
           0.61059
           2.36029
           1.67737
          -0.84210
           0.23127
           0.36064
          -0.72576
           2.49633
          -2.16252
          -2.81185
           4.14765
           1.88119
           0.29103
           0.23059
          -0.43800
          -1.68933
           2.40574
          -0.77387
           3.44736
          -4.16365
          -3.41401
           1.00327
          -0.61047
           0.07664
          -1.17278
           0.83493
          -0.18643
           0.88962
          -2.67906
               NaN
           2.39077
           1.83712
          -0.25536
           0.06493
          -0.65592
          -1.31325
          -1.00311
           0.24645
          -0.22165
           1.36293
           0.84669
           1.04003
           0.82909
          -0.04950
          -1.40893
           3.87075
           3.04303
          -0.92445
          -3.54390
          -1.89488
          -2.62537
          -0.52911
          -2.03709
          -1.77996
           1.70071
          -0.92900
          -1.75979
           1.16560
          -2.80311
           1.37879
           0.07307
           0.07313
           0.28128
          -3.27037
          -0.44390
          -2.96883
          -2.84786
           0.16341
          -0.92785
           1.54924
          -0.51106
          -0.03568
          -0.84905
           1.02911
          -1.01717
           0.07882
          -2.55001
           3.50252
          -2.79246
           4.26387
           0.61628
           2.54786
           1.53679
          -0.11500
               NaN
           0.01893
          -1.43230
          -0.66534
           1.75330
          -1.65014
           0.08203
           3.73660
          -1.65309
           0.59935
           1.50638
          -0.09370
          -0.94185
           0.01677
           1.29225
           2.14357
           1.79072
           2.47972
          -2.24188
          -0.88711
          -0.28545
          -0.39105
          -1.01387
          -2.37662
          -1.31467
          -1.57328
           1.22613
           3.45534
           0.29639
           1.21600
           0.00843
          -0.53595
           0.18818
           1.12310
           1.31559
          -0.80623
          -1.25708
           3.58145
          -2.39482
           2.72336
           2.01847
          -2.64379
           1.25676
          -0.05912
           0.48928
           0.56722
          -0.39661
           1.66525
           0.17819
           1.99924
          -1.16826
          -0.19975
           0.63691
           0.30148
          -1.34417
           0.65610
          -0.24298
          -3.00153
           1.76209
           0.14733
          -1.02542
          -1.13611
           1.19396
          -0.96233
          -1.62889
          -2.92858
           1.96910
           0.11932
          -2.45070
          -0.10043
          -1.61923
          -0.78964
          -1.23892
           2.14060
          -1.01666
           0.12222
           3.87171
          -0.61764
          -0.08274
           1.08534
           0.88282
           0.18630
           1.06579
          -1.50952
          -0.01173
           0.57708
          -0.49432
           1.01069
           0.18020
          -0.58977
          -1.25075
           1.58365
          -1.60594
          -2.67453
           0.41188
          -2.29900
          -1.46402
           1.26129
           1.19614
           0.96930
           3.34337
          -3.54700
           1.04190
          -0.49324
          -0.11544
           0.04843
           1.98893
           0.34038
           1.11090
           1.44374
           0.65388
           1.04225
           2.81126
           1.98252
          -2.43481
           0.82589
           3.47491
          -0.12076
          -2.44527
           0.02082
           0.02252
           3.11559
          -1.79922
          -1.16071
           3.65472
           1.27577
           1.82326
           0.59965
          -0.59441
          -0.15318
           2.78033
           0.55363
          -1.65147
           1.59108
           0.20067
          -2.86590
           0.94260
          -0.95258
          -0.77481
          -1.85935
          -1.80464
          -0.03560
           1.46950
           1.76962
           2.16669
           0.85890
          -0.32360
           0.82353
           0.58928
           1.41058
          -1.22684
          -2.06420
           1.69658
           0.20946
           0.66359
           2.07193
           1.06290
           1.82860
           2.03259
           0.38628
