           0.01328
          -0.02616
          -0.65331
          -0.19254
          -0.53816
          -0.48236
           0.55843
          -0.34850
          -0.01144
           0.25732
           0.78885
           0.23525
           0.08907
          -0.77530
          -0.97325
           0.56332
          -0.72407
          -0.95988
           0.15994
           0.29826
          -0.18498
           0.41285
           0.29318
          -0.45648
          -1.01307
           0.40321
           0.11511
          -0.40274
          -0.25255
          -0.17134
           0.59920
          -0.08065
          -0.51165
           0.49500
          -0.11624
           0.70221
          -0.44700
           0.41611
           0.22471
          -0.60596
          -0.17171
           0.39827
          -0.05219
           0.42365
           0.27031
          -0.05605
          -0.52743
           0.29527
           1.01064
          -0.14446
           0.71470
          -0.04136
           0.49328
          -0.23251
          -0.82703
           0.42084
          -0.31366
          -0.57609
          -0.04127
          -0.05236
          -0.20528
          -0.35929
           0.05686
          -0.61978
          -0.27602
               NaN
          -0.10938
          -0.04701
          -0.06462
           0.31362
          -0.70913
          -0.23069
          -0.33484
          -0.02341
           0.34438
           0.34488
           0.07631
          -0.44552
           0.24389
           0.59219
           0.00354
          -0.34504
          -0.10145
          -0.07889
           0.26681
          -0.59460
               NaN
          -0.42731
           0.27419
          -0.03542
           0.01091
           0.20271
           0.34660
           0.09837
          -0.65769
           0.61528
          -0.33413
           0.91325
           0.66193
           0.38775
          -0.30822
           0.71763
           0.33752
          -0.27438
          -1.03992
          -0.11443
          -0.48100
          -0.25110
           0.46618
          -0.44198
           0.69088
          -0.10801
          -0.59168
          -0.50160
           0.38594
           0.07492
          -0.49687
          -0.17138
          -0.53738
           0.09043
          -0.46898
          -0.02747
           0.05308
           0.14417
          -0.14733
           0.01489
           0.04129
           0.13781
          -0.12456
          -0.40405
           0.14034
           0.72326
           0.29654
           0.04829
          -0.19641
           0.03837
          -0.37943
           0.10880
          -0.64447
          -0.42965
          -0.24538
           0.77376
          -0.04530
          -0.59616
          -0.05733
           0.27048
          -0.63260
          -0.54095
           0.11103
          -0.09326
           0.03697
          -0.05656
           0.32383
          -0.21640
          -0.18225
          -0.70989
          -0.53360
          -0.11954
           0.30205
           0.02443
          -0.53121
           0.19917
          -0.32601
          -0.27622
          -0.54681
          -0.28531
          -0.59450
           0.45633
           0.75113
          -0.33256
           0.05457
           0.13146
          -0.16965
          -0.45728
          -0.47223
           0.30670
          -0.78017
           0.19735
          -0.16272
           0.62342
          -0.07942
           0.07706
          -0.62940
           0.46884
           0.69576
          -0.05321
           0.09263
          -0.62297
          -0.20130
          -0.60119
          -0.28705
          -0.41367
           0.03695
           0.21070
          -1.02719
          -0.45586
          -0.13887
          -0.42409
           0.32681
           0.16549
          -0.29390
          -0.25978
          -0.93602
           0.09885
          -0.21149
          -0.05977
          -0.40770
           0.05773
           0.42230
           0.76406
           0.33008
          -0.28911
          -0.10971
           0.47897
           0.50697
           0.24224
           0.28712
           0.33277
          -0.10133
          -0.15659
           0.23696
           0.36567
           0.42233
          -0.23657
          -0.79076
           0.16896
           0.47848
          -0.06402
           1.04391
          -0.77433
          -0.11096
           1.08719
           0.45728
           0.00280
               NaN
           0.14187
          -0.35242
           0.12509
          -0.44067
           0.64026
           0.25078
          -0.31405
           0.16150
          -0.16183
          -0.72198
          -0.27311
           0.41548
          -0.08716
          -0.11544
          -0.00086
           0.18343
          -0.45012
          -0.36527
          -0.72604
           0.37490
           0.31190
          -0.58695
           0.30560
          -0.54130
           0.35522
          -0.00607
          -0.48165
           0.36850
           0.29839
           0.15513
          -0.56924
           0.01633
           0.09514
          -0.06032
          -0.82781
           0.49038
           0.16743
          -0.38786
           0.37705
          -0.66349
          -0.00699
           0.12539
           0.71843
          -0.79266
          -0.49907
           1.05075
           0.18357
          -0.28616
          -0.38888
           0.61708
           0.10408
           0.30914
          -0.79817
          -0.09457
           0.26710
          -0.63514
          -0.54814
          -0.03450
          -0.16985
          -0.39581
           0.24547
           0.47417
          -0.40503
           0.06005
           0.66194
          -0.59114
          -0.98986
          -0.18436
          -0.36609
               NaN
           0.12753
           0.27022
           0.33927
          -0.22105
           0.72667
          -0.04062
          -0.55781
           0.01921
          -0.52599
          -0.16018
          -0.53436
           0.24892
          -0.04917
          -0.32636
          -0.79231
           0.01670
          -0.68099
          -0.08601
           0.11736
           0.58167
          -0.49221
          -0.07421
          -0.78794
           0.59519
           0.40241
          -0.28678
           0.15367
           0.11392
           0.17074
          -0.02626
           0.55942
          -0.62282
          -0.41850
          -0.00796
           0.08627
           0.17375
           0.36085
           0.57674
           0.10440
           0.08787
           0.32907
          -0.11581
           0.26317
          -0.24156
          -0.82162
          -0.51408
           0.03314
           0.01732
          -0.07174
          -0.17370
           1.05838
          -0.40044
          -0.41919
           0.18748
           0.14356
          -0.08599
           0.88842
          -1.01747
           0.11803
           0.77887
           0.11288
           0.69816
           0.06173
           0.33665
           0.07012
          -0.15076
          -0.68831
          -0.46029
           1.00281
          -0.22611
           0.11547
          -0.63166
           0.33664
           0.42312
          -0.36783
          -0.06613
           0.14383
          -0.13353
          -0.29816
           0.15584
          -0.00596
          -0.58443
           0.08861
           0.33949
           0.10119
          -0.00762
           0.36012
          -0.01049
          -0.01864
          -0.90319
          -0.49404
          -0.14889
           0.19199
           0.40654
          -0.29013
           0.09863
           0.39532
          -0.69250
          -0.04233
          -0.10655
           0.21488
          -0.13637
          -0.04219
               NaN
           0.35482
          -0.31717
           0.32652
           0.13188
           0.66228
           0.10330
          -0.51097
           0.46778
          -0.73677
           0.28565
          -0.16334
          -0.14487
           0.07030
          -0.23702
          -0.39813
           0.37761
          -0.32899
           0.52614
           0.78107
           0.14271
          -0.35315
           0.60176
           0.11881
           0.17187
           0.49095
          -0.28733
           0.19478
           0.27073
          -0.47427
           0.52509
          -0.18436
           0.51087
           0.21726
           0.47053
           0.26387
           0.63322
          -0.20193
          -0.47420
           0.22352
          -0.02332
           0.63124
           0.25394
          -0.28697
           0.09693
           0.03003
           0.30365
          -0.43452
           0.11724
           0.36554
          -0.78203
           0.04665
           0.33320
           0.04183
           0.74386
          -0.49666
          -0.28314
          -0.18776
          -0.00295
          -0.23026
           0.01426
          -0.10102
           0.72965
           0.07215
          -0.21254
           0.42125
          -0.23349
           0.84526
          -0.53638
          -0.06705
           0.55097
          -0.79957
          -0.70768
          -0.28918
           0.24371
          -0.80169
          -0.37122
           0.48928
          -0.09216
               NaN
           0.17558
           0.50730
           0.32598
          -0.14736
          -0.17244
           0.28375
           0.05987
          -0.30696
           0.04641
           0.78165
           0.34195
           0.17526
          -0.30152
          -0.18408
          -0.16297
          -0.06116
          -0.04587
           0.81221
          -0.24676
           0.79095
          -0.03080
          -0.09549
          -0.38615
          -0.30816
           0.28633
          -0.36704
           0.49265
          -0.43873
           0.13432
           0.29607
           1.03110
           0.36912
          -0.15794
          -0.17317
           0.90163
          -0.13000
          -0.19483
          -1.08023
           0.05297
          -0.61625
          -0.32566
           0.25476
          -0.31986
          -0.23334
          -0.01839
           0.36424
          -0.13907
           0.15724
           0.00261
           0.61714
          -0.17817
           0.00448
           0.30237
          -0.13069
           0.77565
          -0.10992
          -0.08743
           0.31362
           0.22255
           0.03398
           0.56933
           0.29491
          -0.48269
           0.07919
           0.57765
          -0.18155
          -0.07332
          -0.53697
          -0.17115
          -0.38578
          -0.78161
           0.07517
          -0.73974
           0.19343
           0.36256
           0.02248
          -0.30719
           0.40006
           0.38330
           0.44064
          -0.49382
          -0.10391
          -0.18507
          -0.16470
           0.62206
           0.17919
          -0.08107
           0.13758
           0.38003
           0.34013
          -0.53723
           0.33891
           0.23648
           0.90727
           0.71712
           0.27800
          -0.84371
          -0.22232
          -0.44678
           0.10618
           0.26307
           0.19318
          -0.06263
           0.01554
           0.02807
           0.05132
          -0.25454
           0.06210
           0.29322
          -0.18976
          -0.02042
           0.15932
           0.05454
          -0.44095
           0.14134
           0.25207
          -0.08776
           0.03650
          -0.60900
          -0.28173
           0.50447
           1.00441
           0.03628
          -1.03917
           0.05638
           0.41208
          -0.67424
          -0.35886
          -0.54682
          -0.73692
           0.04089
          -0.26531
           0.04222
          -0.29836
          -0.49877
          -0.12437
          -0.18167
          -0.07422
          -0.44374
           0.40927
           0.25930
          -0.31569
          -0.01351
          -0.14696
          -0.14235
          -0.15722
           0.56962
          -0.30965
           0.63596
          -0.19812
          -0.72241
          -0.28504
           0.45120
          -0.96799
          -0.10477
          -0.85608
           0.32568
          -0.67159
          -0.10291
           0.29144
          -0.05524
          -0.15612
               NaN
          -0.08451
          -0.15470
          -0.12494
           0.64453
          -0.37863
           0.11445
          -0.73426
          -0.21728
          -0.20679
           0.35690
           0.02119
           0.04651
           0.16114
          -0.18980
          -0.41468
          -0.23378
          -0.05835
          -0.46698
          -0.30421
           0.56728
           0.00182
          -0.11619
          -0.58753
          -0.25356
           0.10413
           0.02242
           0.18039
          -0.15169
          -0.37716
          -0.07337
          -0.37892
           0.12517
           0.08356
           0.45653
           1.05499
          -0.72291
          -0.76165
          -0.46740
          -0.62673
          -0.18106
          -0.22877
           0.09312
           0.09358
           0.48939
          -0.41395
          -0.12328
           0.20377
          -0.60961
          -0.32609
           0.46263
          -0.31515
          -0.23785
          -0.05533
          -0.22186
          -0.42207
          -0.51120
           0.26300
           0.30819
          -0.05367
           0.37924
          -0.14726
           0.00227
           0.02685
           0.24018
           0.34299
          -0.54020
           0.35721
          -0.34895
          -0.02085
           0.79123
           0.02057
           0.92667
          -0.38930
          -0.41306
           0.16205
          -0.01018
          -0.27087
           0.60526
          -0.25016
          -0.26788
           0.40426
          -0.02647
           0.78285
           0.05711
          -0.66183
          -0.08944
           0.46326
          -0.04605
          -0.41381
          -0.13841
          -0.09749
           0.23641
           0.52698
           0.07096
          -0.41372
           0.62025
           0.22208
          -0.17965
           0.31358
           0.77053
          -0.22244
          -0.01394
           0.39052
           0.31432
           0.06200
           0.20459
          -0.56338
           0.06057
           0.25836
          -0.00335
          -0.69022
          -0.11065
          -0.06905
           0.09890
          -0.05804
          -0.19911
           0.39127
          -0.17635
           0.37278
          -0.26315
          -0.19694
           0.45315
           0.72944
           0.09970
           0.05433
           0.39311
          -0.66943
          -0.31204
           0.49511
           0.50114
          -0.16865
          -0.36480
           0.45764
           0.72829
          -0.34983
           0.54332
           0.38508
          -0.42398
          -0.37656
          -0.09039
          -0.31515
          -0.64581
          -0.09887
          -0.92963
           0.37149
          -0.02423
          -0.53114
          -0.26894
           0.41003
          -0.14967
          -0.52959
          -0.46006
           0.19619
          -0.36096
          -0.25455
          -0.36797
          -0.06821
          -0.06728
          -0.18077
           0.11044
          -1.10856
          -0.18855
          -0.11167
          -0.42463
          -0.09765
          -0.80949
           0.45086
          -0.52680
          -0.39618
           0.11558
           0.03736
           0.01777
           0.04521
           0.20119
          -0.67483
          -0.14354
           0.04038
          -0.22276
           0.08874
           0.19198
           0.20661
          -0.14957
          -0.29908
          -0.43107
           0.12073
          -0.41789
          -0.17193
           0.08921
           0.44406
          -0.07890
          -0.58212
           0.70527
          -0.06412
          -0.13691
           0.00886
           0.05483
          -0.87007
          -0.07983
           0.21538
           0.04973
          -0.20411
           0.21046
           0.29423
           0.61143
          -0.10066
          -0.04849
          -0.10731
           0.35318
           0.27160
          -0.15743
           0.47099
           0.11004
           0.06019
           0.67828
           0.40857
          -0.01844
          -0.01652
           0.00093
           0.08585
          -0.81115
          -0.72061
          -0.45182
          -0.18567
          -0.60495
          -0.64166
           0.62913
          -0.21375
          -0.13646
          -0.06157
          -0.03275
          -0.27795
          -0.07125
          -0.12869
          -0.54676
          -0.35905
           0.02937
           0.56133
          -0.67789
           0.14881
           0.08244
          -0.79002
          -0.73080
          -0.02270
           0.09526
           0.08339
           0.41418
           0.03775
          -0.29623
          -0.00289
           0.09769
          -0.15531
           0.42603
          -0.02234
           0.24979
           0.47358
           0.14144
          -0.45592
          -0.15162
          -0.38897
           0.23294
          -0.96547
          -0.22444
           0.08222
           0.17345
           0.39764
           0.50756
          -0.03832
           0.04876
          -0.39616
           0.23515
           0.50561
           0.43055
           0.32009
          -0.58904
          -0.21804
           0.53250
          -0.13678
          -0.22582
          -0.24538
          -0.43284
           0.57314
           0.00025
           0.42826
           0.08099
           0.24451
          -0.20520
          -0.31225
          -0.55451
           0.15455
           0.54703
          -0.11589
          -0.29588
          -0.33265
          -0.28494
           0.06660
           0.00024
          -0.01818
           0.47829
          -0.14507
          -0.22558
          -0.36666
          -0.81341
          -0.64419
           0.02824
          -0.31631
           0.46474
           0.24147
          -0.69469
           0.00023
          -0.35433
          -0.51970
          -0.06107
          -0.33707
           0.66263
           0.71663
          -0.79871
           0.22441
          -0.70747
          -0.82600
          -0.07514
          -0.66801
          -0.81914
          -0.51437
           0.05953
          -0.08511
          -0.31138
          -0.05807
          -0.72173
          -0.23042
          -0.31458
          -0.44109
           0.64475
          -0.87902
          -0.16076
           0.27531
           0.40210
           0.17742
          -0.34491
          -0.48555
           0.01104
               NaN
          -0.06422
           0.12146
           0.73243
          -0.27173
           0.46298
           0.22222
          -0.38441
           0.48011
          -0.41710
          -1.20797
          -2.42148
          -1.20784
          -0.95365
          -0.97049
           1.12354
           0.49592
          -0.07036
           0.81257
          -2.81552
           0.61051
          -0.20557
          -1.15719
          -1.02909
           0.17064
          -1.30676
           0.01227
          -1.70646
          -0.55627
          -2.61471
          -0.38959
          -0.82373
          -0.85408
          -0.11876
           0.03504
          -0.25741
          -0.26005
           1.93978
           0.05347
          -2.66060
           0.75082
          -1.10485
          -1.78083
          -1.86421
           0.91638
          -0.46779
           1.65481
           1.35088
           0.43935
           1.94415
          -0.95341
          -0.67761
          -0.36580
           0.43291
           0.08248
           0.99253
           1.06420
           0.46081
           0.25212
           0.03551
          -0.69133
           1.09038
          -2.29918
           0.92674
           2.06959
          -2.26225
          -0.49639
          -0.52858
          -0.68577
           0.65501
          -0.15829
           1.08538
           0.11122
          -0.55822
          -0.08316
           1.94636
          -0.34977
          -1.46820
           0.61084
          -0.99949
           0.33098
          -0.65915
           0.28442
          -0.35349
          -1.93878
           0.46520
           0.08293
           1.80173
           0.98250
          -0.91940
           0.44747
          -0.10342
           0.08998
          -0.08159
          -0.23766
           0.54413
          -1.02334
           1.67920
           0.83433
           0.90197
          -0.07071
          -1.01973
           0.42030
          -0.86699
           0.09111
          -0.94465
           0.11204
           2.00146
           0.37404
           0.43518
          -0.21367
          -0.82721
          -0.84688
           0.14949
          -0.71388
          -0.55331
           1.80806
           1.39751
           0.77278
          -0.36474
          -0.16038
          -0.90384
          -0.85032
          -2.09681
          -0.41425
           0.42436
           0.36499
          -1.13611
          -0.61805
           0.53518
          -1.17817
          -1.10299
          -1.03702
          -0.29596
           0.08330
          -0.70419
           1.68552
          -1.89124
          -0.73558
          -0.04828
          -0.27957
          -0.52134
           0.07412
          -1.18210
           0.66566
          -1.01213
           0.35655
          -1.64078
           0.29199
          -0.93395
           1.04350
          -0.34185
          -0.11611
          -0.30183
          -0.05451
           0.11252
           0.77600
          -2.38498
          -0.40252
          -0.33418
           2.03475
           0.51523
           0.88074
           0.05792
           0.98927
          -0.21542
           1.52466
           1.06943
          -0.20594
          -1.96464
          -2.05987
          -0.60463
           0.97369
           0.13623
          -1.71611
           1.67051
           0.80416
           1.38359
          -1.72784
           0.00672
           0.58670
           0.38210
          -1.35663
          -0.48861
          -0.53177
          -1.07156
           1.05815
          -2.21859
           0.77311
          -0.94338
          -0.92106
           0.48233
          -0.71641
          -0.01838
          -1.74905
          -2.19151
          -0.08423
          -1.85803
          -1.07721
          -1.10973
          -0.21111
          -0.11923
          -0.05679
          -1.70064
           0.47884
          -1.31509
           0.25048
           0.10584
           1.08817
          -0.55774
          -0.12347
          -1.58741
          -1.24840
          -1.48491
           2.44379
          -0.74297
           1.09960
          -1.89991
          -0.41493
          -2.12694
          -0.16858
          -1.65718
           0.26344
           0.42409
           0.21113
          -0.30376
           1.19246
           0.61750
           0.37540
          -0.60370
           0.61074
          -0.82544
           1.32877
               NaN
           0.58046
          -0.50412
           0.45698
          -0.10545
          -0.25026
          -0.89378
          -0.31506
           0.79016
          -0.52129
           1.61336
          -2.04194
           0.81098
          -0.68895
           0.37913
           0.64212
          -0.27115
           0.54510
          -1.49745
          -0.72473
           1.51268
           0.42770
           1.49751
          -0.57416
           0.32600
          -2.52649
          -1.47226
           1.36525
          -0.30178
           0.34393
          -0.08307
           0.31400
           0.11503
          -1.02688
           1.18632
           2.01691
           2.53130
          -0.01548
          -2.03851
           0.57860
          -1.40978
          -1.96901
           0.80423
           0.48782
          -0.71346
          -2.64786
          -0.21528
           0.92899
           1.38295
          -1.39897
           1.57876
          -0.31002
          -1.76413
           0.19123
          -1.45863
          -2.05450
          -0.81957
           1.50247
          -0.06082
          -0.05684
          -0.51043
           0.33335
           1.54583
           0.39063
          -0.30907
           1.22823
          -0.59275
          -0.07391
           1.41197
          -1.00253
          -1.64919
           2.54957
           0.29974
          -1.22075
          -0.59463
           1.44696
           1.17021
           0.09136
           0.20449
           0.07855
           0.16271
          -1.18454
           0.26236
           1.86559
           2.28106
           1.13551
          -0.59480
          -0.64546
          -1.22136
          -0.80348
           2.72812
          -1.52496
           0.16836
          -2.33662
           0.85948
           1.35579
          -1.07746
          -1.42863
          -1.39665
          -2.58341
           0.21582
           0.64727
          -0.27521
           0.23920
           0.70430
           1.49111
           1.63928
          -1.03343
           0.85500
           1.65472
          -0.39494
           0.17919
          -0.07479
          -0.56580
           0.90938
          -1.47321
           0.93682
          -0.06114
          -0.49336
          -0.04405
           0.32350
          -0.25595
          -1.49181
           0.04125
          -1.06055
           0.40643
          -0.77627
          -1.40061
          -0.13531
           0.51282
           0.62421
           0.33196
          -0.55269
          -1.43876
          -0.33482
           0.68414
           1.20204
           0.52500
          -2.75938
          -0.14866
          -2.62143
          -1.58968
          -1.40905
          -0.22023
          -0.77418
          -1.27468
          -1.68633
          -0.99260
           1.19854
          -0.04560
          -0.09721
          -0.78024
          -0.33458
           1.06319
          -1.07252
          -0.73821
          -0.84639
           0.57579
          -0.33326
          -1.64658
           0.16423
          -1.13525
          -1.20495
          -1.39066
          -0.62558
          -0.82863
           1.16064
          -1.59049
           1.15091
          -0.46445
           0.83456
          -0.62257
          -0.68472
           0.93278
           1.45648
           0.53830
           1.73328
           0.72484
          -0.68745
           0.18515
          -0.07375
           2.17850
           0.13874
           1.32257
           1.53540
           1.09924
           0.59214
          -0.61645
          -1.13758
           0.10749
           0.27760
           2.16492
          -0.64761
          -0.83530
          -0.30231
           1.29266
          -1.83619
           1.26512
           1.31925
           0.92965
          -1.85853
          -1.36277
           1.82007
          -0.93790
          -0.41316
           0.78947
           0.14575
           0.08937
          -1.91711
           0.73280
           0.25748
           0.55317
           0.05987
          -0.69938
          -0.75433
           1.31693
               NaN
          -1.14862
           1.19975
          -2.40234
          -1.17927
          -0.92917
           0.33356
          -0.31443
           0.78015
          -0.51218
          -1.39964
          -0.92094
           0.08689
          -1.93257
           0.75814
          -1.05241
          -0.85483
           0.03879
           0.95909
           1.23930
          -1.85770
          -0.65581
           0.73435
           1.63131
           0.05291
          -0.50869
           0.90934
          -0.15021
          -0.25688
           1.93011
           0.96548
           0.42550
           0.96845
           0.46637
           0.98439
           0.21970
          -0.76482
           2.91286
           0.66951
           0.11067
          -1.46909
          -0.94268
          -1.18563
           1.28196
           0.76982
           1.27834
           1.37859
          -0.24064
           0.21409
           0.30553
           0.78319
           0.34943
          -1.39844
           1.74794
          -2.68384
           1.10046
           1.53239
          -0.58771
          -1.58405
           0.41826
          -0.29713
          -2.44790
          -0.67674
          -0.64197
           1.69232
          -0.57300
          -0.48739
          -0.34083
           0.05058
          -0.33913
           2.08967
           0.91404
          -1.15912
          -0.24644
          -1.85183
          -0.63676
          -0.84092
           1.48283
          -1.81576
           0.92881
           0.74287
           0.36043
           0.99207
           1.31059
           0.36015
          -1.04521
          -0.97558
          -0.14472
           0.53993
           1.32689
           0.98773
          -0.76169
           0.54997
           0.76959
          -0.04145
           0.15507
          -0.15996
          -1.63212
           0.10669
           0.03557
          -1.70968
           0.97838
           0.94617
          -0.63205
           2.52566
           0.16037
          -2.11777
          -1.22744
          -0.09131
           1.33905
           0.26436
          -0.65138
           1.06157
          -1.30937
          -1.05040
           0.95475
           0.20428
           1.09952
           0.69704
           0.18996
          -1.72120
          -0.95390
          -1.11096
          -0.40961
          -0.74022
           1.29839
           0.68520
           0.16485
           1.58170
          -2.16258
          -1.38180
           0.82247
          -2.47845
          -1.84327
           1.74357
           1.74659
          -0.57965
           2.15990
          -0.47073
           0.04259
          -0.29657
          -1.19456
           1.59169
           0.82615
          -1.20702
           0.11042
           1.23478
           1.25132
          -1.55220
          -0.63554
          -1.82970
           0.23097
          -0.60196
          -0.12888
          -1.37476
          -0.18746
          -1.19579
          -0.68732
           0.86236
          -0.15512
           1.08689
           0.60096
           1.34944
          -0.80387
          -1.55008
           0.16830
          -0.24756
           0.92382
           0.10317
           0.74408
          -0.20283
          -1.77514
          -0.43132
          -0.15910
          -0.16738
          -0.14201
           0.49789
           0.66677
          -0.74846
          -1.02861
          -0.33844
          -1.18977
          -0.25795
           0.02842
           0.22969
          -0.69109
          -0.24411
           0.77311
           1.40060
          -1.25995
          -0.98772
           0.39958
          -0.62936
           0.13899
          -0.81823
          -0.38862
           1.13932
          -1.24569
           0.81411
          -1.46281
          -1.06376
          -1.29362
           0.67274
          -0.49474
           1.02169
          -1.45565
          -0.13795
          -2.02913
           0.67080
           1.20056
          -1.77017
           0.62868
          -0.81632
          -0.16422
           1.53937
          -0.34797
          -0.11099
          -1.50893
          -1.40513
               NaN
           0.91311
           0.76836
           0.87284
           1.23111
           0.27065
           0.61324
          -0.36820
           0.80629
           0.04445
           0.34468
           1.16066
           0.80819
           0.22585
           0.49128
          -0.27156
          -1.73064
          -0.74232
          -0.43959
          -0.84064
          -0.47903
          -0.42473
          -0.05288
           0.30351
           0.61144
           0.28831
          -0.44599
          -1.97826
           0.40030
          -0.33022
          -0.42408
          -0.79272
          -0.35294
          -1.18885
          -0.74971
           0.59206
          -0.83588
          -1.57316
           1.70296
          -1.19810
          -0.60357
           0.97741
          -0.09533
          -1.37929
           2.30096
          -1.21307
          -0.92195
          -0.03359
           0.50947
          -0.94972
           0.81199
          -0.91766
           0.07313
           0.61805
          -0.46175
           2.43113
           2.34664
          -0.82226
           1.51899
           0.05965
          -1.44891
           0.53706
           0.96138
          -1.25014
           0.41321
          -0.56219
           2.16157
           1.29899
          -1.13557
           0.30915
          -1.53618
          -1.69784
          -0.58051
           1.50258
           0.57566
          -0.33414
          -1.13816
           0.35703
          -0.75061
          -0.85199
          -0.06101
           0.47562
           0.52058
           0.91069
          -0.38926
          -1.61559
           0.36457
           1.73016
          -0.16468
           0.82554
          -0.38892
           0.91883
          -1.02322
          -0.48218
           0.85008
           0.76087
          -0.77891
          -0.50110
           0.24524
          -0.29332
          -0.73973
          -0.40951
           0.64157
          -0.26342
          -0.79813
           0.76694
          -1.76796
          -2.25260
           0.21686
           0.20821
          -0.18711
           0.35800
          -0.01200
          -0.55299
          -0.30378
           0.86031
               NaN
          -0.55718
          -0.70706
           2.40533
           0.56090
          -1.04264
          -0.80864
           1.15707
           0.73709
          -0.48624
           0.99673
           2.45304
          -1.17498
          -1.71324
           0.91780
           0.38042
          -0.12091
          -1.22903
           2.69091
          -0.70687
           0.77664
           1.55526
          -1.71133
           1.15272
          -0.24741
           0.02470
           0.19529
          -1.77880
          -0.53199
          -0.86863
           0.59037
          -1.02363
          -0.97216
           0.19360
           0.02339
           0.04673
          -1.15663
          -0.05793
          -1.09763
           0.56198
          -1.76883
           0.36228
          -0.16292
           1.25626
          -0.30067
          -1.38360
           0.52114
          -0.01336
           0.80067
           1.78320
           1.19528
          -0.63609
          -1.20617
          -0.11144
          -1.56954
           1.01185
          -0.54708
           1.78646
           1.55731
          -1.52786
           1.38002
          -0.45394
           1.80272
           0.36768
           0.16276
          -0.82561
          -0.43982
           1.18099
          -1.11687
           0.46605
           0.20500
           1.06489
           0.31056
          -0.28615
          -0.92677
          -1.55122
          -1.15487
          -1.04853
          -1.01965
           1.12625
           0.34986
           0.39846
          -0.60225
           0.63170
          -1.04993
          -2.60558
          -1.58954
          -0.78643
           0.24539
          -0.66846
          -0.16912
           0.08007
           0.50582
           0.15652
           0.03673
          -0.53334
           0.72816
           1.36001
          -0.15804
           1.23414
           1.23224
          -2.05464
           1.38559
           1.02698
           0.96982
           0.64125
           1.00218
          -1.46994
          -0.12824
          -0.21444
          -1.86913
          -0.00497
           0.81936
           0.90731
           0.24291
          -0.50359
          -0.73529
           1.84831
          -2.43180
           0.66693
          -0.45574
           0.61991
           1.42393
          -0.76154
          -2.02684
          -1.69344
           0.28831
           0.55226
          -0.74579
          -1.46410
          -1.59140
           0.77418
          -0.00855
          -1.25941
           0.56309
           0.16531
          -0.26508
           0.74525
          -0.19996
          -0.14717
           0.51302
          -0.96209
           1.48916
          -0.16101
           0.71955
          -0.89010
           1.33763
          -0.64680
          -0.65138
          -0.23439
           0.81989
          -0.07502
           1.79711
           0.11900
          -0.36827
          -1.21695
          -0.24262
          -1.11939
          -2.04998
           1.37175
           0.88076
           0.40021
           0.27792
          -0.27932
           0.19406
           0.33484
          -1.86678
          -0.16709
          -0.05549
           0.56659
           0.64687
           0.07047
          -2.27986
          -1.22876
           0.05296
          -0.24043
          -0.09753
           0.64867
          -1.51321
           0.46917
           0.85141
          -0.33199
          -0.84336
           0.60806
          -0.40803
          -0.85184
           0.57233
          -2.11363
           0.06475
           1.58515
          -1.59528
          -2.07830
           1.84862
           1.43843
          -1.05963
          -0.41358
          -0.55688
           1.23204
          -0.90302
           0.86512
           1.44816
          -0.27306
               NaN
           0.49444
          -1.45410
          -0.74125
          -1.03773
          -0.56460
          -2.11692
           0.48390
           0.61160
           0.88718
           0.74869
          -0.49746
          -0.27915
           0.94913
          -0.57651
           0.26747
          -1.18406
           0.27152
           1.69807
          -0.76765
           1.09469
           1.83245
           2.82980
          -0.46369
          -1.05976
           1.03946
          -0.13600
           1.99376
           1.64023
          -1.98299
           2.41146
           0.02614
          -0.61554
               NaN
          -0.69593
          -0.70979
           3.01228
           4.17677
          -2.97315
           2.55964
           5.20467
          -2.58912
          -2.18854
          -1.64014
          -2.67150
          -2.43601
           1.63118
           5.36153
          -2.21733
          -0.89505
           1.98762
           3.34449
           1.00070
          -5.91283
           1.19388
           1.66222
          -4.47831
          -1.22888
          -2.99164
           1.96078
          -0.68779
           0.09547
           3.74157
           2.92415
          -3.13410
          -0.40208
          -2.69616
          -1.06883
           0.40512
           3.87947
          -0.57550
          -5.21311
           1.03233
          -3.92385
          -0.46059
          -1.65104
          -1.06748
           5.47478
          -0.31794
          -0.60519
           2.64146
          -0.26686
          -0.39706
           1.80338
           1.81699
           0.76974
           3.48825
           0.97492
               NaN
           2.53509
          -0.06259
          -1.13595
          -1.11310
           2.85330
           1.61416
           1.16108
           0.42393
          -2.26986
          -3.76703
           0.05964
           2.55159
           0.48462
          -2.34635
          -0.91299
           2.34198
           0.46094
           0.52337
          -1.53761
           3.00953
          -5.68265
           1.31607
           0.14286
           1.03260
           0.85545
          -1.16145
          -2.90433
          -0.11317
           2.74013
          -3.34785
           0.88201
          -4.99761
          -1.73736
          -1.74023
           2.12277
          -4.19568
          -2.63360
           0.64808
           5.78143
          -0.10032
           2.03433
           3.21423
          -1.22498
           3.27168
          -4.17948
           0.43360
           2.33318
           1.84657
          -4.17562
          -0.79472
           3.15622
           1.28912
           1.76300
          -1.10365
           3.09122
          -1.02347
          -1.38988
          -1.84269
           0.48889
           0.04493
          -0.94681
           0.92760
          -1.21974
           1.51831
          -0.79370
          -4.29735
          -2.14934
          -0.12308
          -0.10144
           0.44683
           1.07925
          -0.23257
           1.83853
           2.64512
           0.40002
          -3.27029
          -0.10036
           3.16163
           0.06816
          -1.52592
           3.54947
           3.74229
          -2.99729
           0.09994
          -0.52232
           2.36700
          -1.29353
           2.07345
           1.07891
           4.88887
           2.69523
           2.16835
          -0.61531
          -0.31582
           0.89410
          -3.13916
           1.18563
           2.49430
           3.15391
          -0.19437
           4.94216
          -1.71169
          -2.83958
           0.04430
          -0.30679
          -0.09750
           1.38964
           1.12206
           2.06061
          -2.18992
           3.13699
          -0.02260
          -1.34664
          -2.68134
          -0.49715
          -1.36139
           3.92912
          -3.26663
          -3.88815
          -1.45010
          -2.68698
           3.33620
          -0.78067
           2.15470
           0.46505
           2.03835
          -0.30616
          -1.23836
           3.80318
           2.99489
          -0.57084
           2.55180
          -1.72454
           0.16495
           1.03665
           1.28667
           3.43768
          -1.78425
          -0.35269
           2.78895
           1.46688
           0.80099
          -4.20698
          -4.64889
          -3.90858
           1.39838
          -1.05967
          -2.40281
          -2.41415
          -1.13614
          -1.90163
          -0.67088
           1.17754
           1.24472
          -1.87663
          -1.38327
          -3.14261
           2.68525
           0.47707
          -0.35411
          -3.15155
           0.81059
          -5.90387
           3.93376
          -0.27860
          -6.38936
          -1.78256
          -0.54695
               NaN
          -2.80827
           2.77753
          -1.38892
           2.80044
          -2.94828
          -1.59574
           2.27217
          -2.36020
           0.14573
           5.52097
           1.97460
          -0.84637
          -0.09547
           0.96235
          -2.52065
          -2.48258
           3.87303
           1.67039
           4.29379
          -2.09124
          -1.43171
           3.32986
          -2.67021
           4.17597
           0.02182
           2.56517
           2.62830
          -4.04812
          -1.09731
          -2.21688
           1.07677
           0.70905
          -0.04140
          -0.39678
           1.71829
          -2.90077
          -0.00225
           3.53424
          -3.45027
           5.25570
          -0.24519
          -2.45050
          -3.79962
           2.76644
           0.59759
               NaN
           0.48499
           1.48791
           2.06456
          -3.93758
          -0.23148
          -0.20383
           4.76609
           0.21436
          -0.27341
           2.87330
           2.94138
           1.61963
          -0.06880
           0.48082
           1.20250
          -2.28210
           0.96419
          -0.93591
          -2.25535
           4.41434
           5.46965
           1.20428
           2.08198
          -6.23704
          -1.79891
          -1.24853
          -0.04349
           3.50302
          -2.94806
          -0.36479
           2.44160
          -1.30951
           2.02516
           3.63435
           1.33508
          -1.21035
          -2.07733
           2.64888
           5.76962
          -1.16038
           2.21724
          -0.93282
          -3.20170
          -3.01672
           3.35160
           0.14327
           4.54367
          -2.63768
          -0.77503
           3.25611
          -1.81530
           0.20861
           0.71105
          -0.24840
          -2.92276
           3.33874
           1.78131
           0.95603
          -1.94001
          -0.03916
          -2.04424
          -3.67248
          -0.63823
          -0.13081
          -2.07333
          -0.88048
          -1.39857
           0.24000
           4.85953
           1.99136
          -1.56211
          -0.22112
           0.90963
           1.61156
          -5.59388
           1.64602
           0.82682
          -1.37684
          -0.11957
           1.67929
          -4.44262
           2.61180
          -0.81626
               NaN
          -2.20338
          -5.23991
          -0.57383
          -2.62524
          -1.65069
          -0.87612
           2.70653
           3.73601
          -5.62369
           1.15175
          -1.40640
           3.09361
          -0.82527
          -3.39464
           1.24512
          -0.46891
          -0.22463
           0.41553
          -0.03314
          -0.68735
          -1.08978
           1.96450
          -1.85894
          -2.45024
          -1.40087
           1.19399
          -3.55050
           1.20368
          -0.35732
           5.76401
           2.08687
           0.14902
          -0.13851
          -0.80132
           2.15989
           1.21185
          -1.46871
           3.08220
           0.44217
           0.52117
           0.97313
           0.93383
           1.62797
               NaN
          -0.84406
           2.35926
          -2.39673
          -1.86704
          -3.56829
          -0.27836
           5.00816
          -3.21255
           3.17424
          -1.85221
           2.20501
          -1.06320
           0.89801
           2.64488
           3.13145
          -3.92116
           0.40474
          -1.15952
          -5.23610
          -1.18331
           2.75107
          -3.18850
          -0.52954
          -2.84172
          -2.00536
           1.86002
          -0.46066
          -1.44176
           1.85894
          -3.59605
           2.33093
           0.17758
          -2.32852
          -1.45926
          -3.82952
          -4.66542
           0.18195
           2.92935
          -1.54962
           0.92060
          -4.01148
          -2.80448
           0.63189
          -0.42320
          -2.08378
          -0.94490
           1.29213
          -1.50422
          -1.99551
           5.23285
           0.99288
          -3.64813
          -0.88881
          -3.39583
           4.38165
           1.58806
           0.52974
           0.90666
           1.13964
          -0.35115
           2.51652
          -3.14964
           0.01306
           2.15262
          -1.89689
           2.26666
          -4.44519
           2.13312
           3.31913
          -2.41887
           4.45177
           2.35135
           0.62868
          -2.52681
           5.69937
           2.81995
          -1.47533
           1.89960
           6.32803
          -0.73058
          -2.48263
          -1.03095
           1.16347
          -0.44479
           0.15706
          -3.00597
           2.79575
           1.34804
          -4.91866
          -3.40911
          -0.54303
           1.35921
          -1.44827
           0.21442
          -0.29724
           1.94595
          -5.03829
           0.84282
          -4.74326
           0.21120
           0.20228
           4.22457
           2.60840
          -2.73327
           1.81460
          -4.53284
           1.77792
          -1.57961
          -0.18293
               NaN
          -1.12555
           1.60368
           1.30311
          -4.08635
           2.03364
           1.42749
           4.72007
          -1.26927
           3.24338
           2.30891
          -0.10972
           2.78580
           0.52332
           0.64346
          -1.23830
           0.74919
          -0.69325
          -0.17822
          -5.01257
           1.10585
           0.01663
          -3.35520
           1.69936
          -3.41798
          -0.03866
           3.00949
          -1.54027
          -3.28942
          -1.41914
          -3.25882
          -0.31322
           2.92077
          -1.09624
          -2.16985
          -0.32241
          -0.65697
           3.90734
           1.13430
           3.22252
           4.95459
          -0.22614
           2.25779
          -2.01511
          -3.11030
          -0.54520
           0.91920
          -0.94632
          -1.45067
          -2.28608
           4.34628
          -1.54359
          -0.34306
           1.75492
          -5.84354
          -2.80519
           2.26308
           0.96661
          -2.62703
           0.21934
           2.44806
          -1.82620
          -1.60708
          -6.20596
          -2.45798
          -0.71696
           3.30829
           1.34925
           3.71303
           0.65892
          -2.96273
          -1.70145
          -1.46884
           0.12408
          -0.73590
          -0.41503
           0.05052
          -0.54568
          -2.77345
           0.34513
           1.00006
          -1.02620
           0.77421
           3.03202
           0.55537
          -2.19900
          -1.08298
          -0.04541
           3.07863
           2.47753
          -2.70482
          -4.88644
          -0.38780
           3.75546
          -0.75113
          -2.43002
           3.50673
           1.83867
           3.48603
           4.69356
          -0.98709
           0.39121
          -0.54175
           0.40607
           2.44913
           0.69697
           1.29002
          -0.26661
           2.20927
          -1.51538
          -0.03301
           0.46369
          -0.92124
           1.22164
           0.17935
           1.01479
          -3.91699
           1.28365
          -2.42396
          -0.16283
           4.77774
           0.12762
          -3.55267
           3.88108
           1.23679
           4.13413
          -0.79218
           2.13437
           0.44952
          -3.57962
           0.98999
           2.05641
           4.87241
           1.09614
           0.01230
           0.52346
          -2.10894
           1.71819
          -0.73051
           2.41796
          -0.23816
          -2.17010
          -1.04717
           0.65925
           0.59882
           0.34336
           1.35880
           2.89253
           0.91965
           1.13192
           2.62879
           2.03752
          -1.98696
           0.80404
           0.86228
           3.77320
           1.15724
          -2.28689
          -0.85668
          -1.40551
           0.02402
           1.58865
          -0.03012
           2.02013
          -0.39533
           0.13189
          -2.20748
          -6.32619
           1.86647
           4.57935
           2.20047
           2.95447
           0.23242
           0.88355
          -1.65741
          -1.27451
          -2.11421
           1.41733
          -0.88588
           0.55379
           2.09665
           1.17004
          -1.62271
           1.63365
          -0.08627
           2.59903
           0.00985
           1.35406
           2.74228
          -0.93121
          -2.65204
           1.11244
          -2.98092
           0.86879
           0.60392
          -0.53976
           1.13918
           0.42785
           2.09375
          -0.49662
           1.94732
          -1.32170
          -3.86683
           0.85852
          -6.33678
           2.55809
           1.67747
           1.27540
           1.35660
           0.33486
          -3.05646
          -0.18832
          -0.25402
          -2.76969
           1.63648
          -3.79237
          -0.54207
           2.42288
           0.85282
          -3.28473
          -0.60883
           2.22575
           1.23900
           1.04748
          -0.39991
          -3.26336
          -1.95800
           2.67410
          -1.71972
          -1.39257
           1.81223
          -2.13714
          -3.41107
           0.20262
          -0.40132
          -1.31518
          -0.96003
          -1.12932
          -1.64186
           3.42229
          -0.60920
          -2.16330
          -0.37701
           4.42756
           0.32817
          -0.42286
           0.23508
          -1.41618
          -1.14845
          -1.92173
           1.15916
          -2.22567
           1.82860
           1.08425
          -3.03845
          -4.35172
           0.32754
          -3.50398
          -2.66286
           2.92286
           4.18182
          -2.17610
          -3.81316
           0.11738
           3.16047
          -1.80290
          -4.50732
           2.90872
          -0.61908
          -3.27821
           0.58312
           3.00810
           0.89241
           1.64742
           2.25524
           3.28066
           4.30289
          -1.30640
           1.70683
           1.13555
           2.66024
          -2.51633
           0.88379
           3.09041
           0.70786
          -1.58370
           1.10123
           2.00157
           0.96843
          -0.61538
           0.57393
           0.99706
          -0.51062
           4.79070
           0.96236
          -0.51028
           2.87470
          -1.25526
           4.80098
          -2.66740
           4.16412
           1.85058
          -2.00356
           0.30545
          -0.09309
           0.52744
           0.64044
           4.90658
           0.18061
          -1.43529
           1.09247
          -2.03996
          -0.05480
          -1.65223
           2.61839
           3.25779
           0.78235
           0.68778
           1.82120
           2.77276
          -0.12906
          -2.29796
          -0.40222
           2.76302
          -2.78884
          -0.74777
           1.22510
           0.15697
           0.75566
           5.02198
           0.16042
          -2.09106
          -1.84239
          -0.04310
          -2.19021
          -2.60350
          -2.29072
           0.90250
           0.64997
          -0.00721
          -1.34683
          -2.54633
          -1.75580
          -4.14789
          -1.40086
          -0.09698
          -4.42044
          -2.44638
           0.23262
           0.57506
           0.13962
          -0.42766
           3.83372
           4.67646
           3.84768
           0.85051
           4.56864
           4.74593
          -5.49120
           2.58059
           1.77509
           1.34063
           0.82042
           2.53976
          -1.05166
           0.58940
           2.79212
           0.04497
          -0.17403
          -2.32571
           4.61603
          -0.59815
          -0.91074
           3.50860
           5.87956
          -2.31369
           0.15564
          -0.87353
          -1.70223
           1.22527
           0.84116
          -1.99085
          -2.20241
           1.15973
          -1.80715
          -0.60738
          -2.82891
          -4.17294
           0.00030
           2.46785
          -0.43734
           2.70309
          -1.09870
           4.93769
           1.99367
          -0.65683
          -1.11291
          -1.68801
          -3.72189
           1.69064
          -0.42365
           2.90962
          -2.18684
          -1.48076
          -2.94198
          -2.37233
           2.97056
           2.02139
          -3.02639
           2.63185
           1.39446
           0.95322
           1.11973
          -3.41589
          -1.09538
          -4.36696
           0.90967
          -0.47384
           1.55095
           1.97665
           2.75046
          -0.67340
          -2.66961
          -1.22499
           1.43451
           1.78056
           2.19411
           0.31065
           0.05255
          -2.17512
          -3.83085
           0.86148
           1.04462
           1.93117
           5.11263
           1.93512
           0.32779
           2.58811
          -2.89751
          -2.17004
           4.41287
          -0.40745
           1.09307
           3.41558
          -1.75895
           1.92512
          -2.16989
          -5.51581
           2.15862
           0.56915
           5.35723
           3.36143
           0.00000
           3.04430
           5.73149
           1.87171
           0.54436
           1.94870
           1.42198
          -3.07166
           4.43445
          -0.20453
           0.99679
           1.32800
          -4.12042
           2.53404
           1.35954
          -0.93216
          -1.27756
          -0.20731
           1.37502
           2.37189
           0.88693
               NaN
           0.64804
          -1.81566
          -3.82077
           3.18908
          -3.30447
          -0.13679
           3.98596
           0.09250
          -0.40676
          -1.24087
          -3.18982
          -1.44580
          -1.60799
          -1.55008
           1.81319
           0.07066
          -0.09178
           1.12961
          -1.86600
           0.90055
          -0.09363
          -2.08282
          -2.18480
           0.86857
          -2.16511
          -1.14046
          -1.51050
          -0.19390
          -2.83107
           0.11699
          -0.46580
          -1.40581
          -1.33540
           0.53507
          -0.11585
          -0.75904
           1.62793
          -0.15682
          -1.93859
           0.65246
          -1.71915
          -1.18198
          -2.00526
           1.78397
          -1.00693
           2.17488
           1.62959
          -0.29374
           1.72659
          -0.46929
          -0.73877
           0.15154
           0.76629
           0.01085
           0.35163
           1.42822
           1.72043
           0.07891
           0.91450
          -0.74256
           1.69899
          -2.57262
          -0.08293
           2.59963
          -2.63012
          -1.19300
          -0.58669
          -0.74986
           0.40007
          -0.59681
           1.15545
          -0.63849
          -0.89858
          -1.71339
           1.81566
          -0.41353
          -1.54196
           0.99356
          -1.85482
           0.04611
          -1.06324
           0.25345
           0.07195
          -1.53290
           0.55524
          -0.46511
           2.09413
           1.72151
          -0.92082
           0.02688
          -0.22870
          -0.00623
           0.24165
          -0.95854
           1.92649
          -1.54269
           2.02027
           0.79031
           0.91230
           0.17144
          -0.60135
           0.53873
          -1.66777
           0.85456
          -1.35017
           1.24639
           2.83148
           0.84341
           0.06053
           0.67034
          -0.42619
          -1.17876
          -1.10081
          -0.85010
          -1.12777
           1.49589
           1.97971
           0.21802
           0.48214
          -0.29224
          -1.62246
          -1.44903
          -1.63531
          -0.32978
          -0.18212
           0.15983
          -1.77972
          -0.51024
          -0.03227
          -1.21251
          -1.03930
          -0.85816
          -0.47020
           0.09182
          -0.65033
           1.85378
          -2.04032
          -1.23595
           0.11721
           0.61239
          -0.15992
           0.11790
          -1.42200
           0.71424
          -1.47642
           0.48733
          -2.41320
          -0.23041
          -1.23010
           2.00118
          -0.39546
          -0.84377
          -0.38396
           0.27215
          -0.65049
           0.11748
          -2.24905
          -0.51407
          -0.29241
           1.96098
           0.91678
           0.61595
          -0.16874
           0.12355
          -0.86160
           1.38176
           1.44345
          -0.18155
          -2.59929
          -1.82027
          -1.00207
           0.63610
          -0.53370
          -2.05394
           0.94420
           1.36268
           2.32114
          -2.12126
           0.07632
           0.73859
           0.15843
          -1.90690
          -1.05455
          -0.16366
          -2.00587
           1.29808
          -2.41217
           1.54001
          -1.04244
          -0.82330
          -0.28287
          -0.15026
           0.84072
          -1.81542
          -2.08151
          -0.84358
          -2.09720
          -1.79470
          -1.45934
          -0.71050
          -0.07773
           0.20553
          -2.92250
          -0.07973
          -1.48032
          -0.26042
           0.51219
           1.29312
          -0.91169
          -0.43652
          -2.70298
          -1.12944
          -1.73626
           2.36717
          -1.23357
           1.16589
          -1.38773
           0.52502
          -1.73141
          -0.51645
          -1.78984
           0.85535
           1.05418
           0.51023
           0.05097
           1.60612
           0.49317
           0.18241
          -0.32110
           1.05341
          -0.31102
           1.02763
               NaN
           0.78794
           0.08361
           0.37848
           1.18182
          -1.17912
          -1.03036
           1.03344
           1.36132
          -0.51559
          -0.38305
          -1.87181
           0.37440
          -0.53355
          -0.15840
           1.43920
           0.02291
           0.16168
          -1.30592
          -0.91797
           0.62283
           0.08429
           2.01786
          -0.68043
           0.18473
          -2.52778
          -1.24796
           0.80851
          -0.73961
          -0.53295
           0.36275
           0.70155
          -0.59867
          -0.66205
           0.52261
           2.45982
           2.52379
          -0.60240
          -1.59237
           0.95066
          -1.23060
          -2.64518
           0.82536
           0.60531
          -0.78377
          -3.61716
           0.38091
           1.13573
           0.90536
          -0.94357
           0.76247
          -0.32441
          -1.61175
           1.07720
          -2.39660
          -2.64327
           0.47394
           1.72835
          -0.40465
          -0.52780
           0.25041
           0.45875
           1.93426
          -0.58073
          -0.42528
           1.56160
          -1.36222
          -0.74331
           1.36587
          -1.20982
          -2.12206
           2.84862
           0.87292
          -1.70581
          -0.51886
           2.26888
           0.45001
          -1.10264
          -0.01746
          -0.36621
           1.58347
          -1.04815
           0.59778
           2.28941
           2.00978
           2.04207
          -0.64586
          -1.33079
          -1.20179
          -1.43145
           2.52693
          -2.15990
           0.47444
          -2.39419
           0.46222
           0.37591
          -1.05905
          -2.23802
          -1.49962
          -2.44614
           0.93345
           0.04690
          -0.36811
          -0.71641
           1.44623
           1.99420
           1.28034
          -0.85985
           0.99850
           1.86421
          -0.42747
           0.86783
          -0.83260
          -1.08687
           0.89902
          -1.36958
           1.15348
           0.37912
           0.21241
           0.08785
           0.42436
           0.14752
          -1.62753
           0.36090
          -1.34927
          -0.58217
          -1.39069
          -1.36476
          -0.11626
           0.42473
           0.40502
           1.64751
          -1.04081
          -1.94172
          -0.10348
           0.86257
           1.09609
           1.62782
               NaN
          -0.00045
          -1.68688
          -1.45343
          -0.55858
          -0.14172
          -0.36324
          -1.19121
          -1.86620
          -1.81382
           0.63521
           1.19274
          -0.37448
          -0.64123
          -1.09564
           1.48243
          -0.55700
          -1.17851
          -0.93019
           0.75348
          -0.49950
          -2.00477
           0.35329
          -1.14534
          -1.90857
          -1.28670
          -0.22051
          -0.70159
           1.15324
          -1.15536
           1.13919
          -0.48823
          -0.25980
          -1.22407
          -0.86981
           1.17061
           1.95772
           0.17831
           1.84903
           1.21182
          -1.52432
           0.12810
          -0.20582
           2.44610
          -0.03777
           1.25477
          -0.22162
           1.53066
           0.19983
          -0.22123
          -0.97564
           0.92353
           0.40102
           1.53372
          -0.07819
          -1.72543
           0.04177
           1.09011
          -2.00779
           1.34662
           1.02496
           0.44085
          -1.40062
          -1.75516
           2.48154
           0.01631
          -0.24219
           0.35399
           0.88596
           0.22677
          -1.71184
           1.34068
          -0.09828
           0.77824
           0.39323
          -1.26734
          -0.12345
           1.09182
               NaN
          -0.88668
           1.79005
          -2.08551
          -0.40534
          -1.17584
          -0.24271
          -0.04022
           0.74897
           0.26467
          -1.08776
          -1.26567
           0.20013
          -1.89900
           1.13621
          -1.57290
          -0.71066
           0.49040
           0.01030
           1.29401
          -1.46022
          -0.60408
           1.65126
           1.02073
          -0.28789
          -0.73922
           0.90994
          -0.43656
          -0.23596
           1.79992
           1.87905
           0.51706
           0.70556
           0.99102
           0.69973
           1.25532
          -1.40817
           2.82266
           1.35514
          -0.85307
          -2.31723
          -1.29153
          -0.88789
           0.30129
           0.31469
           1.88966
           1.26292
          -1.69890
           0.42381
           0.92451
           1.18593
           0.16871
          -1.61015
           2.10112
          -2.61233
           0.72410
           1.57332
           0.37377
          -1.17888
           0.63167
          -0.66484
          -2.66982
          -0.87458
          -0.71851
           1.63601
           0.41831
          -0.78270
           0.63652
           0.01492
          -0.45932
           1.61571
           0.53789
          -0.80965
          -0.70400
          -1.25664
          -1.17282
          -0.67693
           1.85264
          -0.55882
           1.38488
           0.55177
           0.15115
           2.11949
           1.15007
           0.12319
          -2.32512
          -0.91038
          -0.89689
           0.14721
           1.64582
           0.58856
          -1.04696
           0.52921
           1.21535
          -0.21697
           0.34340
          -0.15590
          -0.88165
          -0.11513
           0.03978
          -1.34437
           0.81832
           1.91502
          -0.76378
           2.41824
           0.53791
          -1.85767
          -1.18488
           0.61189
           1.70586
          -0.32537
          -0.55262
           1.77896
          -1.52848
          -1.13774
           0.29927
          -0.00219
           0.62821
          -0.24814
           0.28234
          -2.60455
          -0.71830
          -0.66710
          -0.37950
          -1.10861
           1.79673
           1.15936
           0.70896
           0.96795
          -2.30000
          -1.61240
           0.61547
          -1.73140
          -1.62972
           1.62823
           1.91974
          -0.12513
           2.59071
          -1.11871
           0.45746
          -0.00563
          -0.08202
           2.49072
           1.16872
          -2.20943
          -0.16460
           0.68461
           1.38283
          -1.23906
          -0.39891
          -1.90981
           0.25469
          -0.57223
          -0.06535
          -1.69117
          -0.10793
          -0.84555
          -0.91653
           0.83179
           0.03827
           1.15630
           0.06125
           1.52573
          -0.49414
          -1.65378
           0.21574
          -0.98598
           0.57890
           0.72655
           1.99407
          -0.16177
          -3.00295
          -0.36033
           0.34505
          -0.98304
          -0.58172
          -0.16549
          -0.22719
          -0.69548
          -1.34381
          -0.29331
          -1.54404
          -0.85893
          -0.12001
          -0.00571
          -0.78532
          -0.78877
           1.28116
           1.71886
          -1.64260
          -1.00248
           0.21708
          -0.80890
          -0.05544
          -0.13030
          -0.75987
           1.93038
          -1.48608
          -0.06582
          -1.81589
          -0.51121
          -2.44241
           0.54752
          -1.52236
           1.42437
          -2.25264
          -0.26837
          -1.68491
           0.59994
           1.01056
          -3.24484
           0.52490
          -1.00027
          -0.31688
           2.34930
          -0.80667
           0.02654
          -2.38071
          -1.66420
          -3.50612
           1.34829
           0.79258
           0.93368
           1.42819
           0.02908
           0.10723
          -0.65411
           0.73400
          -0.52928
          -0.03113
           1.85944
           0.80911
           0.08456
          -0.23731
          -0.58875
          -1.60715
          -0.71693
          -0.22516
          -1.03259
          -0.93805
          -0.51233
          -0.51309
           0.45865
           0.71790
           0.84239
           0.85943
          -2.83180
          -0.52745
          -0.89204
          -1.17412
          -1.02030
          -0.62745
          -1.08483
          -0.63320
           1.19285
          -1.33610
          -1.72573
           1.95808
          -1.92954
          -0.99731
           1.55465
          -0.47917
          -1.66635
           2.23479
          -1.48456
          -1.42723
          -0.64984
           0.82931
          -0.57180
           0.74528
          -0.45961
          -0.10351
           0.62119
          -0.44443
           2.71794
           2.77262
          -1.46962
           1.96646
          -0.35942
          -1.47715
           1.51473
           0.98422
          -0.12089
          -0.06296
          -1.05939
           2.35830
           1.28620
          -1.46201
           1.05633
          -1.83540
          -2.01837
          -0.09451
           1.47286
           1.54538
          -0.28798
          -1.92871
           0.24697
          -0.18803
          -0.90597
          -0.56868
           0.30615
           0.40361
           1.20164
           0.24879
          -1.53957
          -0.14815
           2.49604
           0.10791
           0.60650
          -0.00081
           1.88008
          -1.29536
          -0.50014
           1.33077
           1.14291
          -0.70111
          -0.24785
          -0.46007
          -0.22320
          -0.42369
          -0.41673
          -0.19893
          -0.39476
          -0.88144
           0.88502
          -1.84606
          -2.49772
           0.69163
          -0.00290
           0.26546
           0.03152
          -0.25537
          -0.00121
           0.59487
           0.97859
          -3.18520
          -0.08971
          -1.51291
           2.01094
           1.16851
          -0.42757
          -1.01422
           0.71232
           1.30097
           0.40645
           0.57226
           3.13506
          -0.70806
          -2.22303
           0.45375
           0.26675
          -0.51349
          -2.00255
           2.55999
          -1.81904
           1.23908
           1.52161
          -2.34335
           0.81805
           0.25630
          -0.16602
          -0.44743
          -2.33084
          -0.29851
          -1.30594
           0.27709
          -1.46588
          -1.05136
           0.10916
          -0.19277
           0.17046
          -2.47695
          -0.28444
          -1.22802
           0.04856
          -1.88284
          -0.62313
           0.39308
           0.61072
          -0.77825
          -1.24596
           0.56902
           0.00434
           0.86132
           2.03689
           0.37136
          -0.81740
          -1.15531
          -0.37871
          -1.46511
           1.24865
          -0.30173
           1.60177
           1.17979
          -2.04073
           1.53370
          -0.95902
           1.58737
           0.47795
           0.70905
          -0.91960
          -1.15086
           2.06230
          -1.19882
           0.29754
           0.21566
           1.13354
          -0.73539
          -0.38529
          -0.66830
          -1.48657
          -1.40168
          -0.79507
          -0.66803
           1.88483
           0.22717
           0.34262
          -0.73435
           1.07094
          -0.71773
          -2.79424
          -1.02158
          -0.65003
           0.32140
           0.16449
           0.33643
           0.04620
           0.49045
           0.16028
           0.13982
          -1.50284
          -0.14837
           0.80774
          -0.38195
           0.49388
           0.45219
          -1.29172
           1.12029
           0.86090
           0.88749
           0.60147
           0.66084
          -1.56280
          -0.28756
          -0.88190
          -2.29407
           0.03256
           1.51757
           0.08396
           0.42963
          -0.41320
          -1.67745
           0.95336
          -2.45802
           0.78044
          -0.36299
           1.13544
           1.46803
          -1.11735
          -2.03483
          -1.58045
           0.09485
           1.07605
          -0.77651
          -1.16111
          -1.01829
           0.94599
          -0.55831
          -1.44191
           0.08801
           0.44592
          -1.42011
           0.46810
          -0.09853
           0.06723
           1.00166
          -0.34941
           1.44443
          -0.10270
           0.23336
          -0.60222
           1.96331
          -0.13726
          -0.26933
          -0.94589
           0.55315
           0.58019
           1.61179
          -0.16415
          -0.66164
          -1.73570
           0.46185
          -1.12472
          -1.53560
           1.47433
           1.18149
           0.14474
          -0.09920
          -0.95194
           0.38663
           1.00183
          -2.00926
          -0.52265
          -0.46310
           0.20528
           0.72151
           0.07445
          -2.30312
          -0.65109
          -0.12653
          -0.52572
          -0.54791
          -0.34234
          -2.27875
           0.50056
           0.46586
           0.23756
          -0.54884
          -0.23661
          -0.40816
          -1.28361
          -0.05887
          -2.19237
          -0.34825
           2.41878
          -0.72491
          -3.01890
           2.13267
           0.56845
          -2.04112
          -0.50539
          -1.35635
           0.23316
          -1.51902
           0.93632
           1.33703
          -0.64936
          -3.51482
          -0.38026
          -1.73151
          -1.12710
          -1.56292
           0.22480
          -3.14945
           0.28951
           0.95432
           1.36776
           0.96093
          -0.91316
          -0.86769
           0.96294
           1.16304
           0.18298
          -1.04384
           1.18002
           1.36707
          -0.20446
           1.36809
           1.35436
               NaN
