           0.16604
          -0.56589
           0.57708
          -2.47834
          -2.60872
          -1.27138
           1.19351
           1.30393
          -1.18989
           0.26586
          -2.11900
          -0.53667
          -1.59200
          -0.57802
           2.20192
          -1.11099
           0.27894
          -0.86467
          -0.63922
          -0.32647
          -0.20066
          -0.77926
           0.76603
           0.50374
           1.53601
           0.20298
           1.63077
          -1.48985
           3.94984
          -1.79455
           0.32587
          -1.21002
          -2.71114
           0.18757
           1.35852
          -0.26563
          -3.32904
          -0.62979
           0.10310
           0.28337
           0.96585
          -2.63047
           2.92026
          -1.72154
          -0.12057
          -3.02808
           2.56614
          -1.59395
           0.39342
           3.67713
          -3.06914
           0.10956
          -0.21441
          -1.56398
           1.25493
          -0.77859
          -0.42271
           1.49472
          -0.13811
           0.41380
           2.12085
           0.37266
           0.53129
           0.34284
           1.22327
           0.42617
           0.61231
           2.65170
           0.02478
           0.92487
           1.39664
           0.93989
           1.10243
          -3.19943
          -3.60741
           0.45950
          -0.09661
           1.45202
          -2.06451
          -0.37775
           0.40910
           0.20329
          -1.30797
           1.39208
          -0.08268
          -0.93843
           0.94187
           0.32280
           0.66136
           3.86350
           1.10771
          -1.22251
           1.88593
           0.09813
           1.11484
          -0.39530
           0.05184
           0.56533
           0.95666
           1.81814
           2.02469
           0.06260
           0.02397
           1.26156
          -0.75963
           0.17322
          -3.29348
          -1.12665
           0.76319
          -0.12279
           2.20824
          -1.02431
           0.84778
           1.07515
          -1.71089
           2.57717
          -1.10410
           0.92810
           1.84857
          -0.72045
           1.42401
          -2.37726
          -2.09338
               NaN
          -0.19369
          -0.36073
          -3.29662
           3.66075
           0.17885
           1.23527
           2.99808
           0.78972
          -1.63925
           1.07708
          -0.71921
          -1.61192
           0.58732
           1.65620
           0.90570
           0.05268
           1.30412
          -0.49624
          -0.09823
           0.55987
           1.27054
           1.40333
          -1.10095
           1.43695
           0.14027
           1.29333
           0.67926
          -0.47665
          -1.52170
           1.60816
          -2.01962
           0.99127
           2.44085
          -0.11052
          -1.91695
           0.72515
           1.13847
           0.43012
          -0.07231
           3.41192
           0.12271
           0.74798
           0.66825
           2.89414
           3.48458
           2.10785
           0.97936
          -3.05515
           0.02743
           0.11551
           2.43029
          -1.88915
          -1.83885
           1.81001
          -0.43936
          -1.67415
          -0.01194
           0.97705
          -2.71289
           1.08119
          -3.93488
           1.13904
           0.62017
          -3.68867
           1.88998
           0.65555
          -1.36579
          -0.09518
           0.46458
          -0.57522
           0.75121
          -0.35375
          -0.07459
          -0.72479
           0.02389
          -0.48002
           0.88461
           1.61324
           1.94929
           2.05562
          -0.31831
          -0.76824
          -3.47341
          -0.28355
           0.27532
          -2.75616
           1.44745
          -0.05664
          -0.92640
           1.33990
          -1.44840
           2.52272
           0.62109
          -2.24556
           0.42474
           0.52080
           0.41314
          -2.48289
          -0.13832
          -1.19928
          -3.00494
           2.48585
           1.33602
          -2.18410
          -1.12713
           0.25168
           0.61780
          -0.31010
          -0.58736
           2.04022
           1.91962
           1.32308
          -1.82306
          -0.88095
          -0.64657
          -2.64449
           0.82339
           0.66971
           0.22125
           0.16824
           1.93425
          -0.77422
           0.74154
          -0.08591
           0.15336
          -1.46462
           0.77503
          -1.33811
          -2.43717
           1.16946
           4.11964
           1.59666
          -0.40742
           3.33484
           1.39361
          -2.70822
           0.86602
           2.06599
           0.34454
           0.64164
           0.71641
           2.98358
          -1.58548
           0.83133
          -0.62043
           1.20891
           2.00097
          -0.39593
           1.75842
           0.17386
          -2.51817
          -0.83206
          -2.37951
          -0.81318
           1.30037
          -1.75771
          -0.08656
           0.33525
          -1.35830
          -2.27449
           1.05667
           1.54589
           0.46228
           0.25966
           1.98091
           0.92729
          -1.01741
           1.64787
               NaN
          -2.60950
           1.82229
           0.98877
          -1.87239
          -0.64866
          -0.04417
           0.23401
          -0.52632
           1.47471
          -1.22293
          -1.31769
          -0.40747
           0.48660
          -1.05535
          -0.26570
           1.73385
          -0.65838
          -3.48835
           0.61445
          -1.19006
           1.18720
          -1.31790
          -1.87064
           0.34761
           0.78252
          -0.79981
          -2.58294
          -0.73198
           1.22829
           1.68698
           0.20972
           2.37000
          -1.47554
          -1.31801
           0.30873
          -1.63089
          -1.95980
           1.64563
          -1.40008
          -2.82657
          -0.86018
          -0.17460
           1.78591
          -1.33029
          -0.22808
           0.67411
          -0.27440
           1.63556
           1.14303
          -0.28822
          -0.16904
          -1.12377
          -0.94490
          -1.40224
           1.87446
           0.13617
           0.24639
           2.20736
               NaN
           0.50419
           0.55504
           1.74210
           0.82591
           1.81274
           1.49600
          -0.08104
           1.02441
          -0.83118
          -0.86893
          -2.98415
           1.01594
          -0.71338
          -1.59614
          -0.24894
           1.51693
          -0.52323
           0.16668
           1.78882
           1.22079
          -1.19201
          -1.93566
           0.00734
           0.62748
           0.19066
           1.69927
           0.50551
          -0.81159
          -0.14301
          -1.85342
          -3.14757
          -1.54022
           0.42881
           1.21833
           0.69058
          -1.42070
           3.73722
           0.16143
           0.89512
           0.14968
          -0.55884
           0.59284
           0.05003
          -2.19132
          -0.45264
           1.78547
          -2.37632
          -2.05699
          -1.30571
          -1.70731
          -2.23259
           0.85450
          -1.53265
           0.19685
          -3.88139
          -0.54719
          -0.24687
           0.44648
           0.52217
           0.48824
          -2.22268
          -0.58462
          -0.28388
           2.57923
          -0.66718
           1.85487
           0.62291
           0.35129
           1.64295
          -0.60348
               NaN
           0.13121
          -2.47107
           2.36136
           2.06818
           0.61954
           0.82730
           0.03880
          -1.29282
          -2.95146
           1.52378
           0.82779
          -2.20933
           0.11508
          -1.01928
          -1.48051
           1.57117
          -3.17090
          -1.59233
          -2.88022
          -0.26411
           0.76341
          -1.12622
           1.39188
           1.35785
          -1.94499
           0.09996
           2.28173
           0.51610
           3.28215
           1.28519
           0.24860
           0.27650
          -1.75664
           0.47074
           0.94051
          -1.13247
          -0.38953
           1.13368
          -1.67405
           0.46913
           1.46367
           2.59020
          -1.12039
          -1.12189
          -0.50409
           2.33505
          -0.21601
           3.36103
          -0.37745
          -2.18542
           0.36113
           1.83615
           1.47897
           1.91368
           1.45008
          -0.20197
          -0.32362
          -0.51872
           0.61495
           0.35152
           1.04848
           0.93110
           0.47406
          -0.92121
           1.38157
           0.55348
          -0.38545
          -2.24209
          -1.33557
           3.23798
          -2.51511
          -1.92363
           0.53811
          -0.83866
          -1.03861
           0.49248
           0.02781
           2.31958
           1.77883
          -0.41147
          -1.72253
          -3.82554
          -0.82529
          -0.76908
           1.11061
          -0.63821
           1.67905
               NaN
           0.08352
           0.36572
           2.37742
           3.01844
           1.28648
          -0.92557
           1.03358
           0.04557
           1.03538
          -1.01254
          -0.64173
           0.81751
          -0.65084
          -0.68612
           1.14182
          -1.52486
          -0.89162
           2.06229
          -1.72692
           1.25590
           0.08198
           0.16334
           0.23830
          -1.57398
           0.10449
           0.91995
          -2.42787
               NaN
           1.26791
          -4.33684
          -1.98512
          -0.70325
          -0.13912
           1.67441
          -1.83950
           2.02278
           0.01914
           0.03500
          -0.10138
          -1.35293
           1.67098
           1.15229
          -0.89213
           0.65418
           0.27240
           1.13759
           0.28386
          -2.27040
           0.61242
           1.12399
          -3.16416
           0.61836
          -2.29429
           0.46270
          -0.84482
          -2.97828
          -0.45762
          -0.35467
          -0.89446
           0.80476
           0.29080
          -1.68323
          -2.05064
          -1.40808
           2.18474
          -0.34318
           0.93784
          -0.13839
           0.67834
          -0.05097
          -0.17608
           1.17120
           0.32621
           1.65609
          -1.12026
           0.54554
           3.78079
          -0.41646
          -2.06884
          -3.87241
           2.80983
          -3.03066
          -2.27907
          -0.46038
           1.69632
           3.01590
          -0.39126
          -1.49116
          -0.77779
           0.42934
          -0.10601
           0.82323
           1.98269
           2.15719
           1.99370
           1.70005
          -1.31706
          -1.74850
           1.80030
           1.44459
          -0.80130
          -2.09321
          -0.18135
           0.76524
          -1.02170
          -0.86333
          -0.89490
          -2.96345
          -3.68871
           0.44174
          -1.23517
           1.06574
          -1.66526
          -3.66847
           0.00064
          -0.54919
          -0.87706
           0.92906
          -0.29143
          -0.71131
          -0.39746
           1.22533
           3.37866
           0.61300
           1.05269
          -2.68683
           1.65354
           0.54533
           1.10491
           0.70217
           0.54095
           0.26128
          -1.48605
          -2.14182
          -0.89026
           0.98313
          -1.51328
           0.81037
          -1.80829
           2.98913
          -1.57370
           1.06102
          -1.38724
           0.77457
          -1.70791
          -1.85546
          -1.25000
           2.01747
          -1.76844
           0.21848
          -1.14226
          -1.35694
          -2.18667
          -0.47284
           0.00726
           2.29681
          -1.16039
           0.22754
           0.53214
           0.74316
           0.70162
           0.99102
           0.09905
          -3.89729
           1.19070
           1.39446
          -2.06423
          -2.97627
          -0.17871
          -0.96549
          -0.90099
          -2.00838
           0.54867
           0.97133
          -1.53885
           3.17238
          -0.85630
           0.62653
          -1.83785
           1.27309
          -1.93561
          -0.39402
           0.53510
           1.49656
           0.60454
           1.76104
          -1.27192
           1.24053
          -0.59692
          -1.50157
          -0.18153
           0.21344
          -0.46554
          -1.51851
          -1.29689
           0.78528
          -2.96854
           1.77573
           0.73296
           2.90917
           1.05407
           0.42014
           1.18813
          -0.07603
           0.00888
          -0.41964
          -0.34612
          -0.30092
           0.44169
           0.45362
          -0.58773
           1.06490
           0.02685
          -0.37444
           1.83166
          -1.71804
           0.32222
           1.98967
           1.56703
          -0.86686
          -0.83677
          -1.91919
           0.54033
           0.29621
          -0.26857
          -0.18788
          -0.68105
          -1.40208
           0.88111
           1.61295
           1.06865
          -2.67348
          -1.65518
           0.96006
          -0.96977
           2.58232
           1.20574
           1.79582
          -1.09865
           0.35092
           0.04859
           1.19081
          -0.51936
          -3.47328
           0.63201
          -1.27180
           0.00249
           0.81241
           1.41494
          -2.03702
          -0.57759
           1.27065
           2.17366
          -2.22576
          -0.30918
          -0.72911
          -0.34758
           0.65110
          -1.50802
           0.80665
           0.82382
          -3.40996
          -0.74396
          -0.22229
           0.92817
          -1.70742
           2.01392
          -2.88457
          -1.84312
           2.66369
          -0.65132
           2.82228
           0.86290
          -2.56172
          -0.73775
          -0.67854
           0.29651
          -1.62024
           0.06557
           0.99090
           0.09217
           0.64093
           0.86986
          -1.67796
           0.29618
           0.62218
          -1.95632
          -1.66213
          -0.25982
           1.49386
          -0.28822
           1.13083
           1.59234
          -1.33871
          -1.99358
           0.30029
           2.77162
           1.31669
           0.74125
          -0.06819
          -1.32811
           0.58412
          -2.27986
           1.60768
           1.31089
           1.32299
          -1.14087
           0.17760
           0.14141
           3.19667
           3.38914
          -0.97997
          -0.67826
           0.82064
          -0.99220
           0.82348
           1.07935
          -2.14887
          -2.36656
          -1.49812
          -2.46195
           3.43904
           1.55453
           3.11872
           0.20568
           2.09578
           1.33014
          -1.26627
          -1.88273
           0.29659
           0.47080
          -0.23746
           0.40765
          -0.65249
           3.19403
           1.99477
           2.78814
           0.07841
          -1.00340
          -2.32638
          -0.96173
           0.68857
           2.64605
           0.60460
          -1.42160
          -1.78227
          -0.18904
          -0.49515
          -0.28219
           2.26153
           0.93529
           1.30574
          -0.88970
           0.76306
           2.49502
          -0.43162
          -1.48840
           1.58082
          -1.03950
           0.58351
          -1.57372
           0.94837
           1.69950
          -1.14870
          -1.98344
          -0.33934
          -1.39208
          -1.74963
           1.46593
          -0.30651
          -1.65084
          -1.55475
          -0.17882
          -1.87629
          -2.77032
           0.76308
          -0.51013
           0.73473
           1.32653
           2.63809
           1.67591
           1.18678
           1.04484
          -1.00019
          -0.77108
           2.25885
          -1.30404
           2.74341
          -0.02455
           2.23544
          -1.10696
           3.35380
           1.94027
           1.53317
          -1.44232
          -2.89894
           2.46432
           2.83633
          -0.37936
          -1.05801
          -2.84656
           1.71207
           1.60665
           1.24399
           2.29419
           0.85421
           0.09462
          -1.29379
           0.45417
          -0.77644
           0.17444
           1.37168
           1.40018
           0.41913
          -0.18704
           2.44242
           2.79996
          -1.06763
          -0.50992
           1.58113
          -1.58401
           0.34747
           1.75272
          -0.72713
          -0.14534
           3.44339
          -2.07103
          -1.54333
          -2.47290
          -0.26066
           0.26913
          -1.19049
          -1.48197
           0.56457
          -1.59593
           0.22349
          -0.51094
          -1.53232
          -1.88466
           2.61523
          -0.02772
          -0.92737
           0.00793
           0.95318
          -0.00646
           3.13747
           2.92378
           0.30950
           0.77825
          -0.51130
          -0.12855
          -1.16689
          -1.09056
           0.31020
          -1.08415
           1.08023
           0.52848
           2.34157
          -1.42021
          -0.69604
           3.57951
           3.78605
           0.41368
          -0.23860
          -2.72679
          -0.72192
           0.45543
          -1.64916
          -2.53753
           0.99005
          -1.73163
          -2.03382
           1.23591
          -0.54387
           1.43520
           0.66855
           2.24186
          -1.52993
           2.08336
           0.36062
          -2.96420
           1.97405
          -2.55385
          -0.20716
          -1.17200
          -1.79529
          -1.89863
          -0.08118
           0.99597
           3.19579
           1.21025
          -0.91587
          -4.65083
           4.37519
          -4.06618
          -0.84239
          -4.00777
           3.78571
          -1.99870
          -1.44868
          -2.39810
           0.87543
           0.80183
          -1.21199
           0.94189
          -1.70529
          -0.93960
          -0.51619
           0.00005
          -2.76748
           1.28637
          -2.35637
          -1.35331
          -4.98308
           2.00349
          -3.19691
           0.15687
               NaN
          -3.63261
          -3.28878
           3.14693
           4.97299
          -1.12471
          -4.24733
          -0.46508
           2.85557
           3.18194
           7.82906
          -0.32518
           1.55486
          -3.42223
          -0.74090
           1.44430
          -1.13502
           2.29174
          -5.62156
           4.29790
          -0.83108
          -0.00860
          -2.80981
           6.23345
           0.94764
           2.09066
           2.29564
           2.42466
           1.60890
           0.16729
           2.87550
           5.51072
          -4.58015
           2.80569
          -2.14449
          -3.74697
          -2.07488
          -0.70929
           3.93451
          -7.48668
           0.64834
          -1.06616
          -2.27486
           0.93177
           1.93645
           5.56658
           4.18770
          -4.18529
           1.01773
          -5.58709
           2.98901
          -1.24174
           0.79129
           1.68677
          -1.04752
          -2.09802
          -0.70072
           2.41730
          -3.79313
           3.97811
           5.15996
          -8.61363
          -2.36493
           1.62903
           4.49725
           1.39680
          -1.16204
           0.82836
           0.87041
          -3.55991
               NaN
          -1.72129
           5.16546
           0.23575
           0.50417
          -0.18011
           5.09798
           3.60919
          -1.22801
           3.24940
          -2.18428
           0.36165
          -4.40929
          -0.59031
           0.19863
          -0.46143
           0.43383
          -5.50727
           0.20371
          -3.71628
          -1.87029
           2.22214
          -1.41408
          -0.74855
           5.54875
           1.96179
          -2.00166
          -0.79598
           1.44559
               NaN
          -0.27713
          -3.45735
          -6.22817
          -2.68348
          -0.23772
          -1.30202
           2.90253
           5.34848
          -2.08236
          -0.63857
           2.49163
          -3.00432
          -2.58897
          -3.97679
          -3.08153
           0.81035
          -1.04898
          -4.09456
           1.00936
           3.36711
           0.25861
           3.13955
           1.69607
          -3.98214
           1.95926
          -2.20810
           6.25352
           1.51655
          -0.90929
          -0.03646
           3.08652
           3.20610
          -1.52492
           1.12484
          -0.50076
          -4.49971
               NaN
           1.37385
               NaN
          -2.83143
          -6.51172
          -6.48688
          -7.03623
          -3.14607
           3.81054
           4.49178
          -6.52508
           2.70912
           2.65114
          -3.00399
           2.18321
          -3.44232
           0.46247
           0.06461
           1.86829
          -4.19133
           3.42583
           3.01589
          -6.05530
           0.10311
          -3.54897
          -2.95117
          -0.24168
           8.27030
          -1.95273
           1.31305
           1.80698
           3.95451
          -0.54662
          -2.43936
          -2.39870
          -1.07640
          -2.08263
          -4.52072
          -2.80334
           1.21427
           0.23327
          -2.46146
           3.18356
           0.50015
          -2.33778
           2.21489
          -1.87204
          -2.56951
           1.03931
          -5.43804
           1.62934
          -4.86758
          -5.31476
           2.02519
          -1.15412
           0.55667
          -4.14324
           6.47893
           0.04741
          -2.68615
           0.22855
          -6.16296
          -3.68939
           2.60340
           7.18031
          -2.72918
          -1.88937
           0.04128
           2.83206
           0.32319
          -2.18098
          -4.68642
          -3.04199
           7.36052
           0.74281
          -0.94251
          -5.51573
          -0.05890
          -4.62425
          -0.71524
          -2.35913
          -2.08248
          -0.20161
           2.04673
           1.01188
           1.23180
           0.71801
          -3.64350
           2.13368
          -2.50587
          -0.27284
           0.57998
          -3.55868
          -2.57465
          -4.80083
           3.09095
           4.40467
          -4.79119
           1.23274
           2.34942
           1.63719
           1.60077
           0.67773
          -0.41091
           1.66806
           0.59219
          -2.83292
           4.85744
          -0.50274
           2.81119
           2.80497
          -0.56989
          -2.17910
          -6.50274
           0.85654
          -0.72878
           2.63050
          -3.59722
          -1.70561
           2.50797
           2.16575
          -7.26814
          -1.84865
          -0.12783
          -0.18253
          -0.92490
           1.32067
          -2.33581
          -5.50357
          -2.84846
          -5.84689
          -1.02925
          -2.44791
          -0.25262
          -2.26890
          -3.29443
          -1.37227
          -2.54693
           5.48945
           2.53307
           2.20604
           3.11913
           1.61650
          -1.81195
           4.67339
          -4.33302
           3.99861
          -1.19593
           1.27694
          -3.31136
          -2.63729
           4.58450
           2.08873
          -0.22751
           4.85670
           2.50580
           0.32600
          -2.86367
           2.09906
           2.21763
           2.52637
           1.99264
          -0.79650
          -4.73874
           3.28107
           5.15844
           0.26973
           0.85876
           2.63723
           0.64437
           1.08588
          -0.84308
           6.22081
          -1.20701
          -3.68280
           1.01702
          -3.91188
          -3.71929
           1.64966
          -0.85553
               NaN
           2.96134
           0.36827
          -2.76181
          -3.60681
           6.28245
          -2.57456
           1.72756
          -2.81325
          -1.27358
          -1.58098
           0.07785
           3.70921
           0.26283
          -1.73815
          -1.34764
          -2.44505
          -2.21932
          -0.95126
           2.11995
           1.06670
           0.17865
          -0.04220
          -1.54578
           0.66453
           2.16535
           3.90586
          -1.70180
           1.37499
          -3.40058
          -2.55019
           0.59919
          -0.00414
          -2.01702
          -5.52739
          -3.37753
          -2.28460
           0.95273
           4.15312
           1.41556
           0.83117
           4.61007
           1.17220
           2.67386
          -6.27122
           4.79362
          -2.54994
          -4.10991
          -1.61370
           2.72043
          -2.09013
           1.16022
          -7.19837
          -1.83851
           0.59487
           1.52073
           4.08335
           3.64784
           4.34398
           4.07121
          -2.52271
          -1.80661
          -1.39737
           4.63659
          -0.21849
          -3.46434
           0.81526
           0.04897
          -4.04228
           4.39501
          -5.02586
          -4.70035
           3.59065
          -0.02295
          -2.79525
          -0.20949
          -2.72753
          -2.78692
          -1.21085
          -0.92030
          -2.03758
           1.62074
          -1.59645
          -1.48987
          -2.96805
          -0.92026
           4.72858
           0.77085
          -1.56671
           0.91836
           3.90588
           4.52317
          -2.74422
           0.89937
          -1.07221
           4.14692
           1.69272
           3.19127
           0.89801
          -2.30675
           0.40486
          -0.57063
          -3.83725
           2.67968
          -1.58776
          -0.09721
           0.83291
          -1.74837
          -0.68413
          -1.09474
          -5.52911
           1.77611
          -1.52802
          -2.87310
           3.19435
          -0.37829
          -0.90281
          -0.77657
          -5.90739
          -0.89083
          -0.97089
          -4.81882
           3.02634
           2.63006
          -3.12810
          -4.56941
          -4.47034
          -0.84322
           2.83417
          -3.02384
          -2.28247
           2.95573
          -2.28513
          -2.93022
          -1.40341
           1.05053
          -1.16500
           3.77286
           3.82661
           0.42579
          -1.09615
           1.73578
           3.49012
          -4.23703
           1.71858
           1.77772
           0.14345
          -2.90152
          -4.47018
           0.83724
           6.03504
          -0.44638
           0.56360
          -0.84907
           3.71414
           2.03394
          -5.70137
          -0.13738
          -2.67473
           0.99419
           5.54253
          -2.94440
          -0.41409
           3.25082
          -2.25798
           0.84809
               NaN
           6.15210
          -5.50252
           1.16922
          -2.02225
          -6.96562
          -0.49205
          -4.16976
           2.53240
          -1.24688
           4.13405
           1.66742
           2.96564
          -4.34954
          -0.87813
          -0.33031
           1.39474
           3.07024
           1.65266
           0.89311
          -1.51045
          -5.06959
           2.31258
           7.66374
           8.13836
          -2.16205
           0.90201
           3.22689
           6.69488
          -0.81092
           1.40194
           0.82636
          -0.55153
           0.51516
           1.03805
           4.01244
           1.62371
          -0.67529
           5.44936
          -1.14494
           1.58449
          -5.64296
          -0.45238
           0.47977
          -3.34279
           0.53064
          -6.17267
           2.25572
          -1.42864
          -2.09894
          -2.54014
           4.77567
           2.57396
          -2.08925
           1.55311
           0.09032
          -0.20485
          -0.17072
          -3.97985
          -0.99842
          -5.91039
          -0.54437
           5.15813
          -0.57121
           0.73361
          -2.97667
          -6.16562
           0.42626
           2.14797
           0.96961
          -0.96811
          -1.72334
          -3.31934
          -1.36730
          -5.17396
          -0.90620
           1.16176
          -4.45418
          -1.38629
          -0.25011
           4.39359
           2.70448
          -0.14044
           3.30533
           0.04330
           0.65780
          -0.99995
          -0.33194
           6.53104
           0.57622
           0.50074
          -2.48422
          -1.99158
               NaN
          -0.10594
          -0.66545
          -4.60559
           4.04552
          -0.57900
           1.62897
           2.94082
          -0.16119
           0.87903
               NaN
          -0.72888
           2.62993
           1.93141
           1.45446
           0.69878
           4.79366
          -0.25830
           4.16014
          -5.79810
           4.22562
          -0.36016
          -0.33116
           2.77876
           0.36105
          -5.17984
           3.87274
          -1.48890
          -2.42857
          -5.05050
          -5.08361
           1.40653
          -0.73284
           5.78331
          -0.41959
          -2.43482
          -2.32674
          -2.00590
           1.09553
          -2.63726
           2.35891
           0.92739
           2.21520
           3.51272
          -0.07405
           3.61634
           4.69074
          -6.76613
          -0.09336
          -5.35640
          -0.46362
           3.84625
          -5.32822
           4.53668
           1.35288
          -2.16146
           3.64408
          -0.21986
           2.32423
          -0.01718
               NaN
           2.39929
           1.78125
          -1.07881
          -2.47344
           1.69588
          -3.28225
          -0.77288
          -5.72704
          -3.86967
           0.98306
           5.60876
          -5.10724
           2.47565
           0.76004
           7.95474
          -0.08709
           2.91633
           2.08482
           0.88897
          -1.77161
           0.66605
           2.06573
          -4.81392
           3.04603
           4.79054
           1.37125
          -6.66180
           1.72489
          -2.80127
          -0.32202
           2.04437
           3.72385
          -2.78034
          -4.14875
          -5.25878
          -3.52155
           4.18487
           3.49275
          -0.34678
          -0.32361
           3.13607
           1.30747
          -3.72022
           5.99799
           0.59343
          -3.05917
          -4.49767
           1.65991
          -1.52876
           1.57059
          -1.94738
           0.48644
          -1.10939
          -3.31519
          -1.09197
          -1.01567
           4.96849
          -2.26668
               NaN
          -3.19129
          -1.80904
          -0.71630
          -1.32422
          -2.44456
          -1.87669
          -2.42099
           6.52728
          -3.12226
           8.29945
           1.37376
          -2.89268
          -1.78950
           5.31318
           2.02305
          -3.56116
          -4.56990
           5.75548
          -1.18359
           1.53297
           2.25547
          -3.66898
           4.00324
          -2.84124
          -3.81150
          -1.05433
           1.68101
           3.03577
           1.78253
           2.08514
          -0.63346
           5.68504
          -0.08554
           1.18997
           2.59450
           3.50185
          -5.61263
           1.40355
          -5.35366
          -6.27529
          -4.20112
           2.52894
          -0.30068
           4.58588
           2.22917
          -0.41898
           0.99379
           0.96550
          -1.74957
           1.42730
           1.41319
           1.42159
          -1.95132
          -0.99549
           2.65139
          -0.58248
           0.05185
          -1.77530
          -0.54598
          -4.03311
           0.80525
           0.93169
           4.10539
          -3.03350
           1.69119
          -1.14082
           0.30054
          -8.30699
          -1.42330
           1.39779
          -1.12498
          -8.30701
          -2.81267
           0.81575
               NaN
           2.28427
          -2.58088
          -2.49202
          -1.27937
           1.63541
          -3.19408
           1.84667
           1.92947
           2.07857
          -1.67455
          -3.27464
           0.12798
           2.27861
          -5.69336
           0.64860
          -0.59547
          -4.77061
          -3.63587
          -4.81518
           0.52922
           1.39529
           0.43276
          -4.19884
               NaN
           1.18259
           4.47222
          -1.42813
          -1.77121
          -0.94797
           1.30200
           2.80817
          -0.35995
          -2.95350
           6.64647
          -5.14310
          -0.26518
          -2.80546
          -1.07755
          -6.29101
           3.26471
           1.95086
          -0.10043
          -7.37108
          -3.33192
           0.96545
           1.35071
          -1.24997
          -2.02615
          -2.59486
          -3.63054
          -0.01134
           5.08550
          -1.54345
           3.55933
           2.75560
           1.03905
          -0.81507
           2.49764
           2.47200
          -0.50890
          -0.21181
           2.12276
          -2.20294
           2.81976
           0.34241
          -1.84684
          -4.24991
          -5.49272
          -1.38077
          -2.03658
          -0.73852
           2.34871
          -2.18557
           3.48865
          -1.58788
          -7.47022
           0.01439
           0.91464
           3.24891
          -1.29708
           3.70396
          -4.97024
           0.25635
           0.83676
           0.87736
           0.61985
           1.40383
           1.03274
          -0.59725
          -1.05298
          -2.31357
          -0.70728
          -0.36409
          -7.89773
           1.21441
           2.81362
          -4.70337
           0.45995
           0.93117
           3.30380
           1.01967
           0.09021
          -4.96489
           1.11876
          -6.60561
          -2.21222
          -3.94835
          -0.52134
           2.40599
          -4.93008
          -5.18665
          -0.77960
          -0.54066
           3.20925
          -3.90002
          -3.05271
          -3.25386
          -4.41775
           0.69408
          -4.72346
          -4.33379
          -3.12234
           0.67582
          -0.64430
          -3.17992
           0.87318
           0.55338
          -1.50079
          -2.99165
          -4.43565
          -2.42553
          -0.25402
          -1.33380
          -3.25023
          -1.74241
          -1.85210
           4.46628
          -3.37232
          -6.42268
           2.64269
               NaN
           1.04785
          -0.62022
           2.14060
          -0.46789
          -1.61822
          -1.16679
          -5.94358
           4.44294
           3.54109
           4.13903
           2.49620
          -2.95722
           3.66314
           0.14540
           2.99725
          -1.30474
          -2.14038
          -3.15637
          -6.98022
           2.02083
          -2.22839
           0.86933
           5.03681
           4.18721
           5.50190
          -3.00934
          -0.77029
          -2.24309
           1.28717
          -1.39477
           3.24701
           0.20325
          -2.98164
          -0.89682
           0.68297
          -1.72997
           0.68006
          -1.20178
           1.82638
          -4.24654
           4.52030
          -1.24646
          -0.59843
           0.61847
          -6.43053
           3.58365
          -4.99885
          -0.92886
           0.08274
           4.05952
          -4.43747
          -0.06843
          -1.04615
          -6.16672
          -1.96698
          -0.41647
          -1.39515
           2.62500
           0.64433
          -4.53167
          -1.00915
           2.27862
           4.25948
          -3.99932
           7.54584
          18.38442
           2.42679
          -7.18888
         -10.82247
          10.29855
          -3.35324
           9.38888
           0.60209
           9.30496
           3.89570
         -13.22330
           6.85091
          -3.12738
           3.58582
           2.89141
           1.73779
          -1.59158
           5.47010
          -6.33577
          -3.94834
         -12.99246
           0.88886
         -11.80915
           8.00905
               NaN
           5.42060
          -4.88441
           9.75256
          19.63979
          -2.10345
         -11.28307
           0.95293
          20.30097
           6.65251
           7.28375
          -1.81447
          -3.70205
           9.65513
         -16.90748
          10.64552
          -0.49015
          18.30723
         -19.05712
          12.98308
          -2.76387
         -20.90449
          12.51680
           5.60606
           2.12122
          10.49235
          -4.64554
           6.67877
           4.02787
          -8.01850
           3.66572
           3.18954
         -15.78579
           0.81195
          -4.85100
          -5.48807
          -8.61242
          -2.94417
           0.62096
         -21.17563
           0.53392
          -6.02927
          -9.69467
          -4.17798
          -4.00980
          22.90166
          23.36046
          -6.53356
           1.57155
         -13.04397
          14.03224
           0.94457
          -1.40491
           0.59051
           5.92165
          -9.42219
          -0.14600
           7.48681
          -8.71054
           2.17305
           1.47160
               NaN
          -8.25855
           8.16553
          -6.36565
           0.90557
          -7.13402
           3.04124
           0.60315
          -6.31299
           5.20848
         -11.57060
          -6.60381
          -0.08229
           0.40545
          -7.05806
           9.33787
           2.71413
          15.41919
           9.53226
          -6.23136
           1.09365
         -16.06294
           4.84903
          -4.37685
          -6.28171
           9.59629
         -19.09935
           6.04207
          -8.50541
         -11.80385
           6.17028
          -9.03042
          11.80020
          17.00176
          26.10295
          -0.98458
           1.20875
          18.48693
               NaN
          -1.20516
          -9.87069
         -22.03457
          -6.84262
           8.31046
          -7.07400
           6.82380
          14.23356
          -5.17379
          -9.68273
          -2.46754
          -3.25116
          -9.43675
          -1.23448
          -2.54209
          -2.21102
          -7.86613
         -11.39958
           6.86670
          -4.74924
          -0.36208
          -4.14499
          -1.99809
          -1.52436
          10.19000
         -10.84611
          17.48745
          -3.85900
         -14.32493
           0.59619
          13.62426
          -0.84846
          -7.52253
          -1.18936
          -0.11482
         -22.90021
         -10.04263
          -2.70464
           4.53766
         -18.59200
         -24.93572
         -17.35937
         -11.97117
          12.02639
           3.76250
           4.01577
         -19.16917
          12.88928
          12.48330
         -12.64579
           4.69796
           5.13617
           0.66086
          -5.21942
          16.07213
          -9.80931
          24.06867
          -3.35989
          -9.18779
          18.89788
         -13.43794
          -6.37093
           6.89704
           8.83005
          -4.32495
           4.40937
          -2.26378
           6.07786
          -0.09129
           1.34049
          -2.44455
           1.51104
          -6.53117
         -12.76771
         -13.17076
         -10.24681
           2.02266
           1.55967
          21.65274
           2.04994
          -3.71294
          16.71956
          -9.56987
          -2.23350
           6.01318
         -12.24038
           9.33557
         -18.17536
          -8.44725
          13.87977
          -3.41207
          -2.10160
          -6.25411
          20.13464
           0.79484
           3.48907
          15.79656
         -18.99409
         -10.62497
          14.27157
          13.59524
          -3.99035
          -5.16763
           1.71134
           6.07392
         -10.99989
         -12.51589
         -11.52985
           6.21656
          12.35156
           4.22774
          12.57640
          -9.72196
          -3.61611
          -5.63281
          -1.58235
         -12.73623
           1.97887
          -4.16850
           2.53054
           0.21573
           9.15281
          -3.50714
           3.17709
          15.06358
          -8.53545
         -23.79999
          -8.17336
          -1.47179
         -20.92937
         -12.04466
          17.43492
          -0.48541
         -15.67241
          -0.60116
          -1.14433
          -2.28010
         -15.41651
           9.06741
          -4.88075
           5.08788
          -6.04398
         -13.54941
           7.10136
         -10.07468
           1.97261
          16.18119
           3.80470
           9.86873
          -2.37835
          -6.29709
           8.62976
           3.13365
          -5.33818
           5.29484
          14.59831
          -3.43944
         -15.07264
          -4.27572
          -1.44812
         -11.08536
          -5.85553
           6.78460
         -11.16916
               NaN
          10.22110
         -15.29618
          -6.32338
           7.12141
           3.19645
          -1.88256
          -4.47008
           1.38454
         -10.36930
          12.32122
           9.62374
           4.45727
           0.42615
           7.31206
          -0.30467
          -5.28983
          -0.96325
          22.46321
          -4.39818
           7.72074
          -9.55803
           4.09159
          14.77140
           0.20282
          -4.34159
           9.42536
          16.18630
           4.28237
          -9.36163
          -7.30655
           1.09154
         -10.92672
           9.90204
           6.06719
          -6.31785
          12.16137
          15.89079
          -8.69170
           8.34967
          17.51558
           5.25060
           2.02510
         -10.43041
          13.62696
           0.12951
          -7.07835
           2.50671
         -12.53106
          -9.59403
           3.24065
           0.12022
          16.26421
           8.09317
           7.78725
         -12.78756
          -4.25280
           4.93658
         -14.39839
         -23.79841
          -5.23457
          -4.23528
         -10.88907
          -4.32559
          -6.61102
          -7.76890
          -1.30804
          -6.84858
           1.86660
           2.41802
          14.16933
          -3.48506
           4.89983
           8.58357
           1.44538
          -9.62588
           3.50780
           1.29236
          -6.30769
          -8.23007
           7.73391
           6.36585
          -2.51135
          -2.76154
          -0.86251
         -11.13883
          -8.04006
           0.82975
          -1.50986
          10.85738
          20.94619
           9.59819
          -1.44355
          -2.29559
          -2.59448
          10.34665
         -26.15282
           4.00593
          -7.21723
          -4.88100
           1.30738
          -0.50731
          -2.33393
          12.63731
          -4.96020
         -11.41955
          13.02728
          12.38326
          11.30498
          12.88868
          16.53060
          -0.69863
           5.43474
          -2.84099
          17.93057
           7.67694
           1.11305
          -5.79036
          -1.99536
          -2.58039
           7.07773
           7.69364
          -3.58922
         -18.39541
           7.34812
         -10.19425
          -6.06974
          -2.08262
         -11.47411
           0.35447
               NaN
          -1.34220
          10.59381
         -11.66409
         -12.85045
          -4.74120
          -7.29912
          -1.07121
          11.87639
          16.16053
          -9.79566
          -3.59159
          15.83425
           3.87544
           2.57273
           8.75261
          -9.59347
          21.08938
          10.17197
          18.45653
           2.34610
          -6.16166
           6.50548
          -8.06094
         -10.97081
          13.06084
          -2.00284
         -12.75928
          -1.97345
         -19.83938
          -7.58865
          -2.35766
          -6.88688
          11.18666
          -4.00305
          -7.77217
           9.35277
           1.72322
          -7.02084
           7.90293
          -8.19782
          -8.82080
         -15.27385
           1.05696
           9.11902
           5.53875
         -15.69510
          -3.40497
         -22.57940
           1.23321
          14.59924
          -4.88057
         -12.05889
          -5.39223
         -12.58431
         -10.61865
          -0.33977
           2.87575
           1.58266
           0.32371
           1.89392
          -5.21751
          -6.04405
          -0.83305
           8.52923
         -11.40226
          -1.31366
           3.88720
          11.77349
           3.94469
         -21.77526
          14.01792
          16.71324
          -3.33050
           5.08154
           4.61999
           1.01176
           1.92911
         -17.84962
          -9.92139
          -0.43951
          10.07227
          26.07273
           1.32080
           4.02407
          -2.99960
           1.08343
          -8.38101
               NaN
           5.72924
          -7.34914
         -12.19727
         -18.65172
         -13.28838
           4.41973
          -9.55986
           2.32666
          -6.65296
           9.70085
           5.14074
          -1.60186
          -0.97756
           2.74094
          -6.47972
           9.48184
           7.94375
          -9.89359
          10.03980
          -8.25070
          -5.44544
           1.59152
           6.34079
          17.02830
          -2.34406
          -4.09738
          16.49460
               NaN
          -7.58990
          23.46914
          11.34062
           3.22185
           1.31425
          -8.17557
          13.96590
          -9.66549
          -0.74046
           5.26171
          -0.61194
           8.93666
         -14.29847
          -6.70537
           5.44092
          -6.65960
          -0.86783
         -11.97069
           0.69902
          10.40226
          -5.16464
          -8.44059
          21.87955
          -0.85455
           9.64292
          -0.98047
           4.62897
          15.01884
           2.37267
          -1.76936
           3.69995
          -9.98021
          -2.09708
          14.41942
          10.12052
           8.19300
         -14.64300
          -4.13570
          -4.65584
           2.90719
          -2.72557
          -0.66188
          -0.77259
          -9.41905
          -3.06803
         -13.80223
           4.99163
          -1.80679
         -24.93818
           0.82524
          10.44926
          25.06526
         -13.40600
          15.95318
          15.52318
           2.72727
          -8.52106
         -17.77213
           1.76134
          14.91793
           4.75332
          -1.64181
          -1.87608
          -6.33980
         -19.22489
         -12.01557
         -11.52717
         -13.52907
          11.23270
           8.50594
          -8.34644
          -5.12509
           4.17928
          11.94273
          10.35165
          -4.81169
           8.21794
           6.62848
           6.25066
          15.98929
          24.41778
          -2.58636
          10.94101
         -11.24148
          13.31909
          18.19920
          -0.10557
           6.10509
           5.03841
          -9.89031
           5.53487
           2.28164
          -0.28938
         -11.33492
         -23.15567
          -1.79265
          -6.42078
          20.39555
          -9.32688
          -5.28124
          -8.13036
          -5.69386
          -1.83702
          -3.92152
          10.42908
          12.12786
           7.03843
          -2.00060
           7.87106
          -0.76931
          14.55827
         -22.42207
           8.52957
         -10.81230
           6.82009
          -0.49654
           3.33050
          14.64373
           8.01982
         -13.00698
          13.22784
          -1.31214
           8.72107
           7.09663
          21.65139
           4.97288
           1.74492
         -13.51772
           3.64914
           0.47269
          -5.94590
          -4.75928
          -9.29043
          -9.02773
           0.47440
          26.44440
         -11.24579
          -5.11850
          11.58421
          24.82043
           0.88970
           8.18160
           6.94975
          11.49678
          -4.60903
          -4.59248
          10.38846
         -21.84150
           7.70731
           1.29806
          11.09245
         -13.04862
          12.00131
          -0.63983
          -3.19599
          -6.31951
           0.39803
         -12.17944
           2.31273
         -11.67855
          -0.28289
          12.46196
           4.53195
          -1.47166
           2.14982
          11.36243
           8.24710
          -7.80354
          22.13866
          -9.17457
          -6.90019
         -19.92573
          -4.16364
          -3.75683
          -4.98563
          -1.42430
           0.44556
           1.27549
          -1.48813
           0.49154
          -3.36614
           2.44778
           1.12871
         -16.31968
          -3.27371
           0.14700
         -10.73387
           7.55450
          -4.09721
         -12.66149
         -10.67668
          11.41101
           1.35415
          19.10033
          -1.53202
          -4.38326
          -0.36199
           6.42476
           5.77099
           3.51889
          -9.04314
          -3.60048
          -6.85219
          15.51553
          11.11992
          -8.69016
           9.35941
         -16.84736
         -10.13192
         -10.80355
           7.57746
           1.09528
           1.70555
          -4.54236
           2.16393
          24.53484
          -3.26744
           7.95510
           2.69505
          -1.00040
         -12.81037
          12.18937
          -2.39162
         -12.77794
         -15.58253
          14.44823
           1.37271
           8.82354
           4.14083
          -3.89323
           9.02617
          -3.44027
          -6.10495
          19.14318
           5.42582
           2.68881
          -6.86679
           7.88449
          -8.76594
          14.21201
           9.65271
         -16.16850
           2.89674
         -19.17662
          -3.87288
          14.34027
           8.24284
           0.50718
           0.12057
           7.26720
          -0.02605
         -13.22999
          -1.68076
          -2.03589
          -5.76629
          -0.12198
          -4.34370
          -2.56636
          19.58555
          11.15802
          -1.09867
         -10.42921
           0.24338
          -4.63165
         -11.40464
           9.04114
          12.48618
           0.45592
         -16.88897
         -10.22810
          -3.86453
           2.82296
           0.91721
          -2.51431
          11.12575
         -13.01514
         -10.53131
         -11.65635
           6.59271
           0.45439
          -0.32380
         -21.43704
         -26.71886
           6.44481
           8.25604
          -5.67300
           3.52148
          -5.28866
          -4.61796
          14.32015
          11.82076
           4.91567
          20.22348
         -23.49801
          -8.52703
         -19.85038
          -2.14333
         -16.98968
          -4.13226
           8.75950
           9.81911
          -8.66645
          -5.67197
           2.26399
          -0.80131
           2.23487
         -19.63988
         -13.24284
         -18.66021
          -0.27349
          10.71969
          10.31750
           8.84852
          -1.00763
         -13.79854
          -3.97515
          10.14520
          11.98470
           0.50724
           2.52232
           3.68014
         -14.39708
          -2.40704
          -6.75635
           2.77878
          -8.20236
         -18.51453
           0.93712
           5.76140
          -9.31340
           8.05138
          -4.68358
          12.00778
          -6.55055
         -16.06162
           6.06447
          11.48706
           5.12661
           5.96536
          13.18737
         -12.59733
           1.98008
           9.53400
           9.24900
           1.73959
          11.34645
          15.53396
          -4.67620
           1.64268
          -6.19905
          -7.89191
         -15.03826
         -16.31525
          -5.31983
          -2.96622
           0.35196
           4.56725
         -11.61021
          10.40371
         -14.48782
           0.26917
         -16.70253
           7.23345
         -24.22535
         -12.66595
         -11.91843
           6.99582
          17.66330
         -17.96917
         -20.21432
           1.29375
           4.99948
          18.34915
         -12.94459
         -11.52048
          -9.79294
         -16.57322
          -3.92832
          -5.20876
           2.16168
          -5.43876
           4.87064
          -1.39814
         -10.36548
          -6.82464
          -1.68614
          -0.48422
         -16.11153
         -19.39885
           3.18463
           2.51214
          -9.88255
           4.77530
          -3.54087
         -11.31738
           8.80884
          -2.55126
         -24.65406
          13.79944
          19.50441
          13.96852
           0.76710
           0.67188
           5.83153
           6.21692
          -4.16231
           1.90084
           3.22654
           6.41715
          12.48932
          12.60159
         -17.12641
           3.85891
           5.19324
           3.07193
          -6.39128
          -2.09280
         -20.09641
         -22.23884
           0.40678
          -6.32423
           3.65412
           5.84725
          10.70071
          11.56476
          -4.52571
           4.94617
          -7.97625
          -1.54641
         -14.20287
          10.96853
           3.90829
         -22.43363
         -22.13588
          -1.55307
          -0.38647
          14.80321
           2.75085
          -0.66448
           4.02373
          18.17981
          -6.41620
           8.37178
          11.29027
         -12.73079
           6.60784
         -12.35228
          -4.44387
         -12.35353
          12.39415
         -15.45575
          -1.98684
          14.02924
         -16.29744
          11.15569
           0.68814
           4.68880
          12.33129
          10.58823
          -4.08678
          -6.34689
           3.40316
           0.52084
          -0.21871
          -7.40844
           1.20776
          -5.53421
           0.59253
          -2.46699
           2.31318
          -1.69244
          -3.89901
          -3.07644
          -1.03045
           0.10232
           1.50372
          -0.39412
          -1.38376
          -1.96278
          -1.28664
          -0.39284
          -3.03334
           0.34044
          -1.45665
          -0.76658
          -3.17219
           2.25551
          -1.24972
          -1.61847
          -6.61734
          -5.67951
          -2.92802
           1.65343
           1.65689
          -0.90342
          -2.65657
          -0.78569
          -1.08877
           2.39726
               NaN
           0.01154
           2.74343
          -6.37897
           2.91430
          -0.63607
          -1.28082
          -1.32930
          -2.58383
           2.33421
          -0.39409
           4.71588
          -6.27510
           6.37530
           0.68230
           0.19108
           3.86501
           1.46283
           1.06197
           2.01807
           2.69683
           6.03553
          -2.04660
           3.25646
          -1.53256
          -3.35332
          -0.59677
          -0.20399
           4.68369
          -4.39166
           0.67421
           0.05598
          -0.59726
           2.08706
           3.28088
           1.64719
          -0.14719
          -3.65436
           0.89252
          -3.90111
           0.49218
          -1.73606
           1.28784
           1.93463
          -2.62323
          -0.44205
          -0.82613
           1.27111
          -2.68133
           4.38623
           5.99388
          -4.06009
          -1.03240
           0.15115
           6.95331
           1.50786
           0.18820
           0.32803
           0.93084
          -2.93745
               NaN
           0.50560
               NaN
           0.30766
           0.52648
           1.37496
           4.13936
           3.81156
          -4.99188
           1.82887
          -1.26925
           0.19615
          -1.77445
          -1.82012
           1.23313
           0.85452
          -1.63777
          -2.43416
          -1.11632
          -2.63348
           0.37565
           1.32948
           0.30794
          -3.58577
           2.95927
          -3.49643
          -2.23162
          -1.24924
          -2.40738
          -4.76656
          -0.06731
          -2.00733
          -2.65440
          -1.74312
          -2.17043
           0.00301
           2.01595
           3.33960
          -1.38340
           1.40628
           3.61288
          -2.94851
          -1.04071
          -4.59682
          -3.20350
           1.49347
           0.49235
          -2.44293
          -0.31496
           5.20218
           0.39895
           4.78656
           2.53131
          -4.53784
           0.09833
          -0.25508
           3.71357
           2.73195
           2.12394
          -0.17950
           0.70398
           4.12282
          -0.16888
           1.64807
          -0.58802
          -0.33943
               NaN
           2.29598
               NaN
           0.73197
          -2.34613
          -4.02865
          -5.92047
          -6.57650
           3.82140
           4.59940
          -3.66630
           0.40742
           0.42812
          -0.82402
           1.61464
          -5.38188
           0.41762
           1.25931
          -1.34315
          -2.92113
          -1.24144
           4.45742
          -5.34705
          -4.14631
          -1.31311
          -2.17797
          -1.85572
               NaN
          -1.41638
           0.61298
           2.72737
           3.47442
          -0.64956
          -3.29397
          -2.38834
          -1.66141
          -1.07684
          -2.65610
          -0.45931
           3.80557
          -0.17130
          -3.37062
          -0.99225
           0.14975
          -2.02687
          -1.06456
          -0.13158
          -2.64548
          -0.08527
          -3.90006
          -0.11301
          -1.85874
          -4.60652
          -0.65508
          -0.64360
           1.15770
          -3.66598
           3.39142
          -0.12158
          -4.08234
          -3.29132
          -3.26189
          -2.12128
          -0.03472
           5.72993
          -2.44403
          -1.14817
          -0.33632
           2.09909
           2.88330
           0.15570
          -3.13914
          -5.13532
           6.23207
          -0.04511
          -3.99908
          -4.56471
           0.74537
          -4.39622
          -0.51919
          -0.01291
          -3.00073
           0.69529
           1.93734
           1.19189
          -0.55911
           1.67330
          -5.18561
          -0.78972
          -1.14260
           5.04656
           2.55907
          -4.03052
           1.57528
          -3.16303
          -0.15216
           5.51030
          -2.33099
           1.64738
           3.13934
           2.52287
           5.44831
          -1.21914
           0.59971
           0.89485
           2.09260
          -0.40997
           4.35010
           1.66143
           3.00079
          -0.21934
          -1.55897
          -4.90307
          -7.43524
           2.47394
          -2.84471
           2.51674
          -3.20359
          -3.28839
          -0.22560
           3.43306
          -5.50357
          -1.29990
           0.17068
           2.28256
           0.18990
           0.08530
          -0.33862
           0.34879
          -5.80343
          -3.71045
           0.16773
          -4.61150
          -1.03245
          -2.35625
          -3.02862
          -1.99557
          -0.77832
           3.94481
           0.92990
           1.69705
           3.72801
           0.32876
          -2.15274
           6.92604
          -5.09491
          -0.17616
          -0.47191
          -0.17998
          -1.89901
          -4.15866
           2.28129
           2.51513
           0.70267
           3.82374
          -0.58731
          -0.56852
          -1.39451
           4.22563
           2.47224
           5.56806
           0.20436
          -2.34836
          -4.38171
           1.27328
           2.73190
           2.29587
          -0.83490
          -0.72670
          -0.39708
           0.87353
           1.32458
           4.54631
          -1.50919
          -2.91508
           0.68021
          -1.96311
          -2.39103
           1.28994
          -1.07615
               NaN
           1.80106
          -1.30914
          -0.49503
          -3.46076
           6.58675
           0.09876
               NaN
          -2.26580
          -0.60395
           0.52354
           1.07345
           6.04257
           2.07878
          -1.83540
          -0.10390
          -3.41989
          -3.26781
          -4.36996
           3.38722
           0.20004
          -1.72167
          -0.37854
           0.28110
           0.02168
           2.36273
           6.21511
          -0.22579
          -0.06274
          -5.60873
          -2.55897
           1.35904
           0.18993
           0.04538
          -4.95928
          -4.32879
          -2.45976
          -1.28668
           0.35627
          -0.43451
           1.34547
           6.17142
           2.02383
           0.93907
          -1.77607
           4.97171
          -1.49469
          -3.93557
          -2.27414
           3.45021
          -2.03501
          -1.43470
          -7.70441
           0.32772
          -2.21604
          -0.93524
           2.45057
           1.55853
           1.58863
           5.14965
          -4.32186
          -1.57274
          -5.76734
           3.94918
          -0.51954
          -2.93844
           1.45073
           0.64346
          -6.55647
           3.64920
          -5.35068
          -1.60396
           2.74110
           2.27673
          -2.05490
           0.21402
          -0.74997
          -3.49717
           6.01549
          -0.82491
          -4.89348
           4.62438
           0.94803
          -0.75476
          -1.98881
          -0.88613
           3.11249
          -2.70869
           0.29382
           1.93804
           1.20892
           4.66962
          -3.94637
          -0.87622
           0.85441
           0.31629
          -0.22441
          -0.26015
           0.57060
          -1.43517
          -0.97447
           1.12291
          -2.22438
           0.33254
          -1.49391
           2.76563
           1.46742
           2.34193
           0.87696
          -0.80920
          -5.22212
          -0.35158
          -0.96842
          -1.76544
           1.80196
          -0.85343
           0.48045
          -2.73897
          -5.38954
           0.90211
           2.26296
          -6.14731
           1.64881
           1.97241
          -0.28675
          -4.83269
          -0.37595
          -1.31269
           0.17414
          -2.60404
          -0.07207
           4.84317
           0.04348
          -1.19190
          -1.64389
           0.63785
          -1.78624
           4.55270
           4.26358
           1.70172
           0.02255
           2.31659
           2.35080
          -2.61701
           2.40415
           1.30078
          -2.48605
          -4.44942
          -0.55757
          -2.14287
           3.62075
           0.20570
          -0.45789
          -2.08561
           4.32513
           2.05764
          -2.95470
           2.07474
          -3.18010
          -1.05833
           0.90074
          -3.90875
          -1.41755
           4.66402
          -3.01346
           2.93475
           1.58269
           6.24771
          -5.08500
           4.19133
           1.73761
          -5.53607
          -1.60258
          -2.95108
           2.57892
          -0.02458
           2.87541
           0.88211
           3.99834
          -5.11193
          -1.69638
           1.06004
          -0.43372
           1.96836
           4.26322
          -1.17492
           0.01350
          -4.98462
           2.47561
               NaN
           6.12839
          -2.12090
           2.03236
           0.22711
           0.45256
           0.72178
          -3.58736
          -1.55087
          -1.40467
           0.33449
           3.12121
           1.76200
           4.17616
          -0.66055
           5.49179
          -1.26545
          -0.07781
          -3.68598
           0.96139
          -0.64192
          -2.59287
           0.84683
          -4.86177
           2.60768
          -4.10356
          -1.40579
          -1.20607
           0.90856
           3.34913
          -4.74184
           2.12595
          -0.93585
          -3.64687
          -0.74578
          -4.47963
          -2.06070
          -4.99022
          -0.19331
           3.06419
          -2.98857
          -0.95293
          -0.33896
          -6.62457
           1.57531
           1.97632
           1.80508
          -1.03734
          -1.93830
          -1.94022
          -0.98277
          -3.22314
          -2.23968
           1.83293
           0.17717
          -1.88631
          -2.66920
          -0.28019
           6.34700
          -3.77914
           0.54292
          -0.56353
           2.73310
           2.79217
          -0.80523
           4.63480
          -0.36821
           0.98516
          -2.62171
          -1.00847
          -7.07423
           2.58678
           1.79034
          -2.58803
           2.42053
          -2.63307
           3.88437
           4.76449
          -1.14255
          -1.62243
               NaN
           0.19423
           1.36651
           0.86942
           0.37006
          -2.75834
           0.35673
           0.26807
           2.62701
          -4.56737
           2.16962
          -4.55636
          -0.38217
           2.02669
          -0.69648
          -4.11482
           3.49693
          -2.34140
          -2.91223
          -3.62962
          -0.99758
           2.12985
           0.55318
           2.47955
           1.59432
          -1.79126
          -1.01456
          -1.17206
           1.75856
          -2.34689
           0.53428
          -1.60500
           1.12468
           4.75926
          -1.87041
           4.60791
           2.45972
          -3.22639
          -2.04297
          -4.12284
          -2.11043
           4.82814
          -7.28592
           2.25151
          -0.15449
           0.29067
           1.47723
           0.02710
           0.87793
          -1.62558
           6.44656
           1.81741
           1.78946
           1.73358
          -3.85774
           1.97244
          -2.68001
           0.12844
          -4.92138
          -2.70346
           1.09807
           0.89790
          -3.71934
           4.19266
          -1.68726
           4.14148
          -0.30794
           1.72587
           0.98488
          -1.50941
          -1.13009
           1.85498
           0.18399
          -0.96405
           1.99214
           5.58018
          -0.82667
          -5.21777
          -0.59857
          -3.28996
           0.32777
           3.93541
           4.47581
          -0.65524
          -5.60967
          -3.80730
          -4.25380
           2.31345
           3.25779
          -0.09245
          -0.88284
           1.27612
          -0.26156
          -2.79699
           2.34865
           2.80194
          -2.19073
          -1.00944
           2.97659
          -1.02500
           3.05293
          -2.06565
           0.49568
          -1.64860
          -3.72828
          -1.44999
          -0.48424
           5.53841
          -3.03437
               NaN
          -3.17266
          -2.25129
           1.54863
          -3.33167
          -2.07090
           0.56171
          -0.55441
           5.42308
          -4.13436
           5.85741
           2.03074
          -2.55566
          -2.11226
           5.06186
           1.17566
          -5.16194
          -3.55851
               NaN
           0.09805
          -1.62844
           0.25126
          -2.53371
           2.79223
           0.32549
          -2.38248
           1.14993
           0.34785
           3.47451
           1.79994
           3.58359
          -1.26593
           1.42317
           0.63388
          -0.33960
           2.57177
           4.51979
          -3.98525
          -1.03509
          -6.02336
          -4.80507
          -1.62783
          -0.16596
          -0.67903
           3.62776
           1.79695
           0.36653
          -0.82230
           1.96163
          -0.76483
          -2.57819
           0.50595
           1.13508
          -0.83995
          -3.00322
           5.23280
          -3.92745
          -2.11886
           1.47894
          -1.32436
          -0.60923
           1.86296
          -2.09994
           3.16993
          -3.83403
           2.04631
          -3.04184
           0.37438
          -7.19392
          -1.36509
           2.17413
          -0.07560
               NaN
          -2.46651
           1.58043
           6.01849
           0.27795
          -2.91600
          -0.69745
          -1.62365
           3.05236
          -1.33771
           0.22003
          -0.45736
           2.44545
           1.76537
          -1.70249
           1.03068
           2.15553
          -7.18798
           1.36372
          -3.24559
          -2.90655
          -2.07684
          -3.26842
          -0.84171
           1.60802
           0.60382
          -0.30136
          -5.47120
          -0.00718
           3.61671
          -0.46838
          -2.96786
           0.03344
           2.64048
           0.20536
          -3.11397
          -4.73268
           3.57676
          -0.99312
           1.60280
           1.04833
          -0.83658
          -3.87208
           4.93714
           0.41145
          -2.34319
          -7.07821
          -2.80284
           0.67185
           1.83727
          -2.03788
           1.95624
          -0.18740
          -0.23239
           0.04794
           3.81164
          -4.22516
           2.36347
           3.60645
           4.39378
          -0.10059
           0.76855
           0.32121
          -0.73865
          -0.82999
           1.77065
           0.55411
           4.00151
           1.94741
          -2.89268
          -3.35628
          -2.54854
          -1.90484
          -3.79968
           1.20023
           1.05936
          -1.62078
           1.56251
          -0.46584
          -5.52773
          -1.35351
          -1.47574
           2.82437
          -2.93909
           1.55980
          -3.24579
          -0.13338
          -1.12965
          -1.01544
           0.36669
          -0.84416
          -2.24592
           0.32498
          -1.66245
          -1.43507
           0.91714
           2.95368
          -5.99456
           2.69178
           4.12041
          -5.84636
          -0.46870
           3.76673
           1.69854
           4.52585
           0.04975
          -2.31106
          -0.26375
          -2.62186
           0.15132
          -2.14634
          -2.22094
          -1.04362
          -1.98199
          -1.78895
          -1.24838
          -1.79327
          -0.21382
          -1.85507
          -1.13819
          -1.77540
          -1.66945
           1.73919
          -4.61373
          -5.80239
          -2.59861
          -0.27261
          -0.47386
          -1.55529
           2.61363
           1.05973
          -1.73064
          -0.02530
          -1.05253
          -3.69396
          -0.87944
           0.59903
          -5.06477
          -1.33578
           0.28797
           3.48445
          -3.55796
          -2.30064
           0.12020
               NaN
          -1.87346
          -0.93389
           2.47267
          -1.89216
          -3.38971
          -0.48951
          -7.71717
           4.71796
           2.89082
           2.25106
           0.21142
           0.24638
           3.61888
          -0.99589
           2.98036
          -0.15469
          -2.15114
           0.67371
          -3.53030
           2.38576
          -1.30233
           0.23970
           4.85357
           2.71454
           4.13112
          -2.66650
          -2.06276
          -0.94685
           1.92783
           1.50109
           1.50120
          -0.63444
           1.41638
           3.90524
           1.18853
          -2.03373
          -2.51312
          -2.09546
           2.38955
          -6.11641
           1.43193
          -0.07760
          -2.62656
          -1.79439
          -5.00607
           2.89990
          -3.33627
          -0.13414
           2.89453
           2.17509
          -1.94628
           0.36532
          -4.45463
          -3.87620
          -4.93397
          -0.66622
          -2.77070
           0.43045
          -1.60395
          -4.63226
           0.19769
