           0.43710
          -0.36761
          -0.21990
           0.50021
          -0.35343
           0.59460
          -0.34470
           0.10556
           0.06249
          -0.40134
           0.34406
           0.06596
          -0.12836
          -0.00828
          -0.10316
           0.35805
          -0.40076
          -1.06462
           0.08194
          -0.76543
          -0.51391
          -0.57006
           0.04717
           0.03321
          -0.05839
          -0.51381
          -0.88922
           0.07984
          -0.11659
           0.12756
          -0.80303
          -0.22282
          -0.21352
           0.37660
          -0.42518
           0.34990
           0.48488
          -0.23151
          -0.42490
          -0.33306
           0.32513
          -0.00059
           0.04980
          -0.46414
          -0.04478
           0.10200
           0.82975
           0.13338
          -0.12839
          -0.09831
          -0.54483
          -0.23163
           0.63835
          -0.32790
           0.64417
           0.12941
           0.25632
          -0.94575
          -0.10725
           0.60642
           0.14251
          -0.45550
           0.49959
          -0.44575
           0.55421
           0.12453
          -0.27898
          -0.31973
          -0.10126
           0.32624
           0.06564
          -0.07724
           0.01144
          -0.93791
          -0.33131
          -0.27858
          -0.67712
           0.04683
           0.02208
          -0.50661
          -0.68370
           0.72630
          -0.09537
          -0.03325
          -0.16336
           0.57245
          -0.45138
          -0.35369
           0.31655
           0.03629
          -0.50401
           0.68252
          -0.27132
          -0.17477
           0.15612
          -0.13643
           0.02439
          -0.40458
          -0.51750
           0.08803
           0.43457
          -0.21558
           0.06871
          -0.41848
           0.10053
          -0.54778
               NaN
          -0.14811
           0.06374
          -0.12507
          -0.25916
          -0.48741
          -0.58954
          -0.01602
           0.66537
           0.10570
           0.40514
          -0.30171
           0.01115
           0.05710
           0.51460
           0.01452
           0.45335
          -1.05706
          -0.33538
           0.11263
           0.10418
           0.89815
          -0.23168
          -0.19773
           0.13488
          -0.21062
          -0.00074
          -0.62955
          -0.03565
           0.76657
          -0.31291
          -0.23491
           0.43286
          -0.74516
           0.40932
           0.12113
          -0.81885
          -0.19432
          -0.24779
          -0.13404
          -0.64564
          -0.10275
          -1.03681
           0.30907
          -0.15874
          -0.57970
           0.21669
          -0.52821
           0.11780
           0.53676
          -0.35267
          -0.76471
          -0.47206
          -0.63577
           0.28962
          -0.46020
          -0.20442
          -0.18727
          -0.04082
          -0.50980
          -0.01932
          -0.03635
           0.58728
           0.00087
          -0.51469
          -0.55969
           0.37878
           0.23206
          -0.24694
          -0.24194
           0.14629
          -0.26036
           0.40840
          -0.39329
          -0.50011
          -0.18331
           0.13029
          -0.10988
          -0.34198
          -0.19233
          -0.28585
          -0.50068
           0.17411
           0.26974
          -0.71228
          -0.90859
          -0.16542
          -0.05372
           0.05344
          -0.07963
           0.27755
          -0.75796
           0.19273
           0.14069
           0.02489
          -0.26108
          -0.01178
          -0.91040
           0.18361
          -0.50550
          -0.40900
           0.07280
           0.00078
          -0.25791
          -0.50093
           0.14947
           0.11097
          -0.54715
           0.27239
          -0.01214
          -0.37323
           0.19857
           0.03946
          -0.78557
          -0.19682
          -0.01548
           0.07688
           0.09829
           0.25090
           0.77594
           0.39239
           0.14287
           0.51445
          -0.01823
          -0.65960
          -0.31494
           0.07594
          -0.82635
           0.21381
           0.07204
           0.22649
          -0.39714
          -0.65226
           0.25491
           0.53992
          -0.19842
          -0.21586
           0.43539
           0.13928
          -0.12851
          -0.31829
           0.33007
          -0.66032
           0.11119
           0.21482
          -0.30348
           0.06284
           0.46931
          -0.28427
           0.01542
          -0.31339
           0.48134
          -0.30458
          -0.66558
          -0.59113
          -0.15960
          -0.33778
          -0.03270
           0.17669
          -0.20663
          -0.67389
          -0.46107
          -0.07432
          -0.37465
           0.07334
          -0.68269
          -0.37873
          -0.54236
          -0.41282
          -0.23524
           0.51950
          -0.43107
          -0.22109
           0.30058
          -0.41456
          -0.17942
           0.11722
           0.38570
          -0.23996
          -0.91484
           0.03493
          -0.26133
           0.63930
          -0.71820
           0.09362
          -0.28766
          -0.63701
           0.18568
           0.12377
          -0.31642
          -0.11830
           0.00940
           0.08701
          -0.48612
           0.25626
          -0.11411
          -0.34664
          -0.57496
           0.19389
           0.00327
           0.07924
          -0.00035
          -0.09078
           0.13668
           0.19803
           0.21801
          -0.11942
          -0.42429
           0.17231
          -0.39298
          -0.44526
          -0.46823
          -0.54951
          -0.44504
           0.34328
          -0.02193
           0.19211
           0.00240
          -0.11951
               NaN
          -0.66932
           0.77859
          -0.11853
           0.48187
           0.04486
          -0.24311
          -0.56982
          -0.10887
           0.25629
          -0.82910
          -0.18270
           0.22853
           0.14644
          -0.22563
           0.19913
          -0.36749
           0.19973
          -0.68144
          -0.28110
          -0.08312
          -0.71490
          -0.62547
          -0.34349
          -0.25299
          -0.58931
          -0.45771
          -0.48200
          -0.59727
          -0.44084
          -0.80553
           0.49158
          -0.85223
           0.66664
          -0.35440
           0.14492
           0.37042
           0.15787
          -0.16294
          -0.29793
           0.07315
          -0.55676
          -0.21347
          -0.47291
           0.16440
          -0.47968
          -0.08794
          -0.46368
          -0.62338
          -0.03772
          -0.08271
          -0.44809
           0.19034
          -0.96405
          -0.21918
          -0.29993
           0.17376
          -0.44473
           0.35794
          -0.45022
          -0.19712
          -0.09323
          -0.62838
           0.16828
           0.43001
          -0.00644
           0.23245
          -0.59635
          -0.20918
           0.38412
          -0.15167
          -0.54593
          -0.03731
          -0.60952
          -0.25402
           0.61161
          -0.44380
           0.37482
           0.01074
          -0.77979
           0.15482
           0.22016
          -0.23107
           0.16774
           0.13758
          -0.54949
           0.46305
           0.00878
           0.64724
           0.08301
          -0.00283
           0.09616
          -0.11505
           0.56557
           0.35788
           0.22440
          -0.25586
          -0.62837
          -0.02439
          -0.35724
           0.10411
           0.45693
          -0.05662
          -0.27372
          -0.15622
          -0.42312
           0.16980
          -0.74699
           0.25322
          -0.01630
          -0.53540
           0.28816
          -0.06576
          -0.38362
           0.04436
           0.41903
           0.43890
          -0.51350
          -0.10338
           0.64251
          -0.75119
          -0.17869
          -0.30948
           0.15367
          -0.67976
          -0.10289
          -0.51108
          -0.23468
           0.13611
           0.43510
          -0.18726
          -0.32571
          -0.22615
          -0.41052
          -0.30921
          -0.08545
          -0.64426
          -0.02771
          -0.87848
          -0.43305
           0.68631
           0.13279
          -0.32122
          -0.49112
          -0.04684
          -0.09475
          -0.31123
           0.18342
           0.53530
           0.37284
          -0.08824
          -0.46371
           0.07391
          -0.90430
          -0.41359
          -0.20873
           0.39404
           0.04828
           0.43983
          -0.30518
          -0.22187
          -0.50735
          -0.17667
          -0.57580
          -0.01050
           0.57958
           0.06219
           0.14077
          -0.80089
           0.30504
          -0.60048
           0.05170
           0.17371
           0.34132
          -0.01711
          -0.18683
           0.23474
          -0.48122
          -0.29838
          -0.30731
          -0.55665
          -0.02906
           0.03970
          -0.10421
          -0.18619
           0.16341
           0.21413
          -0.43614
          -0.56834
          -0.46026
          -0.36650
           0.36519
           0.21303
          -0.12037
           0.20829
          -0.61396
          -1.01341
          -0.07826
           0.21398
          -0.13195
          -0.09314
          -0.38871
           0.51031
          -0.55774
          -0.06859
          -0.23954
           0.34109
           0.22464
          -0.39562
          -0.22523
           0.17370
          -0.20464
          -0.29803
           0.36095
          -0.76464
          -0.07240
          -0.08345
           0.29118
           0.12080
          -0.29673
          -0.47170
          -0.37853
           0.28508
          -1.10323
           0.21664
           0.36674
          -0.17704
          -0.44053
          -0.46014
          -0.10578
          -0.36137
          -0.41110
           0.05875
           0.11669
           0.40097
          -0.56639
           0.11735
           0.30667
           0.05500
           0.24503
          -0.03976
          -0.40448
           0.04688
          -0.62242
          -0.30799
           0.52658
           0.38183
          -0.11530
          -0.47833
          -0.50113
           0.69485
          -0.82646
           0.03961
           0.02868
           0.03636
           0.17479
           0.34389
          -0.54302
          -0.10970
          -0.51487
          -0.27649
           0.01870
           0.35664
          -0.48346
          -0.25542
          -0.57100
           0.36900
          -0.94770
          -1.02179
          -0.39266
          -0.40697
           0.31119
           0.46722
           0.07767
           0.22344
          -0.31325
          -0.04977
          -0.22492
          -0.48919
          -0.87730
          -0.26439
          -0.17025
          -0.05956
           0.43250
          -0.24397
           0.46947
          -0.90874
           0.37316
          -0.79631
           0.05150
           0.02163
           0.21859
               NaN
          -1.00423
          -0.70614
          -0.19044
           0.07834
          -0.04325
           0.75781
           0.37146
          -0.32701
          -0.20524
           0.29765
           0.39842
          -0.43973
          -0.73513
               NaN
          -0.64428
          -0.05091
          -0.05371
           0.50614
          -0.19185
           0.01244
          -0.31173
          -0.67535
           0.22205
           0.40779
           0.12737
           0.29695
          -0.31977
          -0.11459
          -0.54341
          -0.18102
          -0.97204
           0.27867
           0.06127
          -0.05406
          -0.39449
          -0.06142
          -0.41783
          -0.15855
          -0.37587
          -0.00512
          -0.50030
          -0.05290
           0.01054
           0.08948
          -0.06947
          -0.47946
           0.12494
           0.30952
           0.49520
           0.17837
           0.49956
          -0.79217
           0.20257
          -0.13188
          -0.21396
          -0.51158
          -0.09513
           0.07023
           0.23886
          -0.20826
          -0.12759
          -0.60137
           0.76485
           0.38932
          -0.61290
          -0.19651
          -0.04912
           0.47857
           0.04607
          -0.26382
          -0.04637
          -1.15378
          -0.53285
           0.01321
           0.21521
          -0.09126
           0.16521
           0.39038
          -0.36078
           0.31907
               NaN
          -0.31668
           0.71511
          -0.27015
          -0.89713
          -0.08344
           0.26185
           0.24834
          -1.06167
           0.01554
           0.00330
          -0.04316
          -0.65253
           0.07610
          -0.12954
           0.27393
           0.01673
          -0.24601
           0.24337
           0.19461
          -0.30566
           0.68073
           0.25061
          -0.08151
           0.21775
          -0.08157
          -0.15907
           0.15611
           0.49659
           0.08661
           0.29042
           0.10970
          -0.48746
          -1.06823
          -0.20240
           0.60869
          -0.58059
          -0.31743
          -0.25710
           0.31831
          -0.18763
          -0.67449
          -0.31114
          -0.56687
           0.26982
          -0.52849
          -0.29015
          -0.50732
           0.28313
           0.42139
          -0.14532
          -0.28389
          -0.42025
           0.17541
          -0.10976
           0.71919
          -0.00570
           0.08396
          -0.34572
          -0.45890
          -0.61875
           0.47422
          -0.00103
           0.78622
           0.16782
          -0.11073
          -0.08191
           0.38012
           0.11445
           0.16734
          -0.77761
           0.05814
          -0.16514
          -0.11777
          -0.15601
          -0.10952
          -0.02627
           0.07900
          -0.08924
          -0.15624
           0.83412
          -0.46334
           0.04468
          -0.30551
          -0.04431
           0.29511
           0.01095
           0.13681
          -0.04485
           0.78740
           0.09788
          -0.09501
          -0.51196
          -0.25580
          -0.72992
          -0.21396
          -0.43545
          -0.28058
           0.66136
           0.13273
           0.00160
          -0.03432
           0.18119
           0.10231
          -0.09465
           0.46463
          -0.28136
          -0.40594
           0.12721
          -0.48332
           0.21244
          -0.04903
           0.04197
           0.47230
           0.12921
          -1.09163
           0.34293
          -0.07164
          -0.68611
          -0.09151
           0.37648
          -1.14684
          -0.00114
          -0.38102
          -0.17278
          -0.24224
          -0.17867
          -0.06518
          -0.70006
          -0.21186
          -0.61889
           0.07124
           0.18635
          -0.10447
           0.22483
           0.57242
          -0.44765
          -0.30452
           0.20251
          -0.70236
          -0.05048
           0.00794
          -0.35905
           0.57482
           0.17611
          -0.52018
           0.23947
          -0.36768
          -0.17490
           0.05563
          -0.60416
          -0.37703
          -0.51338
           0.30956
          -0.13313
           0.05181
           0.26854
           0.00194
          -0.20596
           0.51744
          -0.24769
          -1.06698
          -0.03005
          -0.84261
          -0.18545
          -0.17730
           0.21021
           0.09235
          -0.25778
           0.13518
          -0.01309
          -0.29059
          -0.22164
          -0.17089
          -0.11023
           0.06965
          -0.24451
           0.19515
           0.03057
           0.60625
           0.54317
           0.58556
          -0.46850
          -0.97792
           0.20677
          -0.38781
          -0.32788
          -0.02069
           0.60679
           0.09997
          -0.44042
          -0.21035
           0.17341
          -0.07637
          -0.13263
          -0.01736
          -0.88845
           0.02616
           0.01154
          -0.47905
           0.76608
           0.36791
          -0.00468
          -0.59668
          -0.35444
          -0.41303
           0.42945
           0.47792
          -0.28476
          -0.55262
          -0.16207
          -0.82097
          -0.08155
           0.30623
           0.02697
           0.19045
          -0.29613
           0.19736
          -0.21373
          -0.44114
           0.24447
           0.36735
          -0.25846
          -0.43487
           0.00965
           0.12154
          -0.04432
           0.09536
          -0.28125
           0.27953
          -0.51576
          -0.68294
          -0.02882
          -0.06332
          -0.00532
           0.03490
          -0.54806
           0.27682
          -0.77417
           0.03426
          -0.55700
           0.29836
          -0.11869
          -0.37370
          -0.27783
           0.05815
          -0.32363
           0.35661
          -0.24991
           0.34850
          -0.70384
          -0.50757
           0.00742
          -0.00308
           0.17656
          -0.75104
          -0.07342
          -0.32994
           0.47336
           0.60714
           0.24628
               NaN
          -0.88534
           0.13130
           0.74325
           0.26778
          -0.82574
          -0.48446
          -0.21079
          -0.06936
          -0.43547
           0.00124
           0.16626
          -0.30174
           0.12942
          -0.18647
          -0.05619
          -0.20397
          -0.08966
          -0.32526
          -0.33180
          -0.38734
          -0.02125
          -1.00801
          -0.55872
          -0.46454
           0.13756
          -0.67429
           0.50072
           0.31641
          -0.43126
           0.38785
           0.01720
          -0.31793
           0.29530
           0.03134
          -0.59125
           0.07235
          -0.11603
           0.50145
           0.09318
           0.29075
          -0.90324
           1.38306
          -0.29100
          -2.29920
          -1.23212
          -2.01115
          -2.22895
          -0.42909
          -0.19786
          -0.09929
          -2.29846
          -0.49991
          -1.12531
          -0.95574
          -0.59190
           0.24583
          -2.73113
          -0.04067
               NaN
          -2.72093
          -1.35648
          -0.74518
          -0.27431
          -2.94008
          -0.02311
          -1.08654
          -0.72240
          -0.55091
           0.51434
          -1.28553
          -2.59004
           0.77599
           0.52202
          -0.57143
          -3.99812
           0.53283
          -0.65044
          -0.68761
          -0.76447
          -1.32590
          -0.82926
          -1.75194
          -0.54197
          -0.12627
          -0.66118
           0.01345
          -1.49972
          -3.42875
          -1.87453
          -0.94803
          -0.88890
          -1.22980
          -0.34097
          -1.34707
           1.29405
          -2.73716
           0.72932
          -2.20047
          -2.14313
          -0.70717
          -0.17626
          -1.83046
          -0.05245
          -0.43758
           0.53469
          -1.76559
          -0.03118
           0.42088
          -1.58830
          -1.69673
           1.13193
           0.24645
           1.01198
          -0.77676
           0.69950
          -0.57357
          -0.70005
           0.55773
          -0.90925
          -1.00230
          -2.74065
          -1.09783
           0.09321
           1.61285
          -0.65301
          -0.49430
          -2.13469
           1.49109
           0.05367
          -0.61603
           0.07103
           0.98909
          -2.79809
          -0.18872
          -2.22072
          -0.26240
           0.83035
          -2.57337
           0.82829
          -1.93144
          -1.27196
          -1.67155
          -0.73173
           0.65057
           1.64921
          -0.94511
           0.67858
          -0.33427
           2.05641
          -1.56277
          -1.53466
          -1.29384
          -2.49651
          -2.68172
          -0.31934
           0.54005
           0.84456
          -1.03581
          -0.18169
           0.64485
          -0.32738
          -0.07666
           1.23048
          -1.17071
          -0.80953
          -1.27691
          -0.69306
           0.99924
          -1.24226
          -1.53666
          -0.39723
          -2.55076
          -1.99090
           0.62711
          -1.60665
          -0.57330
          -2.43051
          -2.08911
           0.62704
          -0.55095
           0.06740
          -0.38727
          -0.69132
          -1.06340
           1.84157
           2.41969
          -0.65516
          -1.76664
          -1.37366
          -1.38710
          -2.43838
          -1.12318
           1.49805
          -0.91878
           0.83758
          -0.94717
          -1.86235
           1.24637
          -1.30496
          -3.13977
          -1.64980
           0.20327
          -0.59006
          -1.45453
          -2.11077
          -2.17170
           0.59736
          -1.06620
           2.38713
          -1.25693
          -0.50788
          -2.00142
          -0.32885
          -0.66628
          -1.17285
           0.01980
           1.00754
           1.40307
           1.04408
          -2.07742
          -1.49572
           1.21305
           0.07154
          -1.02751
          -0.67328
          -1.85446
          -0.00162
           0.36609
          -0.18181
           0.19732
          -1.40677
          -1.30434
           0.60794
          -1.45833
               NaN
          -3.21568
          -1.22521
           0.41836
          -0.60334
          -0.66326
           0.20820
           0.53921
          -1.26408
          -1.95725
          -1.02567
          -3.76296
          -1.11724
          -0.33399
          -3.28720
           1.22732
          -0.29183
          -0.48329
          -1.00707
           1.29719
          -1.37785
           0.58396
           0.62373
          -1.40638
           0.77493
          -0.03304
          -1.25450
          -3.48839
          -0.65659
          -1.38537
          -1.51588
           1.65082
          -1.85924
          -0.01043
           0.08572
           0.03244
          -1.81776
          -1.97189
          -1.98348
          -0.94362
          -0.97968
          -0.43129
          -0.18279
          -0.32793
          -2.14752
          -0.40056
           1.55931
          -0.57929
           0.01288
          -1.97868
          -0.48811
           0.11426
           0.36290
          -0.78117
           1.12035
          -2.30472
          -1.24078
          -0.27898
          -1.74074
          -0.11405
          -1.64871
          -1.39469
          -2.15162
          -2.26753
          -1.86019
          -1.46672
          -0.16528
          -1.06206
          -1.43838
          -1.57325
           0.60724
          -1.84274
           0.43874
           1.07999
          -1.12249
           1.69577
           0.26088
          -1.85547
          -1.36332
           0.21292
          -0.37466
          -3.37787
          -1.54502
           1.31272
          -1.70850
          -0.35338
          -2.10080
          -1.41561
          -3.73933
          -0.15323
          -2.53758
          -1.20379
          -2.37208
          -2.07233
          -1.91680
          -1.10191
          -2.46953
           0.07313
          -0.65998
          -1.46417
           0.37815
          -0.30875
           0.64272
           0.42296
          -1.85520
          -0.86763
           2.03994
          -0.37915
           0.63615
          -1.74146
           1.16223
           0.41085
           0.05496
           2.20070
          -1.30771
          -1.54146
          -1.05926
           0.06685
           0.14282
          -0.79986
          -1.65960
          -1.19784
          -1.42734
          -0.69556
          -1.17865
          -0.63829
           1.60319
          -2.62937
          -3.18277
          -0.41675
          -1.58676
           1.53333
          -0.21200
          -1.98842
          -0.54128
          -0.39267
           0.28166
           0.99852
           0.21646
          -0.16925
          -0.13190
          -0.72507
          -0.09797
          -1.49242
           0.42232
          -2.71258
          -1.11756
          -0.55968
          -1.17667
          -1.62560
          -1.59151
           0.06805
          -0.49275
          -1.37842
          -1.93967
          -2.00138
          -0.89429
          -1.00723
           1.43813
          -1.83103
          -1.66330
          -0.12763
           0.36945
          -2.02118
           1.40947
          -3.30225
           0.03357
          -2.76658
          -0.78784
           0.69758
          -0.95991
           1.50313
          -1.40287
          -2.40026
          -1.87431
          -0.69675
           1.69220
           0.03772
          -1.50497
          -0.58570
          -0.50446
          -1.47101
          -1.94892
           0.47437
           0.37429
          -2.32263
          -1.49508
          -1.87627
           0.24848
           0.61695
          -1.33867
          -0.62620
          -0.33042
          -2.27650
          -0.59982
          -1.38120
           0.38010
          -2.59967
          -0.06732
           0.16423
           0.88675
          -0.48894
          -0.32804
          -0.64736
          -0.88367
          -0.76537
          -1.60048
          -2.50956
          -2.61674
          -1.24974
          -2.31838
          -1.82096
          -3.57118
          -2.17398
          -0.29388
          -0.94866
          -2.04686
          -0.67926
           0.57324
          -1.43680
          -2.24364
           0.10308
           0.36439
           0.32888
          -0.27412
          -2.37283
          -0.55767
          -0.38831
           0.12704
          -1.38605
          -1.79129
          -1.78606
          -0.23302
           0.12755
          -0.62263
           0.56802
          -1.31765
          -1.32501
          -2.92151
          -0.32693
           0.01791
          -1.11738
          -2.98881
           0.40992
          -0.13869
          -1.17762
           1.01694
           1.61061
          -1.38335
          -0.27861
           0.23967
          -0.92165
           0.29644
          -0.68949
           1.26447
          -0.46055
          -0.63657
          -0.52853
           1.10478
           0.02846
           0.82932
          -1.25830
          -0.82492
          -1.53607
          -3.67171
          -1.87604
          -0.26000
          -1.69855
          -2.07404
          -2.15577
          -0.92364
           1.12388
           0.37735
          -2.69803
          -0.23608
          -1.72612
          -1.03852
           0.55489
           0.71574
          -0.64591
          -1.60241
          -1.29321
           0.43530
          -1.05860
          -0.03333
          -1.35917
          -3.31787
          -0.33172
          -0.07747
          -0.02900
           1.42952
           0.08545
           0.32061
          -1.69132
          -1.64226
          -0.27379
          -0.53057
          -2.26003
          -0.92968
          -0.22419
          -0.97284
          -2.22671
          -0.07887
          -0.93801
           0.93282
           0.25542
          -0.46496
          -3.44300
           1.03704
          -2.09352
          -1.80306
          -2.24751
          -1.98414
          -0.72665
          -2.25858
           0.40651
          -0.89449
           0.31115
          -1.97959
          -1.57410
           0.71158
           0.49953
          -0.17072
          -1.96984
          -1.91662
          -0.02571
          -0.26679
          -1.31657
          -1.64676
          -0.38935
          -3.54780
           0.91340
          -0.95431
               NaN
           0.11971
          -0.34845
          -1.23413
          -0.62991
           0.04047
          -2.16553
          -0.56719
           1.73851
          -2.61135
          -0.48531
          -1.60343
          -0.53547
          -1.97918
          -1.01618
          -0.62133
          -3.02010
          -1.88693
          -0.95915
           0.37499
          -0.52876
          -1.29860
          -0.71063
           0.34036
          -1.04359
          -1.23524
           0.34026
          -1.10103
          -1.14676
          -0.60047
          -0.54030
           0.84090
          -0.77950
          -0.52199
          -0.46240
          -0.84479
          -0.59394
          -0.60546
           0.74585
           0.08804
           1.05970
          -1.98102
          -0.83616
          -0.32680
           1.57124
          -1.42581
          -0.93926
           1.66975
          -2.47680
          -0.48637
          -3.46246
          -3.25665
           0.00260
          -2.03660
          -0.02405
          -1.96157
          -0.02912
           0.10657
          -0.14936
          -0.79361
          -3.46609
          -2.39411
          -0.34115
          -0.90587
          -0.31731
          -0.22930
          -1.28944
          -1.34512
          -0.48401
          -0.52376
          -2.38580
          -0.98420
          -1.66948
          -0.46729
          -0.86715
          -2.48040
          -1.75536
          -0.27797
          -1.73464
           0.86641
          -1.37054
           0.84314
           0.37066
           0.89149
          -1.30914
          -2.55122
          -3.26501
          -0.96076
          -3.04379
           0.70876
          -0.12600
           1.22374
          -1.78343
          -0.24882
          -0.21459
           2.33395
           1.73200
          -0.85841
           0.32237
          -2.61112
           0.34821
          -0.02107
          -0.35736
          -0.04532
               NaN
          -1.15647
          -3.92826
          -0.27949
          -1.61044
           1.02155
          -2.27848
          -0.42443
          -0.73032
          -0.67088
          -1.18143
           0.00066
          -1.94866
           0.00875
          -0.97799
           0.08462
           0.56762
           0.22285
          -3.10894
           1.20386
          -1.63764
          -0.41527
          -0.08463
          -1.55098
          -1.87569
           0.18569
          -1.69881
          -2.06026
          -0.28131
          -2.47363
          -2.79206
          -1.52494
          -0.32814
          -1.37764
           0.96846
           1.25088
          -0.94453
           0.10146
          -3.22685
          -0.65765
          -0.49492
           0.69578
          -2.61197
          -0.14763
          -1.03625
          -0.73493
           0.52760
           1.31777
          -1.52981
          -1.46348
           0.24818
          -1.21317
           1.41573
           0.46442
           1.03586
           1.55425
           0.75185
           0.52753
          -0.84247
          -1.55818
           0.04484
          -1.71886
           1.72283
          -0.29799
           2.40945
           0.91992
          -1.11867
          -0.73969
          -2.51274
          -1.38636
          -1.69785
          -0.45539
           0.93169
          -0.62315
           1.92976
          -1.27513
           0.58902
          -0.73318
           2.49265
          -2.47684
           0.07814
          -2.81385
          -0.12825
          -0.12503
          -0.37384
           0.74480
          -1.82978
           1.78471
          -0.46515
           0.06368
          -0.58731
          -1.96690
          -0.60392
           2.42729
          -2.41460
          -2.24603
          -3.18353
           0.83022
           1.03303
          -1.97381
          -1.46844
          -0.46267
          -0.99173
          -0.06345
          -0.78203
               NaN
           1.85425
          -2.22418
          -1.84728
          -1.06048
          -1.06048
          -0.23325
          -0.46960
           1.31010
          -0.59749
          -1.77499
          -0.78279
           0.32078
          -1.47798
          -0.88113
          -1.23645
           0.09023
          -0.46857
          -1.88950
           1.57347
           0.06985
           0.42418
          -2.54220
          -0.01363
          -0.00856
          -0.19066
          -2.16416
          -0.26010
           0.05698
          -0.81927
           0.96053
           0.58700
          -1.49825
          -0.41912
          -3.08633
          -1.71658
          -1.85152
          -0.91191
           1.48878
          -0.23481
          -2.95421
          -0.10200
           0.58315
          -1.97383
          -0.47595
          -1.90751
          -0.17404
           0.50686
          -0.43155
          -0.58244
          -0.46006
           0.42929
          -0.31424
          -1.84029
           0.75017
          -2.06531
           0.15841
           1.35686
          -2.10291
          -3.12418
           1.52334
          -1.55305
          -1.46504
          -0.07079
          -1.41537
          -0.22784
          -0.97856
          -1.24667
          -2.47001
          -1.40914
           1.89218
          -1.21036
          -0.83464
          -1.27072
          -3.20758
          -0.82260
          -0.33903
           0.48098
          -0.03432
           1.01628
          -1.37673
          -1.12006
           0.05287
          -0.93367
           0.10725
          -0.43880
           0.50910
           2.47717
          -1.95210
          -1.46481
          -0.83893
          -1.30108
          -1.00782
          -0.93546
          -0.28578
          -1.86093
           0.45721
           1.67211
          -1.36520
          -2.47427
          -1.65738
          -2.27036
          -0.64585
          -0.62923
          -1.65015
          -0.39585
           1.42647
          -2.80367
           0.64210
           0.69819
          -1.68027
          -0.02478
          -1.55330
          -2.35697
           1.32237
          -0.93412
          -3.07370
           0.20060
          -0.45890
           0.21762
          -0.41877
          -2.05809
          -0.64366
          -1.98252
           0.59579
          -0.97811
          -1.72566
          -1.92502
          -0.90899
           1.04595
          -0.21260
           0.52907
           0.32129
          -2.60746
          -0.39556
          -2.73621
           0.01863
          -0.37902
          -0.18119
          -0.63133
          -0.37039
          -1.88650
           0.80830
           0.44358
          -3.01900
          -1.24117
          -1.47959
          -0.72630
           1.02574
           0.11805
          -0.59115
           0.30184
          -0.91328
          -1.67303
          -0.92514
          -1.79999
          -0.07754
          -0.70286
          -1.89233
          -1.31739
          -2.19436
          -2.76069
          -2.39587
           2.31138
          -1.03166
          -1.64266
          -2.35654
          -1.35187
          -0.00402
               NaN
          -2.27395
          -0.12477
          -2.07205
           0.14084
          -0.82716
          -0.13368
          -0.75687
          -1.26061
           0.78154
          -0.73750
          -1.62955
          -0.62842
           1.30978
           0.33328
          -1.83827
          -3.49690
          -1.95279
           2.04166
          -1.31396
           1.45511
          -0.35247
           0.73936
          -1.57217
           1.14121
           1.16448
          -1.58589
          -0.43192
          -0.10122
          -0.92847
           1.73105
          -0.35306
          -0.12495
          -2.40602
           0.44097
          -1.83144
          -0.40853
           0.68867
          -1.07639
          -0.27264
           0.65118
          -1.43008
          -2.19025
           1.00316
          -0.23399
          -1.17754
           0.03904
          -0.59933
          -1.20365
          -0.79147
           0.02816
          -0.48953
          -1.43089
          -1.69516
           0.18527
           0.87564
          -0.74974
           0.88642
          -0.63243
          -2.72823
           0.54189
          -0.59140
          -1.44273
          -0.33066
          -1.27593
          -0.57664
           0.64176
          -0.90865
           0.05456
          -2.85032
          -1.76537
          -0.07225
           0.79628
          -0.17565
          -0.02802
          -0.39007
           1.26370
           1.27300
          -1.43717
           0.04624
          -1.79809
          -0.52108
           0.06453
          -2.49182
          -0.47347
           1.40771
          -0.16767
          -1.58516
          -3.63598
          -0.52248
          -0.41668
          -0.71256
           2.00416
           0.14671
          -2.79487
          -3.23946
           3.37035
           0.89414
          -4.93868
           0.64157
          -5.16153
          -0.42818
          -0.97383
          -0.53436
           2.03133
          -4.11079
          -0.84259
          -0.44814
          -0.91066
          -0.04509
          -1.67140
          -0.64694
           5.58382
           2.17951
           1.23700
           1.33322
           2.25312
          -0.50941
          -3.11308
           0.28690
           1.61774
           3.93646
          -0.97852
           1.15016
          -1.96082
           1.55444
           1.99280
           1.68213
          -2.58415
          -1.82338
          -1.36196
          -3.24448
           0.54877
           1.47419
           0.42091
          -2.55517
          -1.74110
          -0.80336
           2.33678
          -0.40319
          -0.52218
          -5.92131
          -4.11325
          -1.19650
          -0.41827
           1.98194
          -0.00473
          -3.77485
           0.39428
          -2.23547
          -3.40147
          -0.64941
           2.70296
          -1.58464
          -3.96394
          -0.94229
           0.54946
          -2.72837
           1.93288
          -2.46615
          -2.41780
           1.46259
           2.14950
          -1.04665
          -3.41551
           0.77851
           0.67051
           0.94954
           4.13171
           2.48148
           0.92216
           2.87032
           0.31781
          -1.02374
           1.65783
           0.78396
          -4.97419
           0.61339
           1.79963
           0.22692
          -3.57025
           0.21514
           3.39910
          -1.64848
          -0.81168
           2.76828
          -2.73357
          -1.38921
           0.74234
          -3.04180
           0.46347
           0.69642
          -0.46861
           3.60422
          -2.35822
          -3.58719
          -0.53877
          -1.08975
           2.90621
           1.09936
           1.94486
          -5.27835
           0.47240
           1.70807
          -0.90428
          -0.16468
           1.26025
           0.55461
          -2.60074
          -3.89673
          -0.03105
          -1.35977
           0.55757
          -0.24325
           0.34148
          -3.08672
          -0.15594
          -1.23777
           4.33795
           0.96394
          -1.87168
          -1.24736
          -3.92228
          -0.02539
          -0.49815
          -1.12042
          -1.45537
          -1.98234
           3.98755
          -1.42183
          -4.70072
          -0.80540
          -0.86034
          -1.72195
           3.39121
          -2.11792
          -1.03650
           3.60580
          -0.02983
           3.21642
           3.16267
           2.74710
          -1.20339
           4.01337
          -3.01971
          -1.61098
           1.91790
           0.31374
           1.87101
           0.21489
          -3.82056
           0.01470
           5.34066
           1.16866
           0.12525
          -3.17699
           2.66608
           0.49179
          -0.46939
          -1.90011
           0.47555
           0.70254
          -0.86988
          -0.84712
          -1.26256
           2.20949
           0.91216
          -2.35374
          -1.89546
           0.12647
           1.31076
           0.21517
           2.81566
          -1.16402
          -0.03120
           1.13158
           2.20864
          -0.62421
          -0.44536
           1.14489
          -0.83960
           1.52461
           3.03192
          -1.11287
          -1.24491
           2.31427
           3.42506
           1.49947
          -1.17820
           3.04560
          -2.80581
          -2.69927
           4.45219
          -1.62798
          -1.41486
           0.08818
           1.93976
          -1.20318
           2.75325
          -2.00068
          -1.16148
           1.04334
          -0.72011
          -3.28573
           2.63129
           2.36694
          -1.26934
          -1.59015
           4.23734
          -2.81576
           0.67479
           2.63565
          -2.43179
           0.55927
           4.14477
          -0.21448
          -3.39282
          -1.05631
          -1.90751
          -2.83940
          -2.62266
          -3.91259
          -0.77913
          -2.68505
           0.13105
           1.62588
          -0.31529
          -2.38274
           3.39818
          -2.11470
          -0.79131
          -1.39624
           1.78263
           1.23286
          -1.76418
          -1.40004
           0.48653
           1.16758
          -4.25837
          -1.22948
           0.79822
           2.06478
          -2.53797
           4.66263
          -2.88461
          -2.37220
           1.33759
          -2.05947
          -2.63599
          -0.15350
          -1.47377
          -0.51106
          -4.80477
          -0.26185
           2.00568
           2.96392
          -0.22029
           0.34753
          -1.40396
          -0.34853
          -0.75801
           4.02249
           3.55318
          -0.70596
           3.72255
          -0.13053
           1.69145
           0.63174
           3.11247
           1.81694
          -2.15935
          -4.28669
           3.64422
          -0.55097
          -1.96342
           0.05851
          -0.47468
          -4.34625
          -2.21018
          -1.28543
           3.57661
          -2.53538
          -0.69482
          -5.30380
           2.68490
          -2.95793
           1.61397
           2.69057
          -2.44934
          -0.26640
           1.36937
           1.29536
           0.37083
          -2.31028
           1.69448
           0.63533
           0.23856
           2.49708
           1.25210
           0.12187
           0.41144
          -0.35085
           2.21213
          -0.82275
          -2.26379
          -2.11229
          -1.09684
           0.80503
           1.43596
          -2.56633
           0.88222
           0.90378
           1.78486
           1.70538
           1.72402
          -0.26637
          -2.51066
          -4.18412
          -0.43182
          -0.95634
               NaN
           3.34072
               NaN
           0.08788
          -2.98287
           0.04419
           2.32928
           3.25713
           0.41626
          -1.50736
           3.65756
           0.88906
          -2.70316
          -0.36827
          -1.54061
          -2.17213
           1.39801
          -2.22543
           1.92767
          -0.11818
           0.51671
           3.26987
           1.90135
          -0.12172
          -0.66006
           2.22243
           1.40358
           4.04246
           1.28285
           0.64157
           4.13274
          -2.29424
           2.39693
          -2.25090
          -1.46621
          -0.74176
          -4.69668
          -1.61414
           1.57934
           0.61789
           1.10259
           1.50833
          -1.28515
           0.59074
          -1.57112
           4.28438
           0.51222
           0.92035
           2.71124
          -0.30643
          -1.03488
           0.38430
          -0.53997
           5.49964
          -1.16603
           0.07948
          -2.79403
           2.61902
          -1.31803
           1.02429
           0.42145
           0.16323
           1.00172
          -1.49921
          -3.66172
           0.43064
          -3.81453
           3.09843
           1.27881
          -1.19849
           0.32383
           2.57261
          -0.45209
           2.33271
           0.59476
          -4.83361
          -0.18850
          -4.57210
          -1.30350
           1.74058
          -2.63602
          -4.70006
          -0.96725
          -1.19471
          -1.68009
           0.80814
          -3.15953
           0.52480
          -4.88926
          -2.67317
           0.11748
          -0.15549
           0.95510
          -3.31515
          -4.25453
          -1.75664
           0.96928
           3.47933
          -1.25018
           0.08078
          -2.31961
          -2.68776
           0.43386
           0.83205
           1.40918
           0.90822
          -2.19698
           0.93080
          -1.68260
           0.11061
           1.68999
          -4.43853
           0.77330
           1.90105
          -1.41530
          -1.24815
          -0.79413
           1.30630
           0.26919
          -3.24308
           3.02610
           1.25545
           0.94872
           0.43109
           3.12678
          -0.09350
           2.17110
           2.37725
          -0.69520
          -1.53736
          -0.26753
           0.91820
          -0.35104
          -1.56790
          -0.25025
           0.19901
           1.67387
          -1.92189
           2.38767
           1.36572
          -2.63257
          -0.33875
          -1.03291
           2.37010
          -1.47553
          -0.53570
           2.23951
          -0.27537
          -3.51153
          -3.53989
          -0.83014
           2.91488
          -1.45209
           4.77503
           0.81272
          -2.24001
          -2.44921
          -0.33620
          -2.39595
           3.08234
           1.27228
           3.02100
          -0.76720
           1.36028
          -0.21908
          -3.63928
          -2.57793
          -1.67433
           4.01762
          -2.59554
           0.90231
          -0.35731
          -1.84205
          -0.91906
           0.34472
           0.54438
          -4.65831
           3.62997
          -0.53842
          -0.18575
           0.64830
          -1.82609
          -0.93544
          -1.71408
           1.40723
          -1.75309
          -0.83723
           0.29167
           1.39519
           3.18763
           2.45734
          -2.13549
          -3.08764
          -1.28679
          -1.14519
           3.00077
           3.97111
          -1.22644
          -1.52992
          -2.86403
           1.43423
           1.10314
           0.24899
           3.08895
           0.02347
           0.04579
          -2.45194
          -1.15978
          -0.10761
           0.63587
           0.78721
          -1.54905
           1.09850
          -3.50898
           3.49297
          -1.59417
          -0.56889
          -2.17882
          -3.63831
          -0.33431
           1.52499
           2.40312
          -2.05313
           4.43314
          -1.85956
          -1.61843
          -0.09589
           1.08154
           2.79872
          -0.53909
           0.78784
           1.58182
          -0.83614
           0.21101
          -2.89644
           2.47122
          -1.08142
          -2.47151
          -0.88150
          -1.91685
           0.97397
           2.26370
           0.81703
           1.25401
           0.79284
          -3.16263
          -0.51953
          -0.81548
           1.57921
           4.37498
               NaN
           3.85966
          -3.63094
          -3.39770
          -0.19406
          -2.95149
          -1.87077
           0.87582
           0.55673
           2.85014
           1.32251
          -0.88437
          -5.29739
           0.11093
           1.02884
           2.11206
          -2.29409
           4.77242
           4.02860
           0.72285
           1.66831
          -2.17440
          -4.84036
          -1.39458
          -2.84663
           1.19655
          -0.58976
          -1.30673
           0.80029
           4.33930
          -0.33828
           1.77966
          -1.05371
          -1.50294
           1.67355
          -1.63695
           3.42727
          -4.49568
           0.80661
          -1.23387
          -3.15942
          -0.47631
               NaN
               NaN
           1.90075
           0.77736
          -0.62347
           2.57101
          -2.44415
          -2.82767
           2.07024
          -1.54106
          -1.25536
          -2.16784
           1.99294
           3.84641
          -2.73314
           2.21677
          -3.66183
           0.00864
          -4.29021
           2.05825
          -2.34264
           1.25382
           2.82255
          -1.85422
          -3.34190
          -0.67760
          -3.50243
           1.71969
          -0.33701
           2.97425
           1.53787
           5.36814
          -4.54058
           0.86953
          -1.34192
           1.67445
           0.25208
           0.66746
          -1.02726
           2.18626
          -1.67173
           0.54540
           0.00681
          -2.53175
          -3.23349
          -1.16005
           2.20917
          -2.03702
          -0.71468
          -1.43734
          -1.89373
          -2.59820
           0.83893
          -1.74050
           0.21634
           1.84508
           0.03576
           0.36455
          -1.40889
          -1.98141
           1.65994
           2.01590
           1.60898
          -5.53336
          -1.84016
           2.00472
           2.47684
           0.73141
          -1.57364
           1.31240
           2.16658
           0.77465
           5.17229
           1.23535
          -0.01612
          -2.84708
           2.21847
          -1.18390
           0.26286
           2.85965
          -2.81890
           5.68270
          -0.85446
          -5.19124
          -0.27682
           4.27085
           1.38163
          -2.00884
           0.56768
           4.25575
           0.51181
          -0.75102
           2.73437
           0.89695
          -0.31677
          -2.12737
          -1.60029
          -0.21742
           0.93981
          -0.57355
          -2.84774
           3.44211
          -4.12807
          -1.26842
          -0.15372
          -3.09292
          -0.16519
           3.29547
          -3.23218
          -4.86045
          -3.61989
          -0.73667
           0.44094
           0.57141
           4.07685
           0.61003
          -4.24380
           3.02260
           0.89375
           4.31323
           0.12417
          -1.24728
           1.65769
           0.57937
           1.91653
          -1.66580
           2.32044
           2.87929
           2.09318
          -3.26331
          -3.03437
           1.11036
           0.04074
           1.33401
          -2.15697
           0.67601
          -4.34350
          -1.86002
           1.11359
           1.92490
           2.87179
           0.65218
          -2.56357
          -0.00450
          -4.44662
          -3.04753
           0.35800
           0.49480
          -2.85033
           0.34172
          -0.31940
           2.58638
          -0.73258
          -2.23514
          -1.06341
          -1.03525
          -0.31640
           1.63544
          -0.65486
          -2.49389
           0.74974
          -3.95945
           0.44566
          -0.71239
          -0.30327
           0.06229
          -1.06965
          -0.48645
          -1.26306
          -0.20921
          -3.83799
          -0.83196
          -1.34001
           3.49048
          -0.72815
           4.08447
           2.51405
           0.16737
          -1.66985
          -2.10775
          -2.25375
          -1.47376
           0.11530
          -2.37424
          -0.76497
          -0.47189
          -3.72283
          -0.98777
           0.71693
           1.19693
           1.32498
          -1.96689
          -1.01518
          -3.41586
          -3.35006
          -1.02597
               NaN
          -1.87121
           1.40813
           2.21804
          -0.63075
          -1.96671
           5.06641
           0.13041
           1.57819
           1.44186
           3.80260
          -1.00316
          -1.11958
           2.84025
          -0.17904
           2.24021
          -1.31338
          -1.27695
          -1.29173
          -0.75172
          -1.45831
           0.98545
          -0.88674
          -2.72886
           1.36378
          -0.37556
          -0.66969
           0.22920
          -3.49042
           0.46429
          -0.11040
          -0.65197
           2.66528
          -0.76227
          -0.32610
           1.59779
          -0.39072
           4.10170
          -2.56970
          -2.38303
          -0.06442
          -1.89559
           0.20785
           0.68838
          -4.79584
           0.68556
           3.53128
           0.76971
           3.43237
          -0.75570
          -0.99291
          -2.02426
           0.57774
           1.16310
          -0.18459
           0.39418
          -1.10201
           0.78200
          -1.83237
           0.61185
          -0.74514
           1.14058
          -1.65987
          -0.53428
          -5.09046
          -2.12965
          -2.73347
          -0.60207
           3.85542
          -2.55785
           1.32282
           2.79285
           0.23838
          -3.85263
          -0.23506
           1.41675
          -0.56688
          -1.85036
          -1.39872
           0.63361
          -0.60210
           2.72793
          -1.45523
          -2.25588
          -0.27644
               NaN
           0.28197
          -1.00733
           1.46679
          -0.51259
           0.82159
          -2.32045
          -0.01941
          -0.79277
           2.80603
          -1.21759
           4.48736
          -0.39554
          -1.77752
          -0.89571
          -2.27182
           2.38774
          -1.78707
          -0.50318
           1.71640
          -0.01471
          -1.63446
          -0.47436
          -1.26300
          -1.99959
           1.37702
          -1.07736
           0.94215
           1.14634
          -0.77793
           1.13934
           4.79922
           1.31699
          -1.24593
          -0.39478
          -0.27244
           1.96421
           0.23790
           3.72398
          -0.30616
           0.48103
          -1.17218
          -1.18101
           1.57707
           2.19890
          -1.38654
           1.46100
          -1.27557
          -0.11950
          -4.02589
           4.76399
           2.45270
          -1.21445
           0.05674
          -1.54403
           2.72389
          -0.39653
           1.80549
          -3.00323
          -4.66778
          -2.99575
          -5.77953
           5.59321
          -1.45032
          -3.17202
          -2.06044
           1.52230
           3.14333
           0.53486
          -1.05182
           1.97654
          -1.26668
          -1.45600
           2.28538
          -1.58835
           1.05033
          -2.55245
          -0.69556
           0.41541
           2.54361
           1.58750
           2.05733
          -0.27908
               NaN
           4.27542
           0.99610
          -0.68575
           1.71223
          -3.18432
          -1.63279
          -0.25277
          -2.55386
           1.31560
           1.52346
          -3.14870
          -3.79260
           2.59334
          -0.80050
          -0.09641
          -0.75796
          -0.34885
          -4.31694
          -0.37503
           0.93375
          -0.55896
          -1.70242
          -1.65576
          -1.29887
          -2.63610
          -0.30593
          -0.12178
          -0.58102
          -1.88870
          -0.42243
          -1.27841
          -0.96593
          -0.71553
           0.67931
          -3.20235
          -1.31234
           2.72287
          -3.61580
          -1.96461
          -1.42309
          -0.22115
          -2.90096
          -0.09321
          -1.69797
          -1.77575
          -0.45423
           0.37059
          -1.13285
          -3.52709
           0.50088
           0.25972
          -0.11636
          -4.48981
           0.96123
          -0.06393
          -0.96715
          -1.27063
          -1.72085
          -0.43904
          -1.75439
          -0.48287
          -0.68316
          -0.71951
           0.13456
          -0.50002
          -3.27399
          -2.02783
          -1.06781
          -1.53799
          -1.50678
           0.43542
          -1.74078
           2.09206
          -2.58697
           1.04104
          -3.30912
          -2.26941
           0.02917
          -0.00306
          -2.36855
           0.55257
          -0.97353
           1.21317
          -1.61812
          -0.36892
           0.03005
          -1.71076
          -1.30812
           1.21183
           0.15057
           1.02610
          -1.88654
           0.29660
          -0.91175
          -1.50730
           0.61197
          -0.88336
          -1.60374
          -3.53755
          -0.22140
          -0.02440
           1.57062
          -0.85196
           0.20116
          -2.66598
           1.05970
           0.43852
          -0.57180
          -0.53881
           1.83077
          -3.11663
          -0.39923
          -2.03508
          -0.42652
           0.86063
          -3.04925
           0.20066
          -1.83495
          -0.74850
          -1.92766
          -0.65078
           0.14058
           1.77353
          -1.59852
           2.02541
          -0.51666
           2.13517
          -1.71166
          -1.84441
          -1.87131
          -3.18635
          -2.70003
           0.48949
           0.66918
           1.34296
          -1.39606
          -0.16777
           0.71344
           0.29649
          -0.05874
           1.78854
          -2.41620
          -1.21050
          -1.14243
          -0.56773
           2.11198
          -1.51739
          -1.77146
          -0.23372
          -2.79842
          -1.99284
          -0.13268
          -1.64844
           0.35989
          -2.79794
          -2.36693
           1.15814
          -1.44226
           0.56149
          -0.24048
          -1.66288
          -1.29709
           1.53072
           2.25170
          -1.42439
          -1.89399
          -2.59164
          -1.01797
          -2.62545
          -1.81076
           1.76582
          -1.54954
           0.97837
          -0.29751
          -2.28675
           0.32066
          -1.86423
          -3.87798
          -1.30451
          -0.35356
          -0.83467
          -1.67726
          -2.15840
          -2.77023
           0.57358
          -1.11059
               NaN
          -1.25565
          -1.12226
          -2.66016
           0.12898
          -0.38837
          -1.46662
          -0.27208
           1.18669
           1.08369
           1.54333
          -2.54006
          -2.08975
           0.98795
           0.22885
          -1.15914
          -1.08436
          -2.08391
          -0.34669
          -0.23664
           0.02869
           0.52340
          -2.24808
          -2.37364
           0.40636
          -1.52166
               NaN
          -3.30835
          -0.89193
          -0.49367
          -0.37167
          -0.49333
           0.23533
           0.22255
          -1.27785
          -3.02227
          -0.80523
          -4.35114
          -1.60574
          -0.24669
          -3.28754
           0.90989
          -0.89296
          -0.30557
          -0.87524
           0.63243
          -1.05274
           0.56342
           0.16884
          -1.17453
           0.82369
          -0.97763
          -1.48965
          -3.50999
          -0.56622
          -1.26732
          -1.21664
           2.61704
          -1.39498
           0.16337
           0.71219
           0.01015
          -2.59635
          -2.34644
          -1.89321
          -1.92529
          -0.72306
          -0.34988
           0.09157
          -0.80512
          -2.91181
          -0.09226
           2.22841
          -0.82026
          -0.24820
          -1.46325
          -0.32049
          -0.04038
          -0.02189
          -0.38396
           0.31945
          -2.17360
          -0.98497
          -0.64448
          -1.66868
           0.45615
          -1.98677
          -1.37681
          -2.52254
          -1.69387
          -2.22156
          -2.25181
          -0.87278
          -1.25238
          -1.84216
          -1.61153
           0.82333
          -2.08799
          -0.37153
           0.52081
          -1.21666
           1.23753
           0.34937
          -2.65741
          -1.81439
          -0.44265
          -0.87017
          -3.65338
          -0.92514
           0.78557
          -1.97021
           0.01065
          -2.58901
          -1.62835
          -3.60211
           0.31184
          -2.82069
          -2.28462
          -2.33516
          -2.38377
          -1.15101
          -1.95809
          -2.35911
          -0.27524
          -1.41753
          -1.24143
           0.52387
          -0.68816
           0.49516
           0.43474
          -1.75230
          -1.44692
           2.35752
          -0.51882
           0.21540
          -2.41829
           1.39746
           0.41071
           0.14671
           2.19811
          -1.41736
          -1.37814
          -0.82117
           0.32996
          -0.00691
          -1.30537
          -1.45459
          -1.66813
          -1.95440
          -1.25637
          -1.83072
          -1.17240
           2.02588
          -2.65621
          -2.95637
          -0.41334
          -1.72930
           0.09029
          -1.01526
          -1.05405
          -0.68353
           0.19297
           0.33535
           0.69764
          -0.47102
          -0.30163
           0.17909
          -1.71597
          -0.32114
          -1.21867
           0.60107
          -2.97756
          -0.87913
          -1.00231
          -0.93955
          -2.42897
          -1.92462
          -0.03339
          -1.34346
          -2.11996
          -2.35070
          -2.30465
          -1.59897
          -1.55230
           0.84931
          -2.53506
          -2.18442
          -1.09088
           0.97170
          -3.02009
           2.23707
          -3.71737
           0.20887
          -2.33020
          -0.60102
           0.49821
          -1.31665
           1.59369
          -2.06108
          -2.65238
          -2.43164
          -0.49906
           1.10612
          -0.06956
          -2.05333
          -1.33113
          -0.54924
          -1.56962
          -2.47645
           0.70371
          -0.78454
          -2.58413
          -1.85109
          -1.66877
          -0.28749
           1.05445
          -1.87293
          -0.86307
          -0.44204
          -3.01770
          -0.39647
          -0.86558
           0.36867
          -2.32499
          -0.78308
          -0.08777
           1.35821
          -0.67271
          -0.98387
          -0.69151
          -1.61088
          -1.07289
          -0.86949
          -3.03434
          -2.17464
          -1.23759
          -3.23609
          -1.63668
          -3.31594
          -2.44682
          -0.09021
          -0.78328
          -2.69237
          -0.11848
           0.58419
          -0.65621
          -2.14653
           0.09982
           0.48193
           0.18730
           0.41345
          -1.94739
          -0.28659
          -0.69526
          -0.63090
          -1.41677
          -2.21456
          -1.66543
           0.32199
           0.05829
          -0.95152
           0.37783
          -1.82090
          -1.12786
          -3.79250
          -0.02042
          -0.00304
          -1.75212
          -2.66103
           0.32776
          -0.59987
          -1.12388
           1.52907
           2.15431
          -1.99147
          -0.40246
           1.02710
          -1.81422
           0.07961
          -1.05989
           1.45289
          -1.27163
          -0.75935
          -1.13891
           0.81707
           0.19207
           1.36441
          -1.48231
          -1.21903
          -1.80401
          -4.14737
          -2.24363
          -0.36378
          -2.46105
          -2.10844
          -3.18302
          -1.44126
           1.97320
           0.53926
          -3.07451
          -0.82533
          -1.78278
          -1.15221
           0.17401
           0.93982
           0.00200
          -1.16436
          -1.39791
          -0.12533
          -0.96963
          -1.12048
          -1.85023
          -3.56157
           0.14703
          -0.01897
           0.50616
           1.05582
          -0.18288
          -0.28994
          -1.90026
          -2.32113
          -0.28616
           0.17230
          -2.18816
          -0.76132
          -1.18325
          -0.60595
          -2.93417
          -0.01592
          -0.73361
           1.35152
           0.23523
          -0.69317
          -3.16822
           0.45079
          -2.44513
          -2.16873
          -2.90225
          -2.01987
          -0.67944
          -2.38169
           0.18025
          -0.70036
           0.57080
          -2.49312
          -2.24544
           0.15175
           0.05687
           0.27351
          -1.71711
          -2.05902
           0.22740
          -1.00558
          -2.51210
          -1.74179
          -0.13147
          -3.70240
           0.79564
          -1.41949
               NaN
          -0.55162
          -0.43253
          -1.52352
          -0.21796
           0.31184
          -2.63081
          -0.83920
           1.95360
          -2.85154
          -0.84340
          -1.17260
          -1.44629
          -2.06622
          -1.11732
          -0.26918
          -2.88032
          -2.23797
          -1.52080
          -0.08357
          -0.18410
          -2.59452
          -0.45086
           0.78323
          -1.25787
          -1.75906
          -0.21559
          -1.22808
          -1.58417
          -1.09388
          -0.47341
           0.98331
          -0.30086
          -1.19874
          -0.32244
          -0.47699
          -0.52893
          -0.30896
           0.69427
          -0.40387
           1.11456
          -2.71245
          -1.20447
           0.31437
           2.04395
          -1.56380
          -1.50868
           1.05811
          -1.65324
          -1.46899
          -3.42436
          -3.22476
           0.04707
          -1.82975
           0.39348
          -2.60309
          -0.16158
          -0.51374
          -0.48215
          -0.77309
          -3.05204
          -2.96049
          -0.65090
          -1.58821
           0.12964
          -1.36017
          -2.49183
          -1.81268
          -0.97065
          -0.15056
          -1.83083
          -0.89142
          -1.40333
          -0.84348
          -0.92987
          -2.74576
          -2.33319
          -1.32192
          -2.05035
           0.65993
          -1.44217
           1.37358
           0.07609
           1.46316
          -2.38002
          -2.11159
          -4.18559
          -0.89901
          -3.01765
           0.97670
          -1.92020
           0.01270
          -2.61641
          -0.48084
          -0.12215
           2.28035
           2.67621
          -0.41317
          -0.07282
          -2.85305
           0.71077
           0.46431
          -0.88875
          -0.92522
               NaN
          -1.91915
          -3.98849
          -0.34463
          -1.00455
           0.78716
          -2.26398
          -0.80388
          -1.53361
          -0.40333
          -0.69296
           0.15401
          -1.59736
          -0.37809
          -1.12291
          -0.56871
           0.34826
          -0.94048
          -2.78525
           1.27945
          -1.70450
          -0.88775
          -0.16076
          -2.05256
          -2.06751
          -0.26663
          -1.70493
          -2.64940
          -0.34645
          -2.46049
          -2.69225
          -1.60745
          -0.90182
          -1.22855
           1.34901
           1.85868
          -0.72992
           0.71184
          -4.14611
          -0.41282
          -0.65574
           0.43593
          -3.21061
          -0.26344
          -0.95200
          -0.45311
           0.27158
           1.15992
          -2.23948
          -0.54330
           0.72035
          -1.94073
           1.17582
           0.40406
           1.62586
           1.60893
           0.43198
           0.47165
          -2.20238
          -2.18979
           0.05862
          -1.46377
           1.61077
          -0.09769
           2.89479
           0.48135
          -0.73425
          -2.19176
          -2.88767
          -0.52610
          -2.01915
          -1.52398
           0.82996
          -0.30986
           2.23772
          -2.52564
           0.60648
          -0.72914
           2.43800
          -3.23964
           0.16743
          -2.96906
           0.20457
          -0.10414
          -0.67085
           1.04287
          -1.59962
           1.40998
           0.36302
           0.36486
          -0.68534
          -1.71231
          -0.70312
           2.23100
          -2.22974
          -1.65492
          -3.08488
           1.18448
           1.16690
          -2.54927
          -2.72221
          -0.70520
          -0.25645
          -0.76120
          -1.16092
           2.57609
           2.24541
          -2.44505
          -2.63975
          -1.43125
          -1.73357
           0.09064
          -1.10042
           0.95531
          -1.20584
          -1.43848
          -0.27371
           0.14226
          -1.82136
          -1.38196
          -1.02832
          -0.04222
           0.40754
          -1.89617
           1.67745
          -0.34957
          -0.12921
          -3.26443
           0.56290
          -0.00948
           0.77160
          -1.96443
          -0.39985
          -0.04201
          -0.36006
           1.10044
           0.79193
          -2.42177
          -0.34825
          -3.27878
          -1.86426
          -2.03608
          -1.04656
           1.45562
          -0.13984
          -3.05829
          -0.29458
           1.61021
          -2.52086
          -0.42249
          -2.27023
          -0.22747
           0.86330
          -0.41913
          -0.42856
          -0.51678
           1.39411
          -0.19719
          -1.95341
           0.13059
          -2.36764
          -0.72926
           1.09523
          -2.61621
          -3.45300
           2.34432
          -1.39462
          -1.46307
          -0.11286
          -1.19857
          -0.10640
          -1.09311
          -0.68682
          -2.80514
          -1.88984
           2.04937
          -1.78360
          -0.57864
          -1.32849
          -3.16049
          -0.25115
          -0.18371
          -0.82393
           0.38099
           0.92769
          -2.18950
          -1.23069
           0.50949
          -2.29026
           0.10202
          -0.89484
           0.29821
           2.17749
          -2.16665
          -1.54286
          -1.67078
          -1.55477
          -1.74219
          -0.85001
          -0.06168
          -1.98963
           0.73055
           2.37989
          -1.89667
          -2.83321
          -1.41512
          -3.09202
          -0.70696
          -0.62008
          -2.07507
           0.30383
           1.64402
          -3.41261
           0.93468
           0.25344
          -1.88783
           0.04334
          -2.26574
          -2.80152
           0.69398
          -0.56433
          -3.22985
           0.26052
          -0.13407
           0.21983
          -0.66909
          -1.43909
          -0.94419
          -3.22917
           0.55647
          -1.97531
          -1.94497
          -2.13577
          -0.65683
           1.15181
          -0.52364
           0.69043
           0.30481
          -2.94783
          -0.66180
          -2.94057
          -0.11549
          -0.29624
          -0.48004
          -0.39878
          -0.33334
          -1.16210
           1.47256
           1.16189
          -3.56546
          -2.39349
          -1.23580
          -1.18960
           0.62620
           0.09084
           0.14626
           0.42323
          -1.44009
          -1.92312
          -0.71595
          -1.89072
          -0.23833
          -0.72564
          -2.93695
          -1.28623
          -2.18045
          -3.32238
          -1.47921
           2.77022
          -1.03716
          -2.34569
          -2.77345
          -1.84328
           0.51972
               NaN
          -2.60884
          -0.78741
          -2.26525
          -0.84189
          -0.92474
           0.23798
          -0.72548
          -1.03197
           0.41839
          -0.50019
          -1.88422
          -1.15858
           1.60924
           0.77818
          -2.14664
          -4.00197
          -1.94221
           2.19194
          -1.36745
           1.57108
          -0.69134
           1.08241
          -2.18523
           0.31414
           1.13000
          -1.66276
          -0.44031
          -0.06251
          -1.58249
           2.06865
          -1.27486
          -0.08398
          -3.05877
           0.80570
          -1.97849
          -0.85747
           0.34721
          -1.00626
          -0.66461
           1.08681
          -1.72640
          -1.77522
           0.15285
          -0.84144
          -1.16919
           0.03504
          -0.38574
          -2.09165
          -0.88076
          -0.37369
           0.07881
          -0.69904
          -1.40110
           1.53388
          -0.19098
          -0.59135
           1.80402
          -0.30956
          -3.68926
          -0.04629
          -0.84605
          -1.53111
          -0.85231
          -1.27803
          -0.37782
           0.27015
          -0.75497
          -0.17058
          -2.91767
          -2.00725
          -0.18251
           0.40122
          -0.57429
          -0.49951
          -0.41516
           0.04830
           0.59417
          -1.98732
           0.21173
          -2.59176
           0.08107
           0.44829
          -2.99806
          -0.00310
           1.42854
          -0.55003
          -1.23165
          -3.60057
          -1.22695
          -0.32991
          -0.85187
           2.62867
           0.25876
          -2.45074
