          -2.21682
           0.99928
           0.94849
          -2.26660
          -2.59915
          -1.59367
           1.35806
          -0.26622
          -0.40402
          -1.59876
          -3.53993
           0.84844
          -1.59446
          -1.44294
           0.38630
          -3.75632
          -2.27323
          -1.29041
           0.03427
           0.90633
          -2.26088
           3.20825
          -0.03183
          -2.00966
          -2.26760
          -0.41174
          -1.49663
           2.10622
           0.06669
           0.48576
           1.43292
           0.65987
           2.01383
           0.80353
           0.11024
           1.05540
           0.44294
          -0.68868
           3.05044
           1.12849
           0.97145
           0.47542
           0.00487
          -0.25777
           1.75426
          -0.14542
           1.35169
           2.86852
           1.30832
           0.33466
           0.50308
          -0.48253
           0.67909
           0.17314
           1.56826
          -0.00908
           3.29251
          -1.93507
           0.41555
           1.19760
          -0.20029
          -1.17293
           0.91637
          -0.81218
           0.36284
           0.94829
          -1.43634
           1.46558
          -0.18873
          -0.48125
          -2.56001
          -1.11236
           0.95910
          -0.19476
           0.52893
          -0.55836
           0.06834
               NaN
          -2.27746
          -0.48574
          -0.80880
           0.01663
           1.51090
          -1.71946
          -2.74906
           0.79628
           1.83421
          -1.58734
           0.18413
          -1.50459
           0.85949
           0.00476
          -2.96243
          -1.42075
          -2.40301
          -0.44703
          -0.03600
          -2.80825
          -3.12096
           0.39305
          -0.74458
           0.39434
           0.05126
           1.17328
          -2.23843
          -1.02528
          -0.48188
           1.49312
           0.38176
          -0.37226
           1.48026
          -1.10116
          -2.81115
          -0.54079
           0.43295
           1.14677
          -0.98306
           0.42739
          -0.76158
           2.09637
          -0.51902
           0.59320
          -1.73324
          -0.70861
          -2.25301
          -1.34023
          -2.17646
           0.40731
           1.13359
          -0.39286
          -0.48879
          -1.17666
          -0.30623
          -1.29189
           0.12416
          -2.34098
          -0.20746
          -0.00389
          -2.88990
           0.54984
           0.18799
          -1.65162
           1.70824
           1.62904
          -0.81644
          -0.25617
          -0.43452
           0.41180
           0.93719
           0.59178
           1.05257
           1.66178
          -0.61997
           2.21293
           0.27465
           0.62696
           0.30139
          -2.75886
          -0.88677
          -2.39358
               NaN
          -1.14963
          -2.40792
           1.60502
           0.62936
          -1.04601
           1.98071
          -1.08652
           0.69753
          -0.65827
           1.27058
           0.56636
          -0.05160
           1.94210
          -0.57945
           0.52946
           1.24826
          -0.10140
          -0.39019
           1.56361
           1.17076
           0.92061
          -2.19394
          -1.18889
          -0.62283
           0.50612
          -0.11564
           1.91812
           0.81705
          -2.04281
          -0.63888
           1.96447
           0.44576
          -1.27520
          -1.58378
           0.66876
          -1.70810
          -0.14848
          -1.05591
          -0.55347
          -2.91835
           0.96988
           0.78679
           1.86411
          -1.06045
           1.16990
          -2.17107
           1.82054
          -0.01041
          -0.28405
          -1.24058
           1.02438
           0.42962
          -1.42610
          -0.98802
          -1.54720
          -2.15665
           0.66243
          -0.62317
          -1.09671
          -1.29141
           1.05158
           0.97705
           3.29076
           0.38003
           0.65456
           0.55132
           0.02687
          -0.49850
           0.32296
          -0.85138
          -3.90691
           1.09663
          -1.31410
          -2.41410
          -0.65037
          -0.51830
           0.18776
          -0.60373
          -2.65796
          -1.56707
          -0.93923
           0.64081
           2.08785
           1.25295
           0.08538
          -1.24085
           2.02604
           1.82897
           1.57946
           0.43981
           0.49251
           0.57190
          -0.27894
           2.75163
          -3.71516
           1.31117
          -1.42329
           0.33441
           0.21808
          -0.17384
          -1.46406
          -1.66339
           1.76957
          -2.31447
          -1.94395
           0.69898
          -0.63247
          -1.28656
           0.56501
           1.58820
           1.51747
           1.40228
           0.62494
          -2.17309
          -0.19542
          -0.21404
           0.87232
           2.43275
          -0.30928
          -0.79686
          -2.45837
          -1.53211
           0.66000
           0.90695
          -0.97093
           1.05866
           0.74207
           2.27863
           1.24155
          -2.37574
           0.27150
           0.52920
          -0.67634
           0.97779
          -1.47828
          -1.15431
          -1.65018
           0.75310
           0.20150
           1.23718
          -1.30712
           0.13444
          -1.84043
          -1.42536
          -1.62528
           1.92106
          -0.74573
          -0.22943
           0.88856
           1.31477
           1.88014
           1.73173
           0.86155
           0.18404
          -2.08051
          -2.62087
          -0.40244
               NaN
           0.04812
           0.61467
          -0.86940
           0.66235
          -1.00471
          -0.02122
           1.50374
           1.46761
           2.15401
          -2.46742
           3.72971
          -0.29681
          -0.40238
          -0.26271
           0.64026
          -1.30365
           0.28655
          -1.07795
          -0.26899
          -2.63290
           0.52835
           1.60944
           2.89692
           0.17750
           1.06830
          -2.05673
          -1.50714
           0.83243
           2.39686
           1.32223
          -0.92074
          -1.24564
          -0.92796
          -0.44789
           0.51539
           0.51397
          -0.60340
          -0.62962
           0.49616
           0.57280
           0.64923
           0.35909
           0.83058
           0.43038
           0.45032
          -0.33846
           0.89833
           1.69631
           2.24511
          -3.20129
          -0.50969
          -1.60001
          -2.05642
          -0.66090
          -2.06130
          -0.73639
           2.62171
          -1.85286
          -0.15501
           1.47473
           1.47534
           1.46207
          -2.18834
          -1.66023
          -0.58287
          -1.33237
           1.98602
          -0.94311
           3.17047
           0.92054
           0.12533
          -1.67643
           0.99371
          -2.13233
           0.52265
           0.42475
          -0.67734
           1.05513
          -1.13520
               NaN
          -0.57785
          -0.85545
          -2.07365
          -1.19097
           0.84939
           1.06882
          -1.14250
          -0.28601
          -1.70277
           1.12663
           0.44466
           1.17385
          -0.55965
          -1.40187
          -1.21542
          -1.54529
          -1.45848
           1.47960
           2.36620
          -0.22285
          -0.57269
           1.80174
          -1.04958
          -0.60931
           1.01874
           1.85898
          -0.17342
           1.57585
           0.40175
          -0.22234
           1.22823
           1.04786
           2.61889
          -2.05165
           0.92879
          -1.40258
          -1.07885
           1.14070
           1.69426
           0.79090
          -1.01662
           0.64763
          -1.20304
          -1.25147
           0.86950
          -2.39892
           1.47647
          -0.98437
           0.20460
           0.09437
          -1.25224
           0.30403
          -0.23421
          -0.03795
           1.68891
          -0.23100
          -2.56376
           0.23401
           2.53613
          -1.72714
          -0.67005
           1.40685
          -1.24341
           0.10851
          -3.20151
           0.85883
          -1.59842
           0.42778
           1.36522
          -1.05933
           1.38077
          -1.90990
          -0.38453
           2.49456
          -0.71087
          -0.61330
          -0.99071
           0.96584
          -0.78710
           1.67139
          -0.99210
          -0.30162
           1.40084
           1.08957
          -1.35928
          -3.50330
           0.02275
           1.70240
          -1.76539
           0.61002
           1.97317
           0.72637
          -0.03565
           0.33352
           1.75655
          -1.22062
           0.68975
          -0.82825
           0.75446
           2.69851
           1.24107
          -3.07291
          -0.78904
           2.82250
          -1.02524
          -1.69540
          -0.19095
           1.15510
          -1.12166
          -3.21604
           1.92238
          -0.12338
          -2.86328
          -0.79858
          -0.25008
           0.01646
          -0.92531
          -0.64920
           0.49819
           0.86824
          -3.65836
           0.31687
          -0.90920
           0.60134
          -0.15467
          -0.85419
          -1.75529
           0.29975
           0.20345
          -1.58596
           1.68508
          -0.55586
           2.54708
           2.09469
          -0.62856
          -0.43318
           0.99619
           1.11590
          -1.98105
          -1.97251
          -0.69534
           0.13186
          -0.14240
           1.59648
          -0.21916
          -0.76422
           0.06302
           0.23805
          -0.73958
           1.06245
           0.23537
          -0.68589
           2.03818
          -0.09330
           1.74483
          -0.08405
           0.97412
          -1.16804
          -0.21310
           0.08205
           1.44516
          -2.12632
           0.85302
          -0.34051
          -0.05325
           0.61724
          -0.94293
          -0.19245
           1.16812
          -0.71209
          -0.32692
           0.41183
           1.84622
           0.31384
          -2.47738
           3.29137
           0.38168
          -0.71694
          -1.46760
          -1.81201
          -1.09830
          -0.33016
           1.33122
           1.18181
          -0.09411
          -0.04129
          -0.01155
           1.83697
           2.05150
           1.97808
           0.68281
           1.79675
           0.69287
               NaN
          -0.07472
           1.29724
          -1.66192
           1.36382
          -1.62869
          -1.82870
           1.86647
           0.23056
          -1.64953
           0.63046
          -1.15944
          -2.16927
          -1.42086
           0.24061
           0.72619
           0.76018
           3.70096
           0.51754
          -0.31324
          -1.88179
           0.36967
           0.39163
           0.18788
           1.30488
           2.37126
          -2.87098
           0.03376
           2.33248
           1.95041
          -1.30737
           2.33097
          -1.04832
          -2.28826
           0.30303
          -0.73602
          -0.49219
           3.28110
          -0.55508
          -0.16469
           2.43920
          -0.62041
          -0.59871
          -0.16252
           2.71484
           0.53827
          -0.93749
           2.16283
          -0.93447
          -2.25696
           0.64812
          -0.91503
           1.61824
          -1.28993
          -1.43562
           1.54152
           1.04162
          -1.13456
           1.73035
               NaN
          -2.21721
          -2.46304
           0.08982
           0.66435
           0.23907
          -0.68514
          -0.68930
           1.42534
           0.01700
          -1.79885
           0.28035
           0.61904
           0.59740
           0.89341
          -0.38882
          -1.64985
           3.32988
           1.57567
          -1.67339
           0.94195
           0.31270
          -0.15779
          -0.32482
          -0.41873
           0.10429
           1.54475
          -0.69489
          -0.59545
          -1.62845
          -2.23634
          -2.71846
          -0.88290
           2.04319
          -0.72470
           0.61344
          -1.14933
          -0.47073
           2.38241
          -0.86814
           0.51082
          -0.03456
          -2.63715
           1.34890
          -0.33810
          -1.70065
          -1.48963
           2.60701
          -0.10676
          -1.80632
           2.27382
          -1.02200
           0.38153
          -1.52891
          -1.72501
          -0.21434
          -1.05047
           0.75163
           0.78052
          -0.47436
           0.14439
          -2.42905
           0.20015
          -0.29898
          -1.44160
           1.23963
          -1.61662
           2.43722
          -1.81892
           1.52704
          -0.53328
           0.99359
          -0.56908
          -1.25091
           1.11691
          -0.92865
          -1.42298
          -1.26221
           0.29237
          -0.40767
           0.05353
          -3.30400
          -2.49987
           1.30405
          -1.19324
          -1.28414
          -1.46656
          -0.20219
           1.66043
          -1.00557
           1.39335
           0.45597
           1.75565
          -0.29116
          -1.15615
          -0.38839
           0.65187
          -0.98066
           1.61819
           0.68720
          -0.51068
          -0.21838
          -0.75011
           1.12701
           0.96813
           0.96720
           2.45026
          -0.21531
          -0.86895
          -3.12031
           0.10764
           2.68196
           1.76963
          -0.21349
          -1.72813
          -1.11923
          -0.91171
           1.68050
          -0.88513
          -1.51675
          -1.50562
           0.35702
           1.10106
           0.01292
          -3.81808
          -0.55671
          -0.63476
           0.39270
           2.20468
          -2.13289
          -0.13582
          -0.41620
           1.28154
           0.44702
          -1.38962
           0.89369
           2.45026
          -0.50788
           0.83672
           0.93446
           1.67842
          -0.33665
          -0.07433
          -0.91360
           0.32951
          -0.03885
          -0.85503
           1.64955
           0.42529
          -0.70097
           0.17159
          -0.02514
          -1.43466
           1.48133
           0.08656
          -0.70802
          -0.06501
          -0.35746
          -0.20878
          -0.58807
          -1.20634
           0.27102
          -0.59382
           0.68850
          -2.00144
           1.61955
           0.32148
           1.63863
           0.42107
               NaN
          -1.82865
          -0.96348
          -0.31854
          -1.03675
           0.00364
           0.36214
           1.80387
          -1.79302
          -2.49190
          -0.44562
           0.39007
          -0.39784
          -0.15151
          -2.23491
           0.87399
           1.00392
          -1.68402
           3.74481
          -0.88706
           0.97287
          -0.98019
          -1.24082
           0.67342
           0.09879
          -0.97478
           1.65978
           1.35777
          -1.75572
          -1.19393
          -1.31936
          -0.84846
           0.05684
          -1.19655
           0.08895
           0.81556
          -1.88922
           3.09478
          -0.72686
           0.18885
           0.52483
           0.44205
          -0.67209
           0.93168
          -0.45950
           0.24163
           2.25480
           0.57646
           0.41487
           2.03629
          -0.61015
          -0.82815
          -1.06808
          -1.10249
          -0.64430
          -3.43375
          -0.00133
           2.15771
          -1.59952
           0.17820
           2.19401
          -0.72810
           1.55419
          -0.34479
          -0.88704
           0.77615
           0.66551
          -0.22495
           1.04242
           0.99192
           0.13298
           0.92333
          -1.17004
          -0.57930
          -1.43289
           0.64074
           2.09604
           2.35265
           1.34920
           3.68752
           1.36566
          -1.29530
           0.28377
          -0.91862
          -0.03694
           0.50921
           0.48231
           0.98622
          -2.05254
          -0.25482
           2.66363
          -0.24358
          -0.09241
          -0.10159
          -1.77258
           0.33667
           0.51854
           1.13603
           0.61674
          -2.72656
           0.92412
          -0.03052
          -0.99679
          -0.45633
          -0.54029
           0.35413
          -0.18429
          -0.81136
           2.23210
          -1.64792
          -0.83982
          -2.77123
           0.32224
           0.50727
          -0.59707
           1.98588
           0.93854
          -1.33842
          -0.77069
           0.48287
           0.50200
          -0.71027
           2.48571
          -0.65211
           0.82623
           0.17449
          -3.20769
          -1.53117
           1.09089
          -0.93247
           0.14374
           0.90986
          -1.13478
           1.69427
          -0.74560
           0.08802
           1.46827
           1.30041
          -1.43480
          -2.68996
          -0.17116
           0.74205
          -0.21721
          -1.27337
           0.98316
          -0.75529
          -3.48919
          -1.15944
           3.09921
          -1.09318
           2.40867
          -1.60375
           0.35232
           1.40696
           0.81425
          -0.38667
          -2.77081
           1.10913
           0.40864
          -1.78858
           1.60230
           0.80589
           1.29526
           1.17710
          -0.35552
          -1.52215
           0.21400
          -0.47321
          -0.97193
          -2.32078
           0.68749
          -0.43777
          -2.34456
           1.30581
           3.07946
          -2.13297
           0.85113
           0.51850
           0.16999
           2.15186
          -0.45252
          -2.83264
           3.18467
           2.61676
           2.31682
           4.06528
          -1.18367
          -0.84412
           4.06928
           1.36453
           1.11347
           0.91605
           3.16149
           1.67362
           2.24573
           0.19863
           3.83939
           1.82142
          -1.28599
          -1.03148
           4.38453
          -4.37547
          -0.88880
           4.07072
           2.79968
          -1.82885
           3.27018
          -5.88173
          -1.20092
          -2.25897
          -4.78420
           0.75371
          -2.80160
          -2.42376
           2.82073
          -2.07342
          -3.25354
           0.03261
          -1.22326
          -3.35414
          -0.68579
           0.11475
          -1.65129
          -0.73224
          -4.10303
           0.35195
          -2.91837
          -4.49879
          -1.53305
          -1.03606
           0.74408
           5.31017
          -0.66852
          -2.59339
          -4.06041
           2.01504
          -6.36121
           3.22894
          -1.38184
          -1.41992
           2.18412
           3.91390
          -1.60015
           0.59414
          -0.63628
           1.63947
           2.62469
          -2.52086
          -0.13066
           5.14948
           5.00374
           2.84182
          -2.08816
           3.14192
          -0.93809
           1.05162
          -0.65475
               NaN
           3.24088
           1.74235
           1.89848
           1.47104
          -2.41472
           0.12578
           0.18932
          -2.90041
          -4.49212
           1.11124
           2.31432
           3.71001
           0.00454
           1.35244
           1.84904
           2.26777
          -0.26012
           2.38938
          -0.29988
           6.05071
           4.50234
           0.54321
           1.63066
           0.37420
           0.58674
           0.48682
           1.49345
           4.91979
           4.08143
          -2.09243
          -2.26424
           1.73862
          -0.55944
           6.59994
           2.00759
          -0.91307
          -1.28722
          -2.91607
           4.19299
          -0.53385
           4.30535
          -2.61023
           1.46194
           0.11285
           2.02951
           2.25574
           6.84241
           4.72571
           3.92163
          -1.77455
          -4.28259
           1.39959
          -0.36482
           1.26672
          -0.91907
           1.96843
           2.47524
           3.30965
           2.91700
           0.56915
           3.86425
           0.21504
           1.09057
           4.07205
          -1.71886
           0.17152
          -0.19967
          -0.22137
           2.97135
          -2.52801
          -2.71044
          -1.39576
          -4.13638
          -3.23135
          -0.25723
          -2.26757
          -1.37729
          -1.75074
           0.53356
           4.21204
           0.28169
          -0.87526
               NaN
           2.87844
           5.94058
          -1.39540
          -0.68274
           2.38054
          -2.82710
           1.98930
          -3.95875
           2.40499
           0.55159
          -0.27465
           4.26276
          -2.76605
          -1.20319
           0.94368
          -1.06677
          -0.23575
          -1.09807
          -3.15613
           0.04973
           2.45359
           5.34194
           6.13951
           1.40765
           0.06304
          -0.50367
          -1.22515
          -2.11495
           4.69315
           4.34390
          -2.27159
          -1.59402
           2.76342
           1.29236
          -0.13936
           2.15886
           0.69373
           3.40833
           2.63480
               NaN
          -0.76607
           0.33093
          -1.99807
           2.68533
          -0.82352
           3.69955
          -1.65242
          -3.32871
           4.81618
           0.84000
          -1.03730
           3.25197
          -2.48399
           3.05895
           2.33679
           2.96650
          -0.76459
          -0.05595
           3.23967
           3.77162
          -1.73560
          -1.81052
               NaN
          -0.98409
           0.36829
           3.32569
           0.53745
          -1.60593
          -1.64840
           0.90375
           7.04057
          -4.48487
           2.30750
           4.74278
          -0.45403
           1.16630
          -0.58260
          -0.50938
           3.99301
          -1.62836
           1.13643
          -1.82992
          -3.70108
          -4.44007
          -2.44045
           0.78356
           0.43551
          -5.81190
          -0.98958
          -1.71373
          -3.52402
           0.00242
           0.51321
          -3.11805
           5.88194
          -3.52783
           2.36799
          -2.74317
          -4.42631
          -4.72791
          -0.95917
           4.42617
          -4.52149
           2.20659
           3.22948
           0.17032
           3.04066
          -2.02134
          -2.57184
           0.16197
           0.65423
          -4.67077
          -0.98918
           6.12027
          -2.21964
          -1.88807
           0.18627
          -2.09266
           0.26365
           2.84418
           3.04778
           1.72313
          -0.25412
           1.66274
           1.17193
          -0.54050
          -1.98915
           1.78882
          -5.15309
           5.00017
          -1.13370
           2.82455
           1.03142
           0.08309
           3.87871
          -1.23929
           2.47665
           2.87108
          -1.76580
          -2.35379
           1.16698
           0.85169
           1.02814
           4.69718
           2.61223
          -0.12442
           0.07380
          -0.99658
          -0.55076
          -5.51585
          -1.66870
          -4.62097
          -2.94069
           1.62020
           4.86420
           3.98062
          -0.97952
           6.29370
           0.23220
           1.14883
           3.26554
           2.44887
          -1.82241
          -0.54387
          -1.08337
          -0.78020
          -0.88080
           1.17618
               NaN
           5.97500
           3.22131
           3.19160
           0.91121
           0.49778
           1.14554
           2.29823
          -1.14971
           3.63218
          -0.86851
          -2.16362
          -2.46575
           0.64509
          -1.61365
           4.76964
           2.29686
          -0.28199
          -2.69192
          -0.77477
           1.59518
           1.49585
           0.81971
          -1.15197
          -2.63981
          -0.21651
          -2.27300
          -3.04500
          -4.05623
           0.37002
           0.91431
          -3.11719
          -1.72816
          -1.96334
          -2.02289
          -3.29102
          -0.79749
          -3.93233
          -2.13846
           1.45497
           0.27935
           2.27640
           2.20114
          -0.28702
           5.08549
           1.54810
          -3.05685
           3.59310
          -1.90195
           0.31091
          -2.61575
          -5.58499
           2.54738
           0.85048
          -3.09648
           0.75690
          -0.17463
          -0.07322
          -5.12919
          -2.26509
          -1.34243
           2.40441
          -3.80583
           2.24145
           0.91497
          -4.73981
           1.26297
          -0.99745
           1.34101
               NaN
          -3.66548
           1.13622
           1.43555
          -1.15340
          -1.62741
          -1.95703
           4.47365
           2.62763
           6.53577
           2.41956
           1.86248
          -1.23432
           2.32157
           4.55177
           1.04012
           1.16614
           1.82407
          -3.75325
          -2.11897
           0.21735
          -0.77785
           0.90706
           6.94197
           1.76215
           1.72183
          -2.72002
           1.52782
          -3.32255
          -1.69607
           4.95543
           0.21203
          -1.03003
          -1.88231
           3.03036
           3.65128
           2.66704
          -1.57676
          -3.32805
           0.37760
          -1.69299
          -1.01126
          -3.98381
           3.59911
          -0.82094
          -0.69308
           2.40122
          -2.88807
           1.55548
          -1.55224
          -2.92529
           1.13630
           0.92562
           3.50037
           0.33495
          -4.78861
           1.72376
           1.55927
           0.69709
          -5.00635
           3.17451
           1.60354
          -0.41548
           0.79499
           0.03196
               NaN
          -0.54899
           2.90053
          -1.26301
           2.19875
          -0.69364
          -1.68093
           4.66132
           1.61898
          -0.55806
          -2.90309
           1.78486
           4.09429
          -1.87118
           2.57343
          -4.53151
           4.99759
          -0.69139
          -0.79016
          -1.32494
           1.68049
           3.06541
          -0.30062
          -0.46353
           0.60404
          -3.70128
          -4.83136
           0.27934
          -0.15275
           1.14397
          -0.74044
           3.41092
          -0.67033
           2.73082
           0.83425
          -5.40345
          -4.21756
           7.22646
          -1.05239
          -4.82902
           3.26070
           2.03870
           3.24990
          -1.20515
           2.24963
           3.14430
          -2.22176
          -3.89988
           4.31681
           3.02101
          -0.78064
           0.35175
           2.58612
           1.10171
           0.51427
          -2.71446
           4.25233
          -2.64135
           4.24098
          -1.74694
           0.10504
           1.09431
           2.18044
           1.52671
           0.60162
           7.21364
          -3.06517
           2.69142
          -1.63848
          -0.05641
           1.58279
           4.18849
           0.75632
          -0.42761
           2.40135
           0.03968
           0.97904
           1.52647
          -2.10919
          -3.18540
           3.55290
          -0.28869
          -1.80051
           1.73556
           3.25163
          -1.06567
           1.09451
          -1.41855
          -4.23703
           1.28276
           0.33788
          -0.62258
          -0.26888
           3.42312
           2.00469
           1.05745
          -0.33624
           3.96267
          -1.21346
           0.96582
           3.23877
           0.38993
          -0.32766
          -0.86337
          -3.13139
           2.06468
           2.74551
          -0.34221
          -4.37843
          -2.11018
           2.64464
          -6.12698
          -2.80529
           0.12139
           0.95775
           3.39944
           5.54582
          -0.19374
          -0.31865
          -4.28216
           0.16427
          -0.92326
          -2.57371
          -1.98606
          -1.39213
          -5.24980
          -2.13626
          -5.13138
           1.63136
          -7.01359
           1.56618
           1.49405
           1.32218
          -4.25843
           2.11978
           1.89403
          -1.99519
           1.52307
           0.56111
          -1.48335
           0.75333
           1.28584
           0.45619
           0.44404
          -1.67455
           2.05180
          -4.85625
          -1.99526
          -1.08168
           1.99701
           1.45877
           0.24873
          -1.29204
          -0.27497
          -0.09934
           4.26734
           0.41496
          -2.20006
          -1.54718
           0.95477
          -2.93768
          -2.16252
           5.53479
          -4.12044
           0.57712
           3.58915
          -5.35663
           1.81945
          -1.34826
               NaN
           0.83150
          -1.38610
           0.06833
          -5.55688
           1.64396
           4.47152
          -2.91040
          -0.18331
           2.76685
          -0.80844
           2.06392
          -4.92553
           1.63246
           1.34162
          -5.65912
          -1.78846
          -4.69135
          -0.16509
          -5.51384
           4.40246
           3.94980
          -4.02007
          -2.41269
           1.67431
          -2.47072
           1.54347
           0.26372
          -0.47932
           2.63317
           0.74759
          -3.39045
          -2.57192
          -0.31233
           0.88205
           2.37566
          -3.11018
          -4.24007
           0.57147
          -1.51289
           0.78177
           0.54572
          -0.18357
          -3.74643
          -3.11368
          -0.04764
           1.68138
           0.41813
           1.56175
           1.04140
           2.69394
           0.69525
           0.22418
          -0.81032
          -1.06531
          -1.81409
          -3.46372
          -3.01895
           1.01726
          -3.56944
          -0.26104
          -0.75250
          -1.86819
           2.96337
           0.48409
           3.32170
          -2.38851
           2.45185
           5.78001
          -2.97234
          -0.46973
          -0.64293
           2.75181
           0.51169
           2.71228
           1.62186
          -2.70943
          -0.15418
          -0.22002
           1.36509
           3.72553
           2.04645
          -1.51619
          -0.54769
          -2.01239
           1.99681
          -1.14463
           1.85579
           1.28817
          -0.00334
          -2.82838
           1.05499
           1.00611
          -3.16913
           2.96532
           0.86984
           2.65638
           0.75014
           1.79557
           1.56465
           3.57694
           3.21646
           1.14256
           1.45412
           6.32319
           0.23145
           0.42767
          -3.07623
           0.95717
          -1.52651
           0.84030
          -2.78672
          -0.71117
           4.99585
          -3.19261
          -3.26453
           3.77257
           0.21572
          -0.95367
          -0.48033
           2.71840
           2.05665
          -3.12560
          -1.44942
          -0.89384
          -6.84807
           4.18728
           1.78584
           2.02013
           2.67115
          -4.52657
          -2.17391
          -1.53166
          -0.28818
           1.51466
           2.83623
           1.16203
           3.27368
          -0.26989
           1.04812
           2.89520
          -2.06567
           1.08452
           3.52360
           3.83256
           1.48205
           2.59226
          -4.27040
           3.90998
          -1.07844
           2.02137
          -1.54714
          -4.51403
           5.61623
          -0.86670
          -6.95801
          -1.26908
          -3.72938
          -2.29467
          -3.09734
           0.05342
           2.66572
           1.76626
           0.15238
          -2.12850
          -0.66391
          -1.30532
          -1.69249
          -0.51579
           0.59721
           4.08409
           0.31903
          -3.41901
           3.81996
           0.09962
          -2.13768
          -0.64984
           2.84432
           1.28199
           0.90705
          -2.20713
          -1.82991
          -1.56805
           1.97991
          -3.33215
          -1.75157
           0.16159
           0.00490
           6.94434
           5.08403
           1.08614
          -0.93206
           0.86111
           0.98523
          -1.20112
           1.16053
           2.14676
           6.37707
           1.26877
          -2.48359
           0.03465
          -0.93404
           1.93167
          -0.59182
          -5.72755
           0.87200
               NaN
          -0.84487
          -2.32269
           6.02324
           0.45541
          -3.05622
           3.45323
           2.27082
          -0.92159
          -0.82748
           3.27451
          -0.81487
           2.26241
           1.31081
           0.71449
           5.15269
           1.01761
          -1.24370
           2.45807
          -6.55467
           2.75357
          -0.46294
           1.40516
          -1.19673
           0.01945
          -0.07731
           3.21262
           0.05368
          -5.91232
          -1.44897
           1.88015
          -2.50277
          -1.35989
          -0.76917
           1.18364
          -0.54134
          -0.48010
           3.87461
          -3.69656
               NaN
           5.44107
          -3.62022
          -3.15697
           0.51483
          -0.79641
           3.42468
          -0.22376
           1.51356
          -1.86651
           2.24909
           1.49307
          -0.88904
          -1.43880
          -1.77293
          -0.41548
           2.65005
           1.12333
          -1.24230
           1.04706
          -2.50200
          -4.03780
          -6.22383
          -2.32329
          -2.92277
           0.31208
          -0.48752
          -0.60942
          -1.58613
           2.06774
          -1.56864
           4.42815
          -2.14928
          -3.02601
          -0.61701
           2.21940
          -0.36647
          -0.90335
          -2.56927
           0.40746
          -2.27798
           1.12760
           4.14242
          -3.23292
          -0.03334
           2.80782
          -2.18830
           0.44666
           0.10227
           3.09388
           3.87013
          -4.43304
           0.82005
          -0.80403
           2.89997
           1.49324
          -2.35484
           3.50206
          -2.36108
          -0.51938
           1.49008
           1.37580
          -2.90225
          -1.37063
          -0.89779
          -5.17598
           0.71963
          -2.19979
          -1.35730
           3.98536
          -0.41640
          -0.22993
           1.04703
          -1.12986
          -0.97438
           3.54071
          -4.70773
           1.65809
           1.12489
          -0.62487
          -1.17524
           1.79681
           5.44061
           0.60410
          -1.31547
          -0.22781
           1.80450
          -3.53127
           1.52748
           4.59705
           1.38804
               NaN
          -0.83123
          -5.00278
          -0.11639
          -1.76751
           0.09485
          -4.11917
          -3.21009
           3.89426
          -1.39297
          -2.04167
          -0.16016
          -1.87493
          -2.37970
          -0.64094
          -1.87119
          -1.68336
          -0.73723
          -0.81008
           1.89846
           0.00847
           6.28331
          -2.53530
           1.38973
           4.90731
          -3.10117
          -3.79614
           0.88683
          -0.12957
           1.33365
           0.38030
          -3.78130
          10.98362
          -8.07911
          -2.02539
          14.65106
          16.06299
          12.78945
          -8.50800
           0.59280
           6.32280
           9.87854
          19.28236
          -3.68286
          11.75942
           9.37814
           0.22747
          19.34609
          16.04779
           8.73916
          -1.40424
          -5.86226
          16.58701
         -21.67011
          -0.71696
          15.06678
          14.85742
           0.34921
          11.35981
         -16.81995
          -1.54543
          -4.81344
         -12.20321
          -2.84135
         -13.62156
          -6.66234
           2.24563
          -7.69173
          -5.56224
           3.69027
         -18.00458
          -9.29986
          -5.89198
          -2.43702
          -1.57068
           0.63057
         -13.33895
           1.12838
         -10.04483
         -19.77864
          -8.51756
          -2.80841
          -1.98649
           8.03109
          -4.30128
          -3.47680
         -12.29152
           2.06738
         -23.76173
          13.71312
          -3.56365
          -7.85298
           3.28927
          10.32042
          -6.46635
           4.94278
          -2.57987
          -3.57429
          10.37023
         -10.29903
           0.87649
           7.84277
          18.86722
           8.89370
          -7.18555
           4.23360
          -3.75426
           4.10397
          -0.95143
               NaN
          15.49713
           4.36487
           6.26915
           1.39127
         -10.46242
           9.13417
          14.34463
          -7.08493
         -14.13566
           9.55030
           1.37361
          11.88416
          -4.58094
           1.43829
          17.33658
           9.90520
          12.12025
           4.83924
          -0.08254
          21.34948
          21.19280
          -1.57845
           5.65094
          -1.72318
           0.32461
          -5.92436
          13.30231
          10.58987
           6.76232
         -10.10402
          -4.27237
           3.80561
          -8.58467
          12.77633
          16.76849
           2.02617
          -3.58943
          -8.92518
           9.62405
          -2.81931
           8.54644
         -13.91115
           4.31014
          -3.06275
          11.30886
           6.10147
          19.28803
          12.09539
          15.73500
          -3.90853
         -10.16336
           3.52789
           2.30065
           7.57834
           0.72239
           8.93016
           1.95168
          15.80125
           4.05451
           0.62745
          19.28972
          -2.74539
           0.10298
          13.04021
         -10.92536
          -8.77131
           4.10650
           1.16178
           5.42816
          -4.67258
          -7.61913
          -4.51415
          -9.59715
         -12.06397
           3.02181
         -14.21411
          -2.80238
          -5.06957
          -1.08766
          18.97548
           5.02041
          11.36799
               NaN
           9.18559
          19.10465
         -10.07711
          -4.04334
           8.15470
         -13.44258
           7.82544
          -7.57819
           5.99564
          -6.42756
          -3.32654
           4.55647
         -13.15571
           1.83711
          -1.94153
          -7.80556
           0.30779
           0.96252
         -11.45718
          -6.33951
          -2.64955
          17.48294
          12.77121
           4.76862
          -2.55614
           0.11914
         -11.66815
          -6.44313
          15.82588
           7.91610
         -12.85326
          -3.93079
           9.64914
           9.74860
          -3.72226
          11.26387
           1.51579
           9.17810
           5.64664
          25.41953
          -5.98635
          -3.90109
         -12.01870
           8.49681
          -7.14169
          15.35491
         -11.49511
          -3.23872
           6.43704
           7.46443
          -6.52254
           0.89243
           4.80063
           8.43692
          10.61738
          14.47822
          -4.29053
           3.31938
           9.24185
          10.80972
          -7.34492
          -7.02002
         -24.61241
          -2.96444
          -3.11958
           0.27042
           0.39930
           1.03514
          -3.35918
           5.44572
               NaN
         -10.14952
           9.38566
          17.78622
           3.01389
           3.95875
          -1.53902
           2.67328
          18.22179
           6.45011
           6.16696
          -5.22273
         -14.79590
         -10.95369
          -2.88386
           7.35857
         -10.79982
         -15.29853
          -9.57044
          -4.04150
          -6.01229
          -3.03517
           2.02664
         -17.96607
          25.79581
         -10.41555
          10.02513
          -4.43290
          -5.50869
          -3.83796
           6.63139
          13.49612
         -13.76773
          14.42915
          13.69676
          -3.61461
           6.64595
           4.60981
          -5.54078
          -8.52439
          -7.67258
         -11.93840
          -4.29757
          18.08806
          -1.20335
          -0.73202
          -4.50027
         -15.28581
           1.96948
           7.20377
          16.15749
           9.89177
          -3.78536
          -3.29289
           6.36409
          -6.26534
          -5.89505
         -11.05802
         -11.55824
          17.91178
          -2.55775
          -0.10448
           4.75541
          -5.16730
          11.91443
           4.84500
          11.33049
          -1.23066
          -2.80852
          -8.94117
           8.11582
           0.13893
          10.70598
          12.61502
          11.34975
         -10.70963
           4.08924
           0.21525
          -5.32473
         -12.25685
         -11.86910
         -13.70431
          -7.46936
           0.65397
          16.18988
          18.04277
           1.14832
               NaN
           0.02141
          -2.18935
           8.08384
          -1.17517
           3.38998
          -0.42680
          -9.23245
          -8.73443
         -12.70944
          14.09172
               NaN
           7.67402
           5.44992
           4.64712
          -2.58527
           7.42574
          -0.39062
           8.27046
           0.29232
          17.68471
          -3.57097
         -10.79202
         -18.28079
          -0.31478
          -7.29286
          15.97095
          10.40322
          -4.74313
         -15.65493
          -7.94657
           6.55984
           8.14394
           5.75899
           1.25915
          -5.32899
          -2.98726
           0.86998
           0.19621
          -6.56787
          -2.71330
          -2.58706
          -4.92279
          -6.11988
          -4.20895
          -4.23972
          -1.52970
          -5.63916
         -12.89024
         -14.32179
          18.03253
           3.08280
          10.82240
          13.15443
           3.20240
          16.33842
           5.53900
         -17.25411
          13.60665
          -1.07131
          -7.79929
         -10.44172
         -13.10710
          14.16325
           9.58760
          -0.08997
           7.86835
         -11.12357
           4.91292
         -22.04693
          -7.11432
          -1.95496
          11.43263
          -8.96174
          13.53523
          -1.91762
          -6.91133
           4.94740
          -6.62784
           7.52123
               NaN
          -0.69582
           5.73858
          12.40725
           5.07480
          -6.13763
          -7.60947
          10.75599
           4.23817
          16.06704
          -3.81470
          -0.58255
          -7.55931
           5.35948
          12.23515
           7.48787
           9.39049
           9.68060
         -11.45564
         -14.99320
           1.41601
           2.23424
          -9.05253
          12.90317
           5.05189
          -3.91811
         -12.67014
           2.47357
         -11.65240
          -3.81461
           6.21263
          -6.45117
          -6.67530
         -16.23706
          14.00458
          -1.57197
          10.22664
           4.02447
          -9.31112
          -8.93071
          -5.88322
           4.37094
          -7.31035
          10.18444
           5.72569
          -5.37759
          15.15088
         -10.74045
           6.87482
          -2.60065
          -3.41238
           7.79084
          -0.71992
           4.83808
           0.57653
         -13.63504
           2.99394
          14.97346
          -0.56468
         -18.42017
          12.46405
           5.22773
          -8.06257
           7.39141
          -0.54392
          25.33429
          -5.14908
          11.49313
          -3.53133
          -5.38588
           4.92195
          -9.10867
          15.11583
           3.73500
         -14.38394
           0.76247
           5.13413
           9.52780
          -7.00768
           6.84609
         -13.30490
          10.48809
           0.94181
          -8.38565
          -7.15501
           8.97616
          21.40653
          -0.40821
          -9.74475
           9.85766
          -6.85915
         -15.17146
          -3.66231
           0.05532
          -0.67263
         -10.21197
          10.05201
          -4.34024
           7.31170
          -3.25438
         -19.64298
         -10.69300
          24.07711
           3.14813
         -19.87276
           8.94133
          11.14423
           4.33380
          -7.42172
           8.36034
          20.06510
         -12.56685
          -3.25300
          19.62882
           7.39565
           0.59199
           0.28688
           7.64866
           4.59841
          -2.12627
          -7.24067
          23.60008
          -4.30361
           9.25075
          -4.85833
           0.95685
           5.65428
          11.54376
          -0.09261
          -0.43090
          16.10281
         -12.04824
           5.74249
         -15.56432
         -11.56614
           4.96423
           6.61886
          -4.69327
          -6.40801
          12.93227
          10.33244
           4.73265
           0.83245
          -1.27732
         -11.65039
           4.84590
           3.73846
          -2.09756
           0.44838
           7.38113
          -6.76883
          -0.11326
           2.21317
         -14.99937
           1.79548
          -9.29461
          -0.13992
          -5.50004
           9.78328
           3.21569
           0.64045
          -8.22900
          15.49753
          -5.75668
           2.81535
           3.54823
          -2.88104
           4.64103
           0.18838
          -9.28209
           5.92812
           4.53326
          -2.55119
         -14.07514
          -3.63997
          15.76847
         -23.52479
          -4.80547
           3.94736
           8.79421
          13.21125
          11.66585
           1.57505
          -7.52690
         -10.41861
           0.69486
          -0.69203
          -2.51002
         -11.90500
         -12.56681
         -15.57586
          -5.65261
         -14.47381
          -2.17169
               NaN
           2.03785
          -5.69081
          10.18105
         -11.39518
          10.82710
          11.61506
         -12.07118
           0.28498
           9.26909
          -4.78557
           6.93286
          12.66661
           7.93454
          -0.79464
          -5.50354
          -2.10716
         -24.88975
          -4.68562
           0.56687
          11.98123
          -0.46980
          -1.84351
          -2.27536
          -7.37576
         -13.26308
          19.60640
           0.23922
         -14.87008
         -12.15217
           7.89873
         -15.38620
           3.28967
          18.07362
          -5.67716
           4.49783
           6.29715
         -22.87517
           4.94105
          -0.46620
         -19.86355
           4.15193
           1.79110
           0.95001
         -19.84506
          -1.21154
           9.69339
         -14.54076
           4.73472
          14.82098
          -4.23641
           7.09695
         -13.32059
           8.54316
           8.98319
         -13.61021
          -7.31486
           1.00518
          -9.61903
               NaN
          16.41128
          17.22216
          -4.42336
          -5.88884
           0.37727
           1.10937
           5.26936
          -7.53151
          -0.52295
          12.24859
          -0.74924
          -6.49905
          -5.63422
          -5.08507
           2.97531
          11.19340
         -21.32624
         -12.52224
           9.35497
          -6.55098
          -0.89395
           1.39605
           1.54876
          -1.60379
          -3.61020
          -8.50195
           5.44296
           3.58855
          10.26223
          12.74016
          17.03046
           5.41015
         -11.06282
           3.01641
          -4.32837
           4.16500
          -1.02078
         -15.85921
           5.76453
          -6.20958
          -0.05765
          12.85729
          -9.08202
           4.82542
           9.57547
          11.39425
         -16.56079
           3.03912
          15.72765
         -15.20269
           4.93011
          -2.68737
          10.96665
           9.57169
           3.88398
           7.39743
          -6.59222
          -4.14303
           2.34668
           0.58542
          16.78006
           1.03651
           0.09393
           6.96744
          -8.57661
          10.61886
         -14.55129
          11.50321
          -7.18984
           2.83161
          -8.04271
           4.13231
           7.64837
          -9.05599
           8.01509
           8.41712
           9.47601
          -0.82692
           4.01520
           1.28168
          21.02384
          16.56540
          -6.04223
           7.88913
          13.50873
           7.94390
           1.51511
         -11.91810
           6.33837
          -8.97811
          -1.63867
         -12.13567
           0.83056
          11.39037
          -1.19441
          -6.66829
           9.15358
          -8.67530
          -4.61828
           2.21693
           3.92987
           6.11392
          -8.99904
          -6.63343
          -6.07714
         -19.51718
           5.39550
           6.53717
          18.27259
           2.07892
         -18.83181
         -11.67300
          -0.39740
           8.70972
           7.49537
           7.84727
          -8.14922
           8.15257
           7.64570
           9.06993
           0.98551
          -7.93184
           1.08297
          23.56019
           6.92212
           4.89477
           0.44301
         -15.94304
          15.38901
          -0.31079
           4.27673
          -8.43261
          -6.81207
          13.31514
          -5.65655
         -19.56426
           1.40550
          -8.09435
          -7.23360
         -12.01853
           1.84349
           3.21399
           6.71835
          -1.60562
          -1.90817
           3.82196
         -10.21344
          -3.94069
           3.17434
          -0.32212
           4.39494
           7.91549
         -11.22783
           3.44506
           3.86601
          -1.70715
           1.25727
           4.07822
           4.47559
           7.29915
          -3.60726
           1.30138
          -5.21022
          12.60478
         -11.91723
          -3.45341
          -8.80731
          -2.25949
               NaN
          15.17521
           6.33929
           0.76756
           6.43156
           1.04377
          -3.11147
          -8.87083
          11.73023
          20.03576
           3.71692
          -4.53185
           2.19558
          -0.09740
          13.71438
          -5.30695
         -10.84890
           9.82684
               NaN
           3.81120
          -7.48417
          11.67818
           7.07027
          -6.58681
           2.92059
           7.59491
          -9.94884
          -8.09007
          12.78821
           5.41652
           9.37026
           5.86191
           0.41778
          11.80683
           0.58681
          -5.57993
          12.52897
         -22.83984
           6.74143
          -1.46922
          -1.42032
          -3.53470
           3.59039
          -5.10669
           5.74555
          -1.17541
         -17.49203
          -4.48459
          -0.37684
         -13.41756
           1.83185
           3.59219
           6.90869
           5.26105
           2.94471
          22.07342
          -3.68823
         -18.68183
          14.29067
          -4.54371
         -14.93754
           4.42992
          -9.23770
           5.34994
           4.44994
          -2.69551
          -5.32211
           3.49126
          -4.25552
          -6.17163
          -1.83421
          -6.68226
           5.74257
           5.82721
           8.70827
          -4.65008
         -10.64547
         -15.21898
         -11.11969
         -25.85137
          -9.58653
           3.69385
          -1.19629
           4.38307
          -0.29321
          -4.20478
          -0.57912
          -6.82458
          15.58178
          -0.75798
         -17.46610
           0.72192
           2.72871
           0.17813
           8.25996
          -4.33731
          -2.40418
          -8.32467
          -2.24438
          18.72582
          -8.06560
           0.13773
           8.23598
           0.18648
           3.34938
          -1.76750
           4.12750
           8.49478
         -16.19293
           9.51010
           3.62768
          17.54816
          -0.26500
          -5.01121
           6.77846
         -13.06638
          -5.56163
           8.69258
           5.51849
          -5.40929
          -4.02092
           2.88660
         -18.31188
           4.31557
          -6.58462
          -2.25213
          21.03832
           7.56315
          -6.15968
           6.03818
          -1.87103
          -5.84980
           9.71779
         -13.59018
           5.66918
           0.66219
          -8.58153
          -8.12467
           9.46252
          20.02940
           1.55062
          -5.27431
           0.93118
           8.60541
          -8.65336
           5.63883
          23.17588
           7.61794
         -23.57768
           4.87167
         -17.74036
           8.24994
          -3.62846
          -7.58499
          -8.21844
          -1.21695
          18.67600
          -7.30822
          -4.06864
           9.23439
         -10.47165
          -6.63699
          -7.63534
          -8.12114
           0.20043
           7.15971
          -1.95014
           4.48110
           5.26720
          19.07415
          -6.14981
           3.88230
          17.64904
          -9.99836
         -20.44245
          12.10137
          -4.72507
          -1.45316
          -0.49421
         -15.25504
          -3.03819
          -1.64643
           4.36264
          -0.10415
          -0.79113
           2.09277
           0.47233
          -1.16900
           3.55977
          -0.56045
          -2.99444
           1.95585
           1.21754
          -0.06834
           2.70205
          -4.13054
           1.07912
           0.25735
          -1.25926
           0.06074
           1.62560
          -0.46522
          -0.92765
           1.58455
           0.07348
          -2.32131
           1.44115
          -3.40864
          -1.12303
          -1.68141
          -3.10679
           1.56654
          -0.35525
          -1.46543
           2.95075
          -0.80314
          -2.73155
          -0.79437
           2.57093
          -2.00984
           0.49130
           0.69170
          -1.66951
          -1.04036
          -2.01482
           0.17640
          -1.30710
          -1.04407
           0.04612
          -0.63534
           1.36145
           4.69499
           0.15284
          -2.39366
          -2.19938
           2.00321
          -2.42702
           0.85851
          -0.88854
           0.03457
           1.93425
           2.46541
          -0.49992
          -0.38907
          -0.19685
           2.81828
           0.87346
          -0.76225
          -0.35837
           4.54054
           1.86927
           1.47352
          -0.93566
           2.89510
          -0.30137
           0.36149
          -0.58767
          -2.97572
           0.46979
           1.14941
           0.91029
           1.48908
          -0.59516
          -1.91098
          -3.01114
          -1.95431
          -2.31175
          -0.79680
           2.52702
           1.86187
           1.04130
           1.33303
          -1.65263
           0.54097
          -3.05928
           1.83548
          -0.34902
           2.59172
           0.72869
           1.02291
           0.72169
           0.84840
           0.64600
           1.93636
          -1.17648
           3.63781
           3.47529
          -0.28104
          -1.81022
           1.27129
           1.25503
               NaN
          -1.32979
          -1.57762
          -0.76670
          -1.55744
           2.96505
          -0.01711
           3.34646
          -0.05514
           0.81798
           0.83084
          -0.06852
           1.38624
           4.02851
           3.05945
           1.25068
          -1.29207
          -2.95297
           0.91840
          -0.96747
          -0.16031
          -1.29019
           0.39441
           2.59361
           0.48535
           2.65981
           0.55597
           0.37661
           0.88438
           1.31386
           2.04438
           0.36270
           2.19345
          -1.17328
          -0.53410
           2.41587
          -2.04313
          -1.60060
          -0.69071
          -2.90172
          -1.23432
          -0.99861
           0.43350
          -1.05509
          -1.00037
           0.90011
           0.87409
          -0.78972
          -3.64341
          -2.60091
           1.45242
           2.96424
           0.56750
           0.07708
           1.07502
          -0.42698
           0.66977
          -3.14041
           1.59315
           2.12955
           0.41537
           4.19635
          -0.41699
          -1.89060
           1.59601
           0.45684
          -0.35864
          -1.56396
          -1.27929
           1.49431
           3.60739
           2.59691
           4.64011
           0.64775
           0.65522
          -0.64448
           1.13597
          -1.13636
           2.17608
           3.53623
           0.12089
          -1.06568
           1.20659
          -0.61957
           0.67072
           0.10026
           0.50786
           2.10381
           1.95384
               NaN
           0.41421
           1.28777
           0.26755
           1.37138
           0.60500
           1.06431
           0.57298
          -3.34906
           4.44971
          -0.65775
           0.20289
           3.78545
          -4.13101
           1.84301
           0.46458
           0.36375
           0.03261
          -0.81910
           1.88261
           2.18034
          -0.46735
          -0.63267
          -3.52060
          -0.53634
           1.15689
           4.01648
           0.56868
          -2.20306
          -1.26160
          -0.12317
           2.24978
          -3.20412
           0.70715
           1.79371
          -1.23811
           0.53493
          -0.36636
          -1.22897
           0.77594
          -3.45486
          -0.00095
          -1.06282
          -1.19259
          -2.96736
          -2.34020
          -0.70302
           2.97577
          -3.66701
           0.95052
          -1.18743
          -2.96143
           0.68920
           0.17103
           0.23903
           1.37949
          -1.97054
           0.63674
          -2.36112
          -4.18158
          -4.92912
          -2.67537
           2.37549
          -2.43096
          -0.55688
           0.86287
           1.02608
           2.22552
          -3.52062
          -1.90057
           2.12592
           2.53689
          -3.02759
          -0.24117
           3.41440
          -2.44942
          -2.14945
           1.24588
           0.89026
          -0.12203
           1.85849
           0.08373
          -0.12376
           0.54429
           2.78319
          -0.00200
           0.75386
          -1.10604
           4.69344
          -3.70491
           2.08091
          -0.81173
           3.48679
           0.18944
           1.27018
           2.06186
          -2.61493
           0.47483
           3.79847
          -1.53005
          -0.86441
          -0.40412
           1.01285
          -1.15999
           2.90699
           0.63671
           2.26886
          -0.83407
          -1.27057
           0.52862
          -3.99174
           0.63757
          -2.56726
          -1.91677
           1.83866
           2.30351
           0.80122
          -1.46061
           0.81982
           0.27986
           1.90358
           2.17615
           3.26825
          -3.00091
          -0.57034
           0.75911
           1.01822
           1.79361
          -1.74398
          -3.03625
               NaN
           2.71743
           2.86252
           1.70175
          -1.06860
           1.49286
           0.94793
          -1.47575
           0.45495
          -0.25749
          -0.21277
           1.10997
           0.86211
          -0.32961
           2.23707
           0.46405
           0.72665
           0.23897
           0.84674
           0.47269
          -0.00725
          -0.29704
          -1.69711
          -2.03180
           0.40994
          -2.98362
          -3.77782
          -3.48836
           1.06715
           1.70596
          -2.70895
          -0.73520
          -1.45561
          -1.52167
          -3.68925
           0.29719
          -1.90698
           0.61614
          -2.29315
          -0.35450
           0.34418
          -0.27535
          -1.07597
           2.54125
           0.64578
           0.15309
           1.32907
          -2.08976
           2.14460
          -0.84633
          -3.88427
          -0.07892
          -1.12495
          -3.77624
          -0.85097
           2.30088
          -1.20057
          -1.30416
          -1.16869
          -1.20393
           0.36317
          -2.64010
          -0.31203
           1.55540
          -4.24883
           0.42994
           0.27556
          -0.05632
          -4.12648
          -4.33691
           0.09564
          -1.04511
          -2.56157
          -0.60766
          -0.67903
           3.05323
           2.26349
           4.38079
           3.82910
           2.41529
           0.19574
           1.63471
           2.81459
          -0.41769
          -0.69335
           0.04774
          -2.01177
           0.79184
          -0.05366
          -1.45888
           3.15889
               NaN
           1.01836
           2.99700
          -0.47034
           1.31399
          -1.43921
          -1.21707
           4.67118
           1.71855
           0.24634
           1.36324
           0.54913
           4.83224
           0.95785
          -2.84318
          -1.97530
           2.48218
          -0.74560
          -2.22816
          -3.23169
           2.11019
          -2.30111
           0.36608
          -0.48143
          -1.11268
           0.35279
          -1.31519
          -2.81516
          -0.36827
           1.29767
           3.19792
           0.28033
          -2.78846
           1.43657
          -1.47362
           0.98237
          -1.97354
           1.07418
           0.78412
           1.31350
          -0.69643
           0.16217
           3.69327
           0.49107
           0.95777
          -0.75015
           3.91361
          -1.96330
          -0.00155
           2.29759
           1.14055
           2.56792
          -3.73186
           1.02761
           2.86579
          -0.70984
           1.60740
          -2.54788
           3.75621
          -1.06065
           0.92715
          -0.00679
           0.03096
          -1.08145
          -0.27630
           1.63492
          -1.48817
          -2.98730
          -2.49351
           1.17053
          -0.19979
           1.55470
           1.40104
           1.90940
           0.15942
           1.69511
           1.75867
          -2.18395
          -2.75349
           3.41660
          -2.00212
          -1.42769
           1.97633
          -0.02002
           3.00483
           0.20039
           0.86802
          -0.68142
           0.11723
          -4.04614
           0.85483
           2.03192
          -1.09098
           0.36642
           1.44150
           0.31112
           1.11129
          -1.69110
          -0.12212
          -2.26552
           3.10829
          -1.04347
          -0.08755
           0.06331
           0.06343
           1.89283
           0.83507
               NaN
          -1.03413
           2.00158
           1.51009
           2.54590
           0.81826
           3.63899
           1.98846
           0.92453
           0.02034
          -2.28748
           0.13036
           1.68339
          -2.29728
          -1.27151
           3.26056
          -1.19921
          -1.73334
           2.02659
           2.31797
           0.22379
           1.36758
          -2.23967
          -1.80371
           1.16683
           2.51575
          -0.73170
           0.91386
           1.98511
           1.73089
           1.15174
           1.44828
           1.35468
          -0.18625
           0.54765
           3.16881
           1.12949
          -1.45106
          -1.10117
          -1.74074
           1.19117
           2.34130
           0.15723
          -2.18604
          -1.76430
          -0.32261
          -2.19340
          -2.35305
          -0.74365
          -0.81404
           1.18102
           4.16211
          -0.59365
           1.31111
          -2.89473
           0.04431
          -0.97555
          -2.58811
           0.25657
           1.13442
          -2.91512
          -1.34123
          -3.01909
           2.49121
          -1.33786
           1.45954
           3.11852
          -0.68078
          -2.64484
           0.15109
          -0.30386
           0.28295
           1.80299
          -1.40773
          -0.73673
          -0.64384
          -1.28730
          -1.23464
           0.72410
          -0.80883
           2.99213
          -0.32675
          -1.38698
          -1.45441
          -0.26038
           1.89481
           0.72177
          -1.06971
           1.33049
           2.87693
           0.79923
           0.45470
           0.66458
           0.85057
          -0.61524
          -0.12312
          -3.39524
           2.69981
          -3.76848
          -0.30934
           2.97688
          -1.39575
           1.11367
          -1.54770
          -4.45946
           0.08077
          -2.10445
          -0.13102
          -2.32638
           2.28957
           3.29088
          -0.28082
          -1.29526
           0.04145
          -0.03340
           0.92598
          -3.02744
           0.06998
          -0.38611
          -3.86140
          -0.53896
               NaN
           1.97241
           0.01098
           1.68732
           0.94897
          -3.92888
          -1.62674
           1.96757
          -3.28017
           0.70106
           2.02619
          -0.46946
           0.45916
           1.08601
          -2.68761
          -1.87955
           0.76676
           0.40877
           0.38200
           1.00840
          -2.36750
          -1.41444
          -0.37379
           1.16064
           0.35347
          -0.57525
          -4.23088
          -3.00142
           1.86384
           0.83090
          -0.29869
          -0.40540
          -1.60364
          -0.54749
          -0.37077
           2.77612
          -1.67553
          -0.32755
          -3.16594
          -4.01606
          -0.11582
          -0.05608
          -2.97251
          -0.30703
          -3.82962
          -0.23717
           2.54237
          -1.57144
           1.49652
           0.81579
           2.31907
           3.53089
          -0.20711
          -1.69061
          -0.18069
           0.89446
          -1.53674
           2.44736
           0.31603
          -1.83155
           0.74769
          -0.80034
           1.54136
           0.77395
           2.27479
          -1.88023
          -2.24683
          -0.52824
           0.04740
           1.88657
          -0.32546
           3.20501
          -0.64432
          -1.64944
           0.35922
          -0.49568
          -1.83813
           1.82358
          -0.83658
           1.11449
           1.10671
           1.29372
           1.62863
          -0.36774
           0.19832
           2.76702
          -0.00081
           4.69857
          -1.51231
           0.18180
          -1.07712
          -0.25950
           0.15827
           1.40078
          -0.67296
          -1.05975
           3.55007
          -3.64439
          -2.49495
           2.55594
           2.22594
          -0.12511
          -1.09018
           2.44449
           1.13932
          -1.79764
          -0.27734
           0.27809
          -3.98364
           3.91411
           0.71159
          -1.65449
           2.80505
          -1.29221
          -0.02620
          -1.78811
          -2.32257
           0.16244
           1.70325
           3.26726
           2.17058
          -2.05957
          -0.76558
           3.32697
          -0.73935
           1.08487
          -1.00660
           3.13402
           0.71045
           3.07820
          -1.63127
           1.31462
          -1.25200
           1.51144
           0.00964
          -3.99445
           3.87553
           0.21627
          -4.10779
          -1.87379
          -2.74248
          -1.17800
          -1.08030
          -0.35131
           2.54176
           0.64661
           0.54986
          -2.17832
          -1.67815
           0.70877
          -1.18419
          -1.35011
           0.80507
           4.01380
          -1.39851
          -1.65347
           3.90472
          -0.75195
          -2.23502
          -1.08103
           2.56534
           0.55994
          -0.53818
          -1.89057
          -2.53788
          -0.74457
          -0.42234
          -1.39109
          -1.36679
           2.18943
           0.51687
           1.40833
           2.80245
          -0.10158
          -1.31633
          -0.39835
           0.97200
          -0.76920
           3.42858
          -0.02003
           3.28890
           0.71525
          -2.02049
          -0.45393
          -1.12320
          -0.73235
           0.47426
          -4.56963
          -1.15266
          -3.07872
          -1.89759
          -1.15569
           4.74468
          -1.04019
          -2.25796
           3.57366
           1.06707
           1.11944
           0.81456
           1.12350
          -2.22376
           0.65535
           0.28183
           0.78158
           3.64821
           1.11501
          -0.26329
           0.18109
          -2.87266
           1.85193
          -0.23542
           2.04399
          -0.66812
          -0.78792
           1.05981
           2.63993
           0.33157
          -3.29420
          -0.76263
           2.39044
          -0.03498
          -2.08153
          -1.75526
          -0.11077
          -1.85323
          -1.25444
          -0.24007
          -3.69844
               NaN
           3.44022
          -3.41142
          -0.49343
          -0.37036
           1.11214
           2.98939
          -1.28047
           2.46522
          -1.08522
           1.96824
           2.79281
           0.30533
          -1.34940
          -0.66295
          -1.80779
           1.93171
          -0.59159
          -0.47181
           3.69070
           0.37326
          -2.43661
          -1.78612
          -0.68111
          -4.41876
           0.65312
          -1.58874
          -0.68091
          -0.99406
           2.66618
          -0.38029
           1.90636
          -2.46385
           0.23884
          -0.91973
           2.10424
          -0.48960
          -2.97514
          -2.16952
           1.04316
          -0.91085
           1.88999
           0.84517
          -2.14027
          -0.07202
           1.58053
          -2.72522
          -0.20964
           0.52502
           2.86018
           2.82451
          -1.77418
          -1.14473
          -1.80603
          -0.41193
           1.89077
          -1.75424
           2.76129
           0.05935
           0.62065
          -0.13837
           0.43915
          -2.33542
          -0.77141
          -1.75342
          -2.20601
          -0.09340
          -1.20840
          -1.15499
           0.12975
          -2.22055
           1.11076
          -0.08146
          -0.96228
           0.12793
           2.14410
          -2.69944
           0.75120
           1.22951
           1.17409
           0.39600
           0.06362
           2.14214
           0.39010
          -0.42039
          -0.48985
           0.26685
          -2.37318
           0.59791
           0.39645
          -0.02052
          -3.77381
          -2.12063
          -2.12287
          -2.00798
          -1.34676
           1.83123
          -3.19234
          -3.66073
           0.55216
          -0.05555
          -1.58338
          -2.28423
           0.06875
          -1.41715
           0.94046
          -0.45810
          -2.10928
          -2.52270
          -0.55232
           1.31453
          -1.18051
           3.39135
          -1.71807
           0.82617
           2.02646
          -1.54175
          -0.03248
          -1.64874
           0.90945
           1.96374
           0.57802
          -1.18713
