          -0.81995
          -1.25228
           1.07399
               NaN
          -0.66495
           1.13395
           0.04314
           0.83099
           1.53342
          -0.70327
          -0.73838
          -0.01468
           0.40327
          -1.40346
           1.49711
           0.72738
           0.33787
           0.16638
          -0.15281
          -0.70505
           0.28755
           2.03094
          -1.25445
           1.52233
          -1.51623
          -0.53324
          -0.21186
          -0.43820
           0.96090
           0.11172
           0.85537
          -0.50710
               NaN
          -0.94217
          -0.43985
           0.57885
           0.56904
          -0.11189
           0.66723
           0.68722
          -0.78589
           0.31557
          -0.29672
           0.50392
           0.46979
          -0.91931
          -0.31673
          -1.11808
          -0.67998
           0.58371
           0.35461
          -0.10001
           0.82869
           0.32584
          -0.14239
          -0.43558
           0.36388
          -1.02748
          -0.47216
           0.01913
          -0.13010
           0.32041
           0.13136
          -1.11095
          -1.11829
          -0.17564
           0.16425
           0.05952
          -0.41146
          -0.46149
           1.27041
          -0.15058
           1.98210
           0.54888
          -0.01296
           0.68191
           0.60562
           1.56706
          -1.52202
           1.00103
           0.32138
          -1.38714
           0.53992
          -1.26402
           0.30721
           0.97967
          -0.57967
           1.85906
           1.53595
           0.71821
           1.06579
           0.44053
          -0.87165
           1.60271
           1.54707
           0.25586
          -1.69474
          -1.30893
          -0.22976
           0.01032
           0.90722
           0.13632
          -0.20760
           0.37482
           0.67731
           0.64716
          -0.35183
          -0.40693
           0.08896
           0.32001
           1.54973
           0.02450
           0.60499
          -0.55295
          -1.54342
           0.16935
           0.93021
           0.43303
          -0.14230
          -0.43619
           0.51658
           1.23735
          -0.22844
           0.15090
           0.15491
           0.75990
          -0.59441
          -0.60049
          -0.71366
          -0.17989
           0.07633
           0.53099
           2.10370
          -0.58114
           1.02367
          -0.42495
           0.11393
          -0.98261
          -0.65991
           1.33232
           1.63152
           0.14287
          -1.25761
          -0.11062
           0.29307
          -0.06158
           0.12719
          -1.03427
          -0.25424
          -1.71094
          -0.10371
           1.58287
           0.58783
               NaN
           0.48748
           0.56678
           0.28146
           1.96345
          -0.35040
          -0.16466
          -1.41907
          -1.46379
          -0.18572
          -0.29742
           0.62803
          -0.07024
           0.29643
           0.12056
          -1.25637
           0.93159
          -1.94536
          -0.33204
          -0.69994
          -1.76662
           0.22988
           0.12698
          -0.31253
          -0.54108
           1.25447
          -1.08628
           1.71238
           1.23406
          -1.32449
           0.70223
           0.82362
          -0.77190
          -0.04757
           0.47857
           0.23341
          -0.53936
          -0.30817
          -0.15015
          -0.40348
           0.75984
           1.18808
          -0.54141
           0.84526
           0.76485
           0.59714
          -0.11490
           0.41966
          -0.66653
           0.76459
           0.16200
           1.05894
           0.93636
          -0.98764
          -0.21141
           0.62279
          -0.47028
          -0.88515
          -0.85194
           0.60070
           0.50073
          -0.16582
           1.07808
          -1.13393
          -0.43371
           1.02156
           0.38802
          -0.63584
           0.15194
          -1.01472
           0.49744
          -0.42155
          -0.64486
           1.30990
          -0.26466
           0.06410
          -0.18259
          -0.91280
          -0.67266
          -1.55101
           1.25851
           0.22905
          -0.25164
          -0.64209
          -0.21157
          -1.09851
          -1.38995
           2.00077
          -0.44190
          -1.52497
          -1.30492
           0.96806
          -0.68953
          -0.77707
           0.16782
           0.53011
          -1.19956
          -0.11667
           1.11192
          -0.64462
          -1.39045
           0.80218
          -0.46846
           0.90785
           0.89155
          -1.50067
          -0.04377
           0.00081
           1.06808
           0.38706
           0.26493
           0.50270
          -1.29758
           0.90100
          -1.16642
           1.41089
           0.04161
           1.84045
          -0.47697
          -2.15331
               NaN
          -0.89600
           0.19092
          -1.24608
           0.06555
          -0.01661
          -1.48292
          -0.10441
           0.14833
           0.38796
           0.61302
           0.07607
           0.68042
          -0.50081
          -1.12817
           0.56865
          -0.54490
           0.07066
           0.79899
           0.19327
          -0.35316
          -0.31107
          -1.65446
          -0.55470
           0.01759
               NaN
          -0.51463
           0.02865
           0.90747
          -0.89904
           1.36547
           0.34891
          -1.26297
           0.70284
          -0.12061
          -0.08656
           0.11404
          -0.73644
           0.25469
           1.48318
           0.21284
           0.43078
           0.85613
          -0.18561
           0.18836
          -0.08835
           0.23876
           0.83817
          -0.37626
          -0.52107
          -1.35223
          -1.53302
           0.66210
          -0.40755
          -0.04996
           0.34062
           0.27014
           2.07194
           0.71589
           0.90452
          -1.70193
          -0.41286
           0.38240
           0.81575
          -0.42291
          -0.28135
           0.79622
          -0.78103
          -0.29707
          -1.03755
           0.54134
          -1.58391
           0.47734
          -0.11153
          -0.24325
           0.20044
           0.55771
           0.08742
          -1.61130
           1.13075
          -1.14701
           0.80489
           0.31984
           0.91713
          -0.10651
          -0.20292
           0.31415
          -0.37678
          -0.11518
          -0.43756
          -0.37576
           0.49216
           0.57861
           1.01548
           0.52484
           1.25515
           0.32751
           0.05105
          -0.72619
           0.09470
          -1.46952
           0.70014
          -0.81302
           1.09524
           0.04973
           0.36223
          -2.17956
           0.53034
          -0.00994
           0.25508
          -0.40627
           1.15789
           0.30197
          -0.65392
          -0.56710
           0.25585
           0.39587
           0.85942
          -0.50757
           0.04982
           0.02917
           0.46493
          -1.15283
          -1.11987
           0.37900
           0.86019
          -1.65775
          -0.53442
          -0.05995
           0.48493
          -1.40679
          -1.01105
          -0.07317
           0.38556
          -0.76304
          -1.83081
          -0.37824
           0.24442
           1.28574
          -0.05247
           0.06287
          -0.80598
           0.58315
          -0.26119
          -0.50956
           0.88384
           0.70828
           1.37822
           0.83073
          -0.87280
           0.95184
          -1.32266
          -0.33850
          -0.55262
          -1.53901
           0.51981
           0.18174
           0.27338
           0.23797
           0.16448
          -0.53128
           1.18741
          -0.82371
          -0.74337
          -0.26415
          -0.08209
          -1.34430
          -0.22867
          -1.35017
          -0.75551
           1.68271
          -0.18779
          -1.54920
          -0.38023
          -2.06075
          -0.86395
           0.17953
          -0.18384
          -1.65496
          -0.97635
           0.34715
          -0.17068
           1.29888
           0.64321
          -0.29273
           0.41552
           0.11416
          -1.25831
           0.48152
           0.52932
          -0.89787
           0.22095
           0.53960
           1.23815
          -0.10496
          -0.47005
           0.01675
          -0.15898
          -1.18138
          -0.13716
           0.38441
           0.61778
          -0.36702
          -2.02984
          -0.37481
           0.72948
          -0.12773
           0.71006
          -0.03609
           1.24564
          -1.52835
          -0.11617
           2.08119
          -0.21332
           0.13396
          -0.58093
           0.25782
          -0.53515
           0.03477
          -0.06430
           0.56255
          -0.05685
          -0.90220
          -0.32958
          -0.63378
          -0.13590
           0.04505
           1.01240
           0.88333
          -1.21557
           1.45460
          -0.70112
           0.22929
          -0.77489
          -1.07269
          -1.22911
          -0.59303
           0.17059
          -0.46871
           1.11675
          -1.00744
          -0.34492
          -0.77042
           0.68825
           0.10911
          -0.97214
          -2.20579
           0.60657
           0.18397
           0.41135
           0.67870
           1.07156
           0.13547
           1.17031
           0.64798
           0.98183
           0.08181
           0.76345
          -0.94533
          -0.18720
           0.73665
          -1.43526
           0.75664
          -0.87000
          -0.05195
          -1.48017
           1.11508
          -0.22676
           1.27211
          -0.31642
           2.03809
          -0.80151
          -2.25217
           0.01916
           0.01835
          -0.10553
          -0.03779
           1.62752
           0.89363
           0.15243
          -1.31323
           1.19647
           0.17829
           0.82508
          -0.01651
          -0.07588
          -1.04124
           1.39601
           1.37263
           0.09165
           1.05537
          -1.28413
           0.61564
          -0.48554
          -0.60137
          -0.83469
           0.03961
          -0.67505
           0.10715
           0.84468
           1.76717
           1.21416
           0.21526
           0.74505
           1.05577
          -0.87412
           0.50140
          -0.54199
          -0.13700
          -0.59903
           1.17578
          -0.67112
          -0.56783
          -1.33300
           1.19727
          -0.35160
           0.00656
           0.04138
           0.47143
           1.61349
          -0.14876
           0.63803
           0.20902
          -1.37066
           0.64075
          -0.97397
           0.54765
           0.74250
           0.47711
          -0.08915
               NaN
          -0.08322
           0.46872
           0.21665
          -0.97601
           0.34216
          -0.19837
          -0.14708
          -0.83771
           0.46097
          -0.74528
           0.11178
          -1.14090
           1.54902
           0.24635
          -1.74545
          -0.31983
           0.56715
          -1.00021
          -0.25796
          -0.27915
          -0.17995
          -0.06153
           0.00669
          -1.90003
           0.43787
          -0.20111
           0.59761
          -0.44828
           0.93658
          -0.69352
          -1.21089
           0.61026
           1.42410
           1.31801
           0.43272
           1.54213
          -0.00495
          -0.06271
          -0.52520
          -1.35556
               NaN
          -0.31461
           0.31223
          -0.38245
           0.64143
           0.10260
          -0.76587
          -0.56594
          -0.48402
          -0.39896
           0.14969
          -0.02026
           0.47014
               NaN
           0.00055
           0.12136
               NaN
          -0.68420
           0.26381
          -0.43507
          -0.42063
          -1.71581
           1.33599
           0.32285
           1.55143
          -1.24792
          -0.02395
          -0.24576
          -0.01584
          -0.28925
          -0.70253
          -0.20577
          -0.25355
          -0.09729
           0.61894
           0.06069
          -0.44849
           0.75553
          -0.66249
           0.64341
           0.15022
          -1.16379
          -1.98596
           0.43931
           1.25274
          -0.36929
           0.89957
           0.05294
          -2.20821
           0.20978
          -1.42443
          -1.22446
          -1.48833
          -0.47655
          -1.54216
           0.22779
           1.20884
          -0.61881
           0.18914
           0.41642
           1.51452
          -1.11217
          -1.31955
           0.37797
           0.06310
          -1.18069
           0.05198
           0.64900
           0.27105
          -0.97159
           1.64025
           1.06762
           0.84684
           0.38311
          -0.98418
          -0.14827
          -0.77471
           0.86581
          -0.51231
           0.13181
           0.02075
          -0.16191
           0.28471
          -0.70164
           0.57757
           0.22811
           0.08798
          -0.74830
           0.52697
           1.44589
           0.67328
          -0.97699
           1.84837
           0.84398
          -0.58383
           0.90112
           0.71657
          -1.33907
          -1.46741
           2.11391
           0.55003
          -0.41126
          -0.48149
          -0.18286
          -0.17338
          -0.35757
           0.39757
           0.18431
           0.52861
           1.05406
           2.08215
           0.10446
           0.06659
           0.20313
          -0.62517
           0.68772
          -1.80874
          -0.26137
           0.35423
           0.24515
           1.06587
          -0.01348
          -0.82243
          -0.28865
          -1.74105
          -0.10984
           1.09730
          -0.43481
           0.48933
          -1.59823
           0.07241
           1.59421
           1.79463
          -0.87683
           0.85579
           0.18138
           1.46080
           0.96978
          -1.43399
          -0.47429
          -0.05179
           0.23225
           1.22594
          -1.00667
           1.65484
          -0.22003
           0.44791
           0.94215
           0.94999
           1.14927
          -0.68572
           1.39854
           1.39134
          -1.57530
           0.16180
          -1.86381
           0.07671
          -1.65267
          -0.11238
          -1.46030
          -1.63971
          -0.42752
          -0.77493
          -1.41964
           0.34542
           0.70828
          -0.64214
          -1.61276
           1.12165
          -0.78513
           0.01097
               NaN
          -1.76830
           1.34593
           1.44529
          -0.28765
          -1.80141
          -0.22916
           1.84163
          -0.06951
          -0.71268
          -0.15529
          -0.62519
           0.69080
          -1.21091
           0.17724
           0.12122
          -0.14763
          -0.13924
           0.65027
           0.39247
           0.73533
           1.83515
          -1.67855
           0.14411
          -1.19198
          -0.01133
          -0.81621
           0.11057
           1.72276
           0.36504
           1.44143
          -1.49609
          -0.07251
           0.29212
          -1.25196
           0.24780
          -0.32317
          -0.54262
           0.27765
          -0.80242
          -1.32107
          -1.40003
           0.17990
          -0.11251
           0.32282
          -0.64893
           0.57240
          -0.09101
          -0.90475
           0.25287
           0.25639
          -0.15004
           0.49004
          -1.27460
          -1.09883
          -0.06176
          -0.38837
          -1.57251
           0.03567
           0.30804
           0.07745
           0.26111
          -0.19004
          -0.61051
           0.28012
           0.23848
           1.77887
           0.90895
          -0.50431
           0.11177
          -0.02324
          -0.83927
          -0.86133
          -1.54377
          -0.27745
          -0.23235
           1.73331
           0.92799
          -0.71927
           0.26348
           0.46316
          -1.97624
           0.73857
           0.27190
           0.30242
           0.43558
           0.36583
           0.16916
          -0.36300
          -0.83568
           1.38699
          -1.01194
           0.79397
          -0.11386
          -0.41091
           0.96213
          -0.58310
          -1.05860
           0.19954
           0.32582
          -1.22117
          -1.74670
          -0.15434
           0.85427
           0.37529
          -0.99351
          -0.33386
          -1.93201
          -0.40752
          -0.05323
          -0.65852
          -0.85072
           0.09960
           0.90223
          -0.50869
          -0.08045
           0.88832
          -2.08474
           0.34720
          -0.06565
           0.40094
          -0.31313
           0.45520
           0.25623
          -1.23507
           0.89838
           0.36967
           0.24900
          -0.54210
          -0.48914
           1.09228
           1.39679
          -0.09724
           0.11276
          -1.32993
           1.44902
           0.01611
          -0.45757
          -0.86385
           0.64130
          -1.38174
           0.13320
          -0.88449
          -0.24381
           0.29243
          -0.89317
           0.92319
          -1.50231
          -1.31052
          -0.17609
          -1.31688
           0.84900
           0.17318
          -0.37960
           0.36569
          -0.28153
           0.26124
           1.87645
           0.51078
           0.31241
          -0.00601
          -1.14049
          -0.52807
          -0.23662
          -0.09980
           0.70595
          -0.92702
          -0.33790
          -0.09340
          -0.32705
          -0.35781
           0.04883
          -0.01836
           0.47472
           1.50760
          -1.19828
           0.21288
           0.36372
          -0.70615
           0.64715
          -1.16580
          -0.48515
          -0.81117
           0.11799
          -0.21623
           0.59966
          -1.13163
          -1.12655
           1.02448
          -0.20963
          -2.84657
          -1.65877
          -1.30429
          -2.60016
           0.74935
           1.28648
           1.62154
           0.00646
               NaN
           1.04323
           0.40605
           1.20549
          -0.10718
           2.51089
          -1.06028
          -0.74006
          -3.45457
           3.02413
          -0.92393
           0.74012
          -0.89891
           1.24856
           1.30082
          -3.67926
           0.78093
          -0.82554
           0.10921
           0.36681
           0.08900
           0.15517
          -0.21847
           0.23193
          -0.29068
          -0.43747
          -0.44087
           0.75313
           2.71391
           0.19596
          -1.92941
          -2.06321
           1.13626
           2.29730
           3.07070
           0.06286
           0.20890
           2.42245
           0.80142
          -0.38904
           0.63693
          -1.37829
           2.11140
           0.56672
           1.12673
          -1.89139
          -1.23476
           0.48585
          -0.84964
           1.17561
           0.15731
          -1.16152
          -0.26403
          -1.08180
           1.08820
           1.64460
          -1.87528
          -1.42367
          -2.43137
          -2.97829
          -1.24166
          -0.23264
           0.34636
          -0.57508
          -1.97209
          -0.68903
           0.41136
          -1.67676
          -2.54613
          -1.78460
           1.16104
           0.74440
          -0.06016
           1.72361
          -0.71366
          -0.12316
          -0.22133
          -1.01982
          -0.00756
           2.05955
          -1.45539
          -0.26456
          -0.65984
           1.55705
           0.21316
          -0.74995
           1.14028
           2.53773
           0.21716
          -0.17596
           0.06243
          -0.51260
          -3.10003
          -0.12016
          -1.19674
           3.81453
           0.20548
          -0.97968
           0.14436
           1.53921
          -0.12376
           0.88405
           1.75474
           1.22975
          -0.41445
           1.02316
          -0.41374
          -1.38135
           2.14053
           1.95404
           2.90979
           1.29726
          -2.01482
          -2.35831
           2.06763
          -0.78512
           1.96086
           0.84563
          -1.38048
          -2.14136
           3.47420
           0.28022
          -0.85218
          -2.03118
           1.02746
          -1.34436
          -2.01495
          -0.95336
           2.62050
          -0.24127
           0.44787
           2.02486
           0.22874
           1.97817
          -0.21438
           1.19807
           0.48928
           4.04068
           1.07991
          -2.78514
           0.71239
          -1.07395
           0.33665
          -1.31086
           2.82428
          -0.34958
           1.43894
           0.04529
           0.46302
          -0.59211
          -0.90913
           1.40753
          -2.15999
          -0.10058
          -3.91861
           1.96748
           0.67748
           0.79118
          -0.47819
          -2.19913
           0.14077
          -1.41632
          -0.55563
           1.40049
           2.60524
          -0.54733
          -0.07307
          -1.53475
          -1.13727
          -1.00230
           0.73001
           0.49696
           0.62532
           1.56569
           0.56998
           1.97331
           0.56771
           0.11324
           2.16452
          -1.51088
          -0.47038
          -1.03421
          -2.24172
           0.92678
          -2.74674
          -0.13485
          -0.14259
          -0.48587
          -0.53539
           1.71408
           3.93528
          -2.13723
          -0.77724
           0.99287
          -0.07391
          -0.73022
           2.50125
           1.43186
           0.77577
           0.46955
          -0.61586
          -2.43610
          -1.30755
          -0.24051
           0.79708
           0.34496
           0.21537
           1.03156
          -0.57846
           0.00312
          -1.55890
          -0.48002
           3.65205
          -2.35536
           0.23356
          -2.07198
           1.15358
           0.75367
           1.15158
           0.35927
           2.05275
           0.09731
           1.23721
           0.02811
          -2.07363
           0.24859
          -0.65555
          -0.95288
          -0.89372
           1.22305
           1.93946
          -0.39761
               NaN
           2.92742
          -1.38219
          -1.15210
          -2.09880
          -0.46840
          -1.64592
          -1.59033
          -1.76119
          -0.92430
           2.03855
          -1.05983
          -1.21563
          -0.23369
          -1.67655
           0.33726
           1.19472
           0.00251
           2.62560
          -1.82225
           0.70617
           0.12684
          -2.55406
          -1.88260
          -0.77247
          -1.56848
           0.13678
           0.06860
          -1.12905
          -0.61483
          -0.28846
           1.60267
           1.41202
           0.75668
           2.24991
          -0.80777
          -0.61953
          -0.25667
          -1.16072
           0.11636
           0.93509
           1.45327
           0.76491
           2.22670
           0.11751
           0.37580
          -0.35038
          -1.92732
          -0.30176
          -0.81117
           1.25444
          -1.73310
          -1.64849
          -1.19062
          -0.03630
          -1.55441
           0.02154
           4.19144
          -1.12473
          -1.15773
           0.68445
           0.85902
          -0.99223
           1.37964
          -1.46266
           0.39065
           0.84673
          -3.56110
          -1.61489
          -0.26281
               NaN
          -2.08984
           1.02235
           2.05430
           1.78891
           0.59164
           0.46997
           0.56892
          -0.65450
           1.58556
          -0.06928
          -1.20213
          -1.34820
          -0.98456
          -2.10117
          -1.66993
          -0.01452
          -3.21555
          -0.39467
           1.92165
          -1.23133
          -0.66961
          -1.25037
          -2.10396
           1.26919
          -1.34919
          -0.34167
           1.83592
           0.77631
           1.93092
           1.82320
           0.12922
           2.29134
          -2.52129
           1.05105
          -1.41157
          -0.17028
          -2.19252
          -0.35459
           1.44315
           0.85918
          -2.92235
           0.65634
           0.76949
           0.80391
           0.97534
           0.18368
          -2.36197
           1.23894
          -1.15262
          -1.44791
           1.25020
          -0.70793
          -3.52207
          -2.08219
           2.47723
          -1.90539
          -0.00967
           2.23335
          -0.50286
           1.11590
          -0.08238
           1.48294
           3.64966
          -0.02003
          -2.74952
           1.85927
          -2.66884
           3.08386
          -0.58243
           2.02140
          -1.10748
           0.29769
           0.48399
           3.45743
          -4.14779
           0.78288
          -2.05598
          -0.01141
          -1.79061
          -2.07594
           0.03765
          -0.50997
           0.86278
          -0.85717
          -0.15503
           1.53007
           0.32844
          -0.88300
           0.33753
           0.92353
          -0.45817
           1.56173
           1.76004
           4.32176
          -1.28199
           0.58408
           0.84381
           0.30593
          -0.35556
           0.25751
          -0.91499
           0.83354
          -1.14417
          -1.92437
          -0.20192
          -0.90126
           1.48073
          -0.67904
           2.43386
           0.28457
          -0.85156
          -0.24152
          -2.63782
          -2.40662
           0.12236
          -0.31468
           2.95146
           0.03507
          -2.95785
          -1.15561
           3.41554
           1.93481
           1.01478
          -1.27397
          -1.07989
           1.65047
          -0.73833
          -0.88950
          -0.45731
           0.59347
          -3.38627
           0.25062
          -2.52177
           2.31465
           0.29314
           2.98546
           0.39728
          -1.76378
           0.14564
          -2.22240
          -2.77896
           0.58584
           0.34187
           0.60123
           0.07317
           0.39782
          -0.73659
          -2.96294
           0.93357
           1.15040
          -0.49485
           0.35694
          -1.65956
           2.31769
          -0.28199
          -2.92195
           2.47053
          -1.64766
          -0.18597
           2.16049
           1.54842
           1.10203
           0.26166
          -1.19951
          -0.16880
           0.00510
          -1.14700
          -0.47218
           0.77576
          -1.30931
           3.26000
          -0.07801
           0.89763
           0.97023
           0.92772
          -1.16820
          -0.20159
          -0.27653
           0.75550
           1.43738
           0.36935
           0.24984
           0.26709
          -0.93644
          -1.75505
           0.93231
           0.59063
           0.16340
          -0.33011
          -1.03968
          -0.86013
           1.35231
           3.38518
          -0.21584
           2.92153
           1.41218
          -1.13701
          -1.75686
          -1.41108
           1.24153
           1.17347
          -0.51206
           1.36296
           1.07470
          -2.74176
          -0.38051
           0.65279
           1.08440
          -0.45701
          -3.07737
          -2.03315
          -2.23378
          -2.91165
          -2.14260
          -0.66114
          -0.82122
           3.37055
          -2.05056
           2.24466
          -0.27677
           2.23211
           1.30783
          -1.98751
          -2.25716
          -2.39626
          -0.54353
          -1.45330
          -0.14178
          -2.47719
           0.91553
           3.45132
           2.71582
          -0.70279
           1.29186
          -1.11711
           2.20489
          -0.48084
           1.92238
          -2.41429
          -1.35732
          -2.46270
          -0.27623
          -1.08601
           2.67834
          -0.30907
          -1.39412
          -0.03858
          -3.54839
           2.00800
           1.33800
          -1.55053
           1.94953
          -0.79613
           0.24768
           0.64539
           0.85179
          -3.75935
           0.54436
           1.13506
          -2.35260
           0.70870
           1.22726
           0.59267
           0.29549
           2.02598
          -1.69478
           1.61901
               NaN
           1.99621
          -2.06187
          -1.29221
           1.47034
          -0.04075
           1.79546
           0.06045
          -2.44833
          -1.68637
          -0.50965
          -1.38612
          -3.02232
           0.83976
          -0.69596
           0.77687
          -0.32812
           2.17445
           1.22087
           2.48970
          -0.32971
           2.26390
           1.53932
          -0.34019
           0.32441
          -0.46697
          -3.90417
          -0.35081
           2.95322
           0.95075
          -3.43935
           1.54134
          -0.21514
           1.99627
           1.92005
          -0.94361
          -1.43165
          -0.36263
          -0.22794
           1.59915
          -0.88371
           3.88695
          -0.41987
           1.32432
          -0.54841
          -0.11765
          -2.31930
          -0.66144
          -1.29450
           2.36811
          -0.32379
           1.45789
          -0.85960
           0.18607
          -0.98791
           1.69019
          -2.57852
           0.06944
           1.19425
           1.56399
           0.68277
          -0.87829
           0.95774
          -0.51154
           0.66319
          -0.34634
           0.32192
          -0.19125
           3.21747
           1.35253
          -1.24349
           0.34793
           0.77320
          -0.99101
          -1.83717
          -1.83242
          -1.28600
           1.94178
          -0.57712
          -1.42219
          -1.19412
          -2.18133
          -0.71151
          -0.90066
           1.78414
          -1.17139
           1.68487
           1.16221
           2.76770
           2.90193
          -2.88328
           0.77168
           1.48038
          -1.63027
           0.81005
           0.76954
           2.73935
          -1.25174
          -0.81664
          -2.55454
          -2.19699
          -2.64186
          -0.85521
           2.31470
          -2.00496
          -3.85974
          -0.31742
           1.28435
           2.14279
           2.27400
          -0.46505
           1.46255
          -0.62952
          -0.19505
           0.70288
           0.92325
          -0.87338
           0.52332
          -0.18343
           2.50383
           2.10088
           0.90324
           2.46592
           1.58698
           1.43552
           3.12332
           3.35255
          -0.95312
          -0.19227
          -2.02386
           1.38849
          -0.63972
           0.21194
          -1.77919
           0.17230
           0.00743
           0.25325
           3.36985
          -0.48648
           1.62394
           1.82977
           1.17373
          -1.52952
          -0.36859
           2.77800
          -1.19633
           0.33672
           1.32514
          -3.47394
           0.39545
           0.17696
          -0.03481
          -2.03625
           0.15719
          -1.14338
          -2.48964
          -0.67328
          -0.18988
          -1.46481
           0.56309
          -0.04467
          -2.32803
          -2.04832
           0.33656
           0.63700
          -1.21010
          -0.06795
          -2.76595
          -3.04810
           2.52709
          -0.64090
          -1.69338
           0.55102
           0.14149
          -0.09763
          -1.42367
          -0.47874
           0.24094
           1.70493
           0.07376
           0.05895
          -0.05508
          -1.12447
           0.31689
           0.94137
           4.24110
           0.97321
          -0.35535
           0.44368
           0.02062
           2.03679
          -4.15009
           2.94905
          -3.23829
          -1.05747
          -2.75291
          -0.46146
           1.05764
          -0.00130
           0.21109
           0.34461
          -0.41942
          -0.32528
           2.40296
           3.61262
          -0.96768
          -1.61310
          -3.61843
          -1.16607
          -3.59462
           1.48721
           2.46934
          -1.88560
          -0.77373
           3.66005
           1.63088
          -1.65323
           1.77219
           1.75011
          -0.12708
           2.73403
           1.48361
          -1.46902
           0.84470
           0.16629
           0.05214
          -0.42473
           0.18046
           0.73971
           1.05218
          -2.31313
           0.31450
          -0.19452
           1.60763
           0.49535
          -0.91740
          -0.69978
           0.40429
           1.47386
          -0.26515
          -0.66605
           2.24534
          -1.29752
           0.33593
          -1.77804
           0.92343
          -3.80574
          -0.54799
          -0.33040
          -1.05265
           0.26795
           2.35621
           1.31032
          -0.43215
           1.83822
           0.93015
           0.44153
          -2.35828
           1.13723
          -1.95524
           1.53065
          -2.90118
          -1.62642
          -0.56082
          -0.04956
          -2.16356
           1.00163
          -2.21980
           0.33542
          -1.56002
          -1.63467
           1.60548
          -0.46924
          -0.27620
          -1.82353
           0.21095
          -0.31909
          -0.96366
          -1.27906
           0.49031
          -0.23310
          -0.07777
          -1.78070
           0.37969
           0.89983
           2.04991
           0.30680
          -1.13027
           2.73669
           3.06007
           0.72505
          -0.33888
           2.76277
          -1.77216
           0.59906
          -1.92592
          -0.03675
          -0.61466
          -1.96414
           1.32309
          -0.86728
          -1.07303
           0.38958
           3.19111
           0.65132
           1.01038
           0.11284
          -2.79425
          -1.12253
           1.40652
           0.45635
          -0.99988
           0.08456
           2.55829
           0.08375
          -0.82229
           2.13300
          -0.70237
           1.16905
           2.57805
          -1.39727
           1.80167
           0.66866
          -2.06098
           1.02308
          -2.25082
           0.80386
          -0.09447
          -1.77235
           1.59980
          -0.02475
          -0.71837
           1.87312
               NaN
          -0.05625
           1.17085
           2.08124
          -0.16355
          -1.40772
           1.45692
           0.49722
           0.56116
          -0.21067
           2.48302
           0.05629
           0.21847
          -0.41038
          -3.18242
           2.16957
          -3.52583
           2.40892
          -0.98265
          -0.83159
           1.20680
          -0.22654
          -2.00776
          -2.12323
          -2.14945
          -1.15304
          -1.65154
           0.47884
           1.61705
          -0.01656
          -0.52737
          -0.40964
           0.63164
           1.26136
          -0.38052
          -1.73826
          -2.01351
          -0.73924
          -0.26853
          -0.79855
           1.21813
           0.78162
           1.38011
           1.04679
           1.32843
          -0.87756
           0.86277
           1.09507
           0.36357
           2.68737
          -1.11537
          -0.42702
          -1.11584
          -0.71613
           2.19407
          -2.03101
          -3.34925
           0.33813
           3.95242
           0.52518
               NaN
           0.56660
          -0.88821
          -0.14689
           0.05030
           2.55614
           2.28677
          -1.46011
          -0.98011
           1.39010
           0.49665
           0.02711
           1.91644
           0.71792
          -4.31605
          -0.39912
          -0.06380
          -2.40886
          -2.41223
          -0.03944
          -0.77188
           2.33837
           0.31799
          -2.00695
           4.98916
           5.37479
          -6.88992
          13.45507
           3.32769
          -8.83991
          -1.87887
          -5.75035
         -10.75709
           4.53161
           5.25941
           1.76484
          -2.15047
          12.55289
          -7.20873
          -3.51760
          -0.60093
          -0.97038
           3.39153
           2.73839
          -2.23937
               NaN
           9.80834
          -9.17933
           8.79005
           1.91841
           2.39930
           3.66769
          -8.70714
           0.21759
          -5.42731
           2.80206
          12.74970
           5.09920
           2.52282
          -3.31735
          -2.74712
           0.36014
          -4.01522
          -4.09480
           4.94681
           0.97548
           1.90169
          -4.57618
          -4.47160
           6.19951
           4.09251
           9.17920
           3.69180
          -2.91409
           0.47826
           1.35757
          -4.85027
          -1.11629
          -0.58890
           4.54129
          -1.39710
           6.59709
           0.59397
          -1.30094
           1.21108
          -2.52351
           0.52562
           6.08163
           4.73581
           0.70246
          -1.81222
           0.83487
           3.96596
           0.55797
          -8.23154
          -1.59304
         -13.58587
          -4.08056
          -0.15404
          -3.35640
          -3.80590
         -10.40640
           7.21495
          -5.04349
          -3.33810
           4.54004
          -4.63749
           7.87448
          -0.92323
          -5.37876
           4.85147
         -10.88377
          -8.53620
          -4.02938
          -6.75580
          -2.32865
           6.75776
         -10.12841
          -8.73239
          -2.01617
          10.54261
           7.11239
           0.54634
           1.08467
          -2.51057
          -0.51313
           1.01429
          -1.90567
          -4.15414
          -6.48730
           1.77595
           0.94282
           3.31899
          -1.49501
          -9.39402
           0.03006
          -1.78048
           2.84136
           9.06714
           0.84208
          -3.86987
          -2.73022
           1.79604
           1.90320
          -4.09556
          -4.73721
           3.19792
           2.08229
           0.49444
          -5.96238
           0.80721
           5.32765
           3.01179
           3.07581
           0.43302
          -4.18226
         -13.54104
           6.73065
          -5.26384
           1.38705
          -2.61809
           6.29320
           2.19675
          -9.14540
          -9.82814
           1.85368
           6.39087
           1.06750
           0.45077
           0.62070
           1.28419
           5.23547
           2.64818
           9.45081
           4.63317
          -7.69832
          -5.87073
               NaN
          -3.65730
          -2.68984
          -2.76984
          -8.26866
           1.55404
           2.34037
           7.47904
           8.15656
           0.40240
           0.71483
          -2.03784
          -1.77303
          -1.61618
          -4.53792
           8.73450
          -4.41397
          10.98821
           1.28049
           1.42782
           9.42094
          -2.54506
          -1.18942
           3.08902
           5.63341
          -7.31427
           5.64227
         -10.78290
          -7.78119
           5.89326
          -3.08562
          -3.96755
           4.73909
           1.89307
          -2.00365
           0.75999
           3.48795
           1.76279
           3.02900
           0.68222
          -4.57018
          -7.43188
           0.58211
          -3.70289
          -6.74568
          -3.31035
           0.46812
          -2.73176
           3.01344
          -2.49620
           3.05071
          -7.77375
          -5.78495
           6.24860
           1.07161
          -4.04572
           5.09438
           6.21997
           5.31481
          -2.73382
          -3.24851
          -1.52472
          -7.10439
           5.77915
           3.13312
          -5.22579
          -1.86555
           4.44344
          -1.32720
           5.36612
          -4.18104
           1.75366
           7.20636
          -9.33442
           1.64764
          -2.39876
           2.16212
           5.66152
           4.79662
           8.53959
          -4.79037
          -1.13000
           2.59787
           3.43761
          -0.95641
           6.10069
           6.62441
         -11.88328
           1.46296
           9.29740
           9.00691
          -5.62888
          -1.08543
           7.15965
          -2.20170
          -3.96701
           4.12334
           0.20638
          -7.56683
           1.78862
           5.39692
          -5.21617
           4.58241
          -5.90552
          -5.92558
           7.66854
          -1.39475
           0.37499
          -4.68494
          -2.06933
           1.19579
          -4.48302
           7.63105
          -4.75893
           3.50676
          -9.44780
          -0.99397
         -11.54511
           2.68980
          11.22847
          11.95402
           4.10068
          -1.31370
           8.27930
           1.08550
           0.85195
          10.23986
          -0.24411
          -1.38617
          -2.32569
          -4.40521
          -0.23226
          -2.77387
           4.18600
           6.75478
          -0.91039
           3.04560
           0.00031
          -4.63551
          -2.93240
           1.58477
           0.83003
          10.01453
           1.16152
          -1.69199
               NaN
           2.72620
          -1.69554
          -4.82644
           9.13341
          -8.51297
          -2.96276
           7.35814
          -2.95699
          -0.30734
           1.90787
          -2.00049
           4.30375
          -0.53573
         -11.24607
          -2.71311
          -2.57832
           0.44638
          -1.10346
           0.01456
           2.58990
           0.50844
          -3.91914
           2.53441
           3.39692
           6.45336
           9.76135
          -3.63174
           0.93868
          -1.04615
          -2.80282
          -3.50493
         -12.90265
          -3.87252
          -7.93563
           8.46508
           4.18941
          -3.26841
          -4.99006
           1.04168
          -0.63586
          -3.10071
           2.76228
           1.25880
           7.41454
          -2.14379
          10.39726
          -0.78380
           0.80276
           3.61527
          -3.53509
          -1.92983
          -1.87555
           8.23088
          -8.21180
           5.66284
          -2.97312
          -0.87690
          -7.74373
           1.23943
           1.86660
          -0.88874
           3.02293
           0.90190
          -0.05521
           3.30309
          -3.76355
          -4.50639
          -4.26846
          -3.44974
         -10.07408
          -3.73675
           2.22905
           1.88725
          -0.51763
          10.09387
          -4.26056
           5.46964
          -6.02313
           1.23968
           1.62934
          11.27744
          -5.49971
           1.92436
          -3.98649
           5.36160
          -6.80972
           0.42873
           2.43204
           3.33388
          -0.85891
           1.31391
          -8.60651
           3.52146
          -2.30468
          -0.14947
          -4.24501
           3.85955
           5.93972
          -2.52807
          -3.83642
           7.72162
           2.74811
           1.88130
          -2.29789
           6.42188
           5.75064
           1.34931
          -2.52755
           5.69177
          11.48472
           6.42267
          -2.54661
          -6.48366
           1.15060
           0.03428
           3.90123
          -2.88368
           0.53150
           3.56788
          -5.84305
          -5.68328
          -7.67353
          -5.35796
           6.16146
          -5.80527
           9.53616
           2.11522
           2.11871
           7.80418
          -5.32676
          -3.26374
          -1.31366
          -1.57009
           2.04439
           2.87012
          -9.22905
           3.16285
           7.51226
           3.41301
           1.49132
           5.75113
           0.12676
           8.84818
           3.34918
         -10.04919
           0.53740
           8.80070
          -1.38519
          10.96709
           2.00767
           1.33666
           1.35668
          11.90361
           5.58626
          -3.59278
           1.06536
          -9.15722
          -6.11524
           2.15200
          -1.90181
          -0.00888
           6.72161
          -2.19364
          -3.55236
           1.64805
          -0.26553
          -1.72078
          -7.21747
           0.93058
           0.79669
           2.25185
           0.57767
           3.11803
           3.24800
          -3.67101
          -3.51945
           4.17349
          12.24377
           3.12596
          -3.67746
          -0.48814
          -3.99421
           0.22308
          -7.85545
           7.55016
           1.40294
         -12.67123
           4.44331
          -0.67053
           4.03531
          -0.42177
           3.80264
          -1.31440
           0.14544
          -3.25804
           1.07127
           6.37109
           2.14393
           3.64549
           1.05913
          -1.17156
          -7.16798
          -3.88466
           7.05805
          -7.79649
           3.38167
          -2.19342
           3.21543
           7.07569
          10.07744
           2.97610
           2.02532
           3.97161
          -7.14791
           3.50654
           0.52957
           5.42790
          -2.59720
          -1.08534
           6.59810
          12.65169
          -5.87695
          -1.29810
          -1.57933
          -2.62679
          -6.25728
          -3.78290
          -8.28709
          -5.58393
          -8.09148
          -2.54762
          -4.71728
           4.14194
           4.41133
          -5.93363
           9.95368
          -4.31173
           6.96742
           1.63576
           5.60149
          -8.16967
          -1.20568
          -7.43962
           0.22203
         -11.36424
           1.65474
          12.67250
           3.44815
           2.74181
          -0.13974
           1.51662
          -9.94490
          -2.65217
          -1.25585
           8.95325
          -8.72468
          -2.29860
          -6.81329
          -0.14528
          -0.53147
           8.39027
          -7.91967
          -8.75755
          -0.51746
          -9.08821
           8.95344
          -2.02213
           1.12274
           5.25155
           3.64438
           0.05949
           4.26274
           0.28360
          -8.14986
          -9.20759
          -5.55319
          -3.38817
          -3.31711
          -4.53913
           5.25339
          -2.42048
           4.97280
          -0.97674
           4.85227
         -10.89929
           5.68403
           0.92678
           5.62901
          -5.13444
           1.84589
           1.76782
          -0.15919
          -4.89723
         -10.38827
           0.31485
          -4.75864
          -4.08159
           8.08092
          -4.10147
           5.96475
          -3.26975
          -1.92173
          -1.38339
           2.99131
               NaN
           2.72007
          -0.94222
          -1.46438
           5.58342
          -2.26340
          -2.88196
           0.48256
           7.54896
          -1.55755
           0.36855
           0.96368
           5.78925
          -6.66022
           0.61392
           8.07939
           0.25238
          -3.39393
           5.02938
           3.00658
           0.61573
           5.03999
          -0.03264
           1.29533
           9.28242
          -2.46290
          -1.19247
          -3.84828
           1.07782
          -2.75407
           3.33823
           7.92794
          -4.10665
          -7.59814
          -8.07978
          -0.66437
         -10.75780
           0.25939
           1.53191
           4.40667
           7.84472
          12.59009
           2.65412
          -2.14865
           2.80071
          -3.75197
          -0.22262
           3.92834
           6.38246
           3.97000
           0.91690
          -0.45013
           0.87998
          -3.42996
               NaN
          -1.83340
          -1.92233
               NaN
           3.04387
          -2.77005
           1.09812
           0.06669
           8.18290
          -8.06138
           0.03082
          -9.49283
           8.34773
           1.29347
           4.17205
           3.02536
          -1.36042
           4.55512
           2.60650
          -0.29838
           1.38036
          -2.57617
           2.47279
           1.09979
          -4.87696
           0.86301
          -5.56615
          -3.36779
           5.23406
          12.91970
          -4.32835
         -10.39378
           1.66020
          -3.65159
           1.88824
               NaN
          -1.54991
           9.12373
           5.87661
           7.57565
           3.25963
           9.11119
          -2.07037
          -6.10665
           3.14464
           1.53874
          -0.18834
          -7.46905
           8.49462
           8.61399
          -0.54491
           2.80687
           9.81548
          -1.21084
          -3.66034
          -3.37849
           6.59238
          -9.54496
          -5.60352
          -6.25820
          -1.85872
           5.24126
           1.05180
           7.62486
          -5.16309
           4.39559
           1.15503
           1.06408
          -0.63661
          -1.86698
           6.68595
          -4.26383
          -0.86233
           0.85532
           0.36312
          -2.43862
          -7.74989
          -3.64837
           3.02801
         -10.04726
          -5.65646
           0.55524
          -5.53482
          -4.03804
           5.46074
           8.31381
         -11.74617
          -5.09835
           0.09438
           2.90623
           1.64847
          -0.26772
           1.83061
          -4.81412
          -3.97277
          -0.39993
          -6.28395
         -13.00516
           0.04822
          -0.21440
          -1.17222
           1.85404
          -4.18254
           9.75499
           3.14160
          -1.72433
          -1.19580
          -5.85565
          -1.02515
           4.69333
           2.49774
               NaN
           1.56794
          -6.29150
           2.78758
          -2.58535
          10.62520
          -4.49455
          -6.05414
         -12.80660
           3.62499
          -7.26264
          -1.42660
          -7.02032
          -5.25365
           7.74836
           2.91889
          -0.13535
          -1.56780
          -4.38144
           9.13784
          -9.95342
          -0.41591
          -5.94288
          -6.21571
          -8.54231
          -4.76384
           6.18862
          -9.37694
          -8.30214
          12.21439
           0.84339
           7.91965
           1.38511
          10.54055
           0.51700
          10.64620
          10.20012
           0.80208
           4.99861
           7.64554
          -1.78900
          -4.22720
           3.65165
           9.24375
          -5.11618
           1.78386
           0.32617
          12.72770
          10.99576
          -6.87422
          -8.75385
           0.93226
           9.82032
           2.71304
         -10.39490
          -0.28371
           6.11038
          -0.40146
           3.67924
          -5.45290
           7.44656
          -4.67733
          -1.14702
           0.45638
          -0.26457
          -3.22365
           0.19078
          -2.71260
         -10.50211
          10.77881
           0.19387
           6.80940
          -2.17102
           5.51341
          -2.52968
          -8.08529
          -4.80571
          -9.37119
           7.24647
           0.36306
          -3.69649
           7.64357
          -3.43460
           2.15060
           1.28090
          -3.10117
           5.95236
           6.43739
           7.06416
          -2.75028
           0.81677
          -2.00346
           2.52932
          -4.31829
           1.01752
           4.56998
          -1.41909
          -3.11445
           1.20131
          -1.76910
           8.89868
           6.26124
          -0.76751
           4.86317
          11.56755
           0.53534
          -1.96838
           2.41626
          -3.03249
           1.68027
           1.30425
          -1.48970
          -1.86910
         -11.57177
          -3.67620
           1.80010
          -1.64342
           0.59858
           7.83600
           5.26663
           9.17367
           1.60860
          -1.53401
         -10.51503
          -3.69591
           4.29092
          -2.34696
          -2.39555
          13.14625
          -3.89641
          -2.26544
           0.49923
          -3.02468
          -0.79265
           1.75012
           0.50669
           6.46455
          -6.97547
           3.19409
          -3.30929
          -1.65450
           3.04054
          -5.28341
           1.31769
           7.42821
          -1.07898
          -2.45656
           8.40914
               NaN
           0.77781
          -3.49089
           0.01831
           5.07344
           0.38816
          11.64835
           2.67927
           0.87895
           3.26919
           7.15638
          -0.47505
          -4.65613
           2.28128
          -2.71545
          -2.75443
           6.91898
           0.66363
          -0.57007
          -2.96568
           2.92325
          -2.65394
          -3.35318
           4.22463
          -6.87186
          -3.11977
          -2.89046
           3.39284
           4.30185
          -5.96112
          -8.12659
           0.12366
           0.02820
           8.32498
          -8.27709
          -1.77004
           0.47323
           3.83686
          -3.70294
           6.38310
           0.50631
           5.57293
           2.74044
          -0.53298
           6.11428
          -5.83382
           8.78836
           8.07271
           1.34202
           9.83708
          -5.63145
          -1.23315
           0.87991
          -2.67105
           3.78369
          -3.33096
         -13.32098
          -2.23877
           2.24304
           0.58584
          10.62528
           3.38375
           0.37218
           0.40963
          -3.77325
           7.59590
           4.15368
          -0.93773
           0.77679
           3.36118
           0.25047
           0.14109
          -0.59347
          -7.59957
           1.75866
          -1.54074
          -2.00739
           1.27031
          -5.80983
           6.12791
           1.78996
           6.73938
          -0.28781
          -0.83054
          -0.39279
          -2.60271
           0.17653
          -1.78603
          -1.00940
          -1.49150
          -1.60901
          -0.29905
          -0.75591
          -0.10581
           0.38822
           1.58914
           0.49413
           3.07441
           2.90897
           1.29317
           1.61392
           0.08799
           2.31178
          -1.91915
          -0.40107
          -1.00473
           1.49024
           0.94259
          -1.07993
          -1.53590
           0.98838
           0.76568
          -2.54248
           0.90830
           0.21490
          -0.49963
          -2.43291
          -1.04379
          -0.38015
           0.48218
           0.90548
          -0.43783
           0.37145
           0.38527
          -0.19504
           3.10696
          -0.18970
          -1.33099
          -1.51868
          -0.00852
           1.89141
           1.68959
          -0.75763
           0.91500
           2.86203
           0.67568
           0.61963
           1.03333
          -1.55677
           1.56202
           1.01073
          -0.11009
          -2.45332
          -1.21980
           0.32188
          -0.47118
           1.32257
          -1.18216
          -2.49488
          -0.48255
          -0.91665
           1.14548
           1.11974
          -2.42543
           0.11557
          -2.62092
          -0.57996
          -0.59980
          -0.25041
           1.18354
           0.15540
          -0.06513
          -2.47608
           1.64468
          -1.30113
          -4.14828
          -1.13957
          -0.35684
           1.12145
           1.14235
           1.01642
           1.58576
           1.77899
           0.63965
           0.27706
           0.51723
           0.99731
           0.50555
           1.64998
          -0.35318
          -0.47455
          -1.34673
          -1.04304
           1.15285
           3.67913
           0.38228
          -0.44507
           0.50741
           0.31074
          -2.33418
          -0.54886
          -1.68049
           3.92657
           0.58996
           0.92277
           0.17021
           2.28978
          -0.79416
          -0.96611
           1.96108
           2.38276
           0.10913
           0.84842
          -0.93760
          -0.76768
           3.69556
           1.67280
           3.09688
           1.47877
          -1.12229
          -3.07402
           1.33056
          -1.64359
           1.70878
           0.93892
          -0.74700
           0.43607
           2.73793
           1.53371
          -1.35846
          -1.89849
          -0.16310
          -2.14499
          -0.40278
           1.05319
           2.79387
          -1.74077
           0.30778
           2.38075
           0.14012
           2.13507
          -1.44657
           0.87021
          -1.53688
           3.90672
           3.06464
          -2.08750
          -2.56036
          -0.48986
           1.02093
          -0.98099
               NaN
          -0.77998
           1.23513
          -1.63545
          -1.27646
          -0.81697
          -1.27630
           2.18652
          -2.24748
           0.24209
          -3.77859
           0.43748
           1.82863
          -1.51433
          -0.87582
          -3.01917
          -1.95744
          -1.16112
          -0.41233
           1.01872
           1.92058
           0.98264
          -1.36528
           0.55623
           0.36490
          -2.56136
           1.59270
           1.50637
          -0.30479
           1.49167
           1.15187
           2.24764
          -0.09255
          -0.25972
           1.96907
          -2.00673
           0.45657
           0.41227
          -2.88018
           1.97353
          -1.84259
           0.58311
          -0.28067
           0.02192
          -1.33777
           2.66601
           4.13527
          -0.86284
           0.35499
          -0.19543
          -0.33290
           0.01940
           1.91496
           0.34929
          -0.25049
           1.19382
          -0.02063
          -2.64216
           0.00310
          -1.60153
           0.26891
           1.60448
           0.68586
           0.26015
          -0.40918
          -1.20943
          -0.96604
          -0.98505
           2.84844
          -0.77742
          -0.08616
          -1.99810
           0.92556
          -0.35597
           0.32745
          -1.49027
           3.59995
           0.37479
           0.92957
          -0.74276
          -2.32623
          -1.07455
          -2.30152
           1.51844
          -1.42656
          -0.60253
           0.34154
           0.78516
               NaN
           1.97053
          -1.19690
          -0.51566
          -3.50560
          -0.62097
          -0.30723
          -2.35429
          -3.37961
           0.04607
           1.46340
           0.03576
          -0.15073
          -2.02035
          -1.74026
           0.32873
           2.52408
           0.47094
           2.94887
          -1.22066
          -0.85952
           1.23149
          -3.92439
          -0.17214
          -0.72239
           0.68720
          -0.44045
          -2.45460
          -4.08708
          -1.68099
          -0.05666
           0.09312
           1.48584
           0.73513
           0.44342
          -0.93521
          -0.44620
           0.21113
          -0.42716
           0.19518
           1.77367
           0.83541
          -0.58938
           2.93598
          -0.54452
           0.46069
           0.61847
          -1.70007
          -0.72830
          -1.18223
          -0.72619
          -2.38756
          -1.63865
           1.64983
          -0.66089
          -1.52250
           1.11765
           3.07408
           0.54573
          -0.74961
          -0.82445
           1.72181
          -1.14708
           1.26020
          -1.34106
          -0.49408
           1.15930
          -1.82356
          -1.36658
           0.26072
               NaN
          -2.31285
           1.25021
           1.93320
           2.07842
           1.61151
           0.00320
          -0.07048
          -2.26155
          -0.26295
           0.73618
          -1.68616
          -1.41649
          -0.57346
          -1.78378
           0.86974
           0.85776
          -2.14836
          -2.39783
           1.40891
          -0.77076
           0.30723
          -1.76859
          -2.43590
           2.25720
          -2.27878
          -0.70353
           0.57462
           1.43653
           0.01672
           2.41263
          -0.02307
           1.99200
          -2.29207
           1.72502
          -1.30666
          -2.06975
          -0.83158
          -1.71511
           2.44165
           1.25170
          -1.83225
           0.52450
           0.52144
           1.18661
           0.51239
           0.02129
          -2.88352
           0.77224
          -0.56230
          -0.75640
           2.49794
          -0.08802
          -2.04068
          -1.70810
           2.53334
          -2.76289
           0.10518
           0.45611
           0.34674
           0.13154
           1.26080
           1.53794
           4.10645
          -2.57434
          -2.12772
           1.84455
          -2.37093
           2.56888
           0.82553
           2.38150
          -1.90776
          -0.38878
           0.78762
           3.94207
          -3.13969
           0.16369
          -1.99975
           0.01981
          -1.23568
          -3.41793
          -1.29679
          -0.05369
           1.92525
          -2.79681
          -0.81142
           1.45066
           0.92225
          -2.53461
          -0.88636
           0.82727
           0.00971
           0.62794
          -0.43868
           3.84676
          -0.99607
           2.18207
           0.77445
           0.36734
          -1.31801
           0.96772
          -1.24204
           0.21532
          -0.08177
          -1.07450
           1.48739
           0.10638
           0.42244
           0.47998
           0.82806
          -0.12933
          -1.52312
          -2.06062
          -2.02986
          -2.21283
           0.44704
          -0.03083
           3.15654
          -0.60593
          -1.53995
          -2.13200
           2.48929
           1.60059
           0.90703
          -2.86232
          -1.35271
           0.02309
          -1.66250
           1.18147
          -0.68221
          -1.26215
          -3.83871
          -2.17233
          -3.54586
           2.53577
           0.05267
           0.96910
          -0.77592
          -1.35025
          -0.06230
          -0.65447
          -2.02464
           0.23174
           0.84915
           0.73918
          -1.43002
           0.98374
          -0.09996
          -4.00546
           1.20469
           1.79956
           1.02511
           0.22724
          -2.21491
           2.33258
          -0.47636
          -4.28756
           2.29475
          -1.19018
           0.56772
           1.70535
          -0.86975
           0.64442
           1.15228
          -1.36035
           0.69611
          -0.04418
           0.36975
          -2.28600
           0.63396
           1.25958
           2.99245
           0.05596
           0.18822
           1.28496
           0.27771
          -1.13514
          -0.28005
           0.39758
           0.68411
           0.32189
          -0.03188
          -0.51791
           0.08802
          -0.88328
          -0.53121
           2.02140
          -0.87163
           1.96309
          -1.16933
          -0.77883
          -1.78160
           0.05827
           1.87208
          -0.93752
           3.12416
           0.83351
           0.22203
          -2.94690
          -1.84985
           0.29500
           2.02601
          -0.38245
           0.17932
          -1.54281
          -2.03290
          -0.17305
           1.15746
           1.92349
           0.85440
          -2.91785
          -0.61916
          -1.47633
          -1.74051
          -2.05103
           0.25594
          -1.94337
           3.13524
          -1.17261
           0.50168
           0.63551
           1.16148
           1.23369
          -3.70336
          -0.92036
          -2.66544
           1.01565
          -1.83208
           2.39557
          -3.41140
          -1.74267
           3.45204
           2.70994
          -0.83010
           1.24104
           0.87882
           3.30305
          -0.30562
           0.33273
          -0.98753
          -1.14450
          -1.47905
          -0.30584
          -1.21139
           1.38689
           1.41165
           0.27072
           0.06969
          -2.29586
           0.43766
           2.09771
          -2.15494
           1.20296
          -1.80011
           0.29023
          -0.17247
           0.98026
          -2.76668
           2.74923
           2.64725
          -2.11846
           1.61892
           2.53102
          -0.46110
           0.90956
           1.35971
          -1.85712
           0.88799
          -3.44148
           1.16240
          -2.73759
          -2.85707
           2.96366
          -0.46731
           1.80171
           0.11011
          -1.89465
           0.28110
          -0.69607
          -0.62361
          -2.78283
          -0.79744
           0.07401
          -0.39609
           0.33697
           3.10059
           1.80968
           2.37628
           2.70247
           2.16076
           2.10039
          -0.08601
          -0.86463
          -0.06081
          -4.13528
          -0.53923
           1.91415
           1.51787
          -4.30030
           1.67194
          -1.57271
           3.95347
           2.21535
          -2.98368
          -1.81240
           0.32274
          -1.41659
           1.28093
          -1.22272
           3.62625
          -0.50742
           1.33088
          -2.77113
           0.41261
          -2.57407
           0.05910
          -1.83088
           3.52621
          -1.15176
          -0.00497
          -0.12546
           1.94605
           0.61553
           2.22254
          -0.72922
           0.02649
           1.11790
           0.92127
          -0.93653
          -3.92344
           0.57420
          -0.14140
           0.17990
           0.42366
           0.44504
          -1.12268
           2.50187
           0.76073
          -1.73195
           0.52836
           0.74905
          -0.43958
           1.23868
          -1.83220
          -1.14213
          -1.29211
          -1.39581
          -1.11745
          -1.71238
          -2.68960
          -2.72250
           0.71835
           2.18056
           0.71006
           0.17842
           1.13253
           2.45019
           2.87403
          -3.22759
          -0.08374
           1.22577
          -1.93141
           0.68111
           1.52600
           2.79962
          -1.78341
           0.10138
          -3.32723
          -1.43523
          -2.47773
          -2.23197
          -0.08304
          -1.47965
          -2.38242
          -0.76455
           2.40035
           2.20035
          -0.37158
          -0.21976
          -0.26962
          -2.10053
          -1.95198
           0.12481
          -0.92801
          -0.60274
           2.02232
          -0.93589
           2.72203
           2.61847
           2.79618
           1.10286
          -0.00180
           1.88329
           3.19487
           1.89131
          -0.89485
           0.59185
          -1.71759
           0.21191
           1.37372
           1.52680
          -0.76650
           0.63150
          -1.17592
           0.07270
           2.40780
           0.57088
           0.99728
           1.98232
           1.19852
          -1.73141
          -0.02981
           1.89442
          -0.50278
           0.60782
           1.43136
          -4.34148
           1.03623
           1.96919
           0.78220
          -3.18126
           2.46437
          -0.12299
          -3.17807
           0.42590
           0.68017
          -3.03065
          -1.18932
           2.60099
          -1.70167
          -2.53278
          -0.24443
           0.40831
          -1.42316
          -0.49721
          -2.30286
          -2.83904
           3.18888
           0.63497
           0.86417
           0.66470
           0.22196
           0.14533
          -2.16475
           0.35867
          -1.91015
           1.38010
           0.48030
           0.34264
           1.25640
          -1.14692
          -0.67260
           0.58948
           2.08259
           0.83875
           0.98679
          -0.08627
           0.60982
           0.09498
          -4.07221
               NaN
          -1.07493
          -2.11615
          -1.73328
          -0.24325
           2.88404
           1.18623
          -1.49306
          -0.23743
          -0.48365
          -0.04435
           3.93689
           2.36339
           1.06396
          -1.88378
          -3.09289
          -0.02437
          -2.47597
           2.90055
           1.62843
          -0.19183
           0.92841
           1.72595
           1.80892
          -3.81762
           1.85970
          -0.23738
          -0.27271
           0.94512
          -0.48715
          -1.98250
          -0.09449
          -1.52474
           0.46842
           0.43499
          -0.60437
          -1.18303
           2.44682
          -3.23945
           0.31186
          -3.11618
          -0.51499
           2.16158
           0.85439
          -1.06877
          -1.72464
           1.19369
           2.02515
          -0.75250
           1.37147
          -1.50012
          -0.41998
          -0.94716
          -0.55143
          -3.60868
          -0.41255
          -0.50829
          -1.23083
           1.05739
           2.84580
           2.21989
           1.84462
          -0.18321
           1.09662
          -0.99822
          -2.40062
           0.14780
          -1.82536
           3.70478
          -2.47057
           0.12464
          -2.32602
          -0.14286
          -1.81697
          -0.50008
          -1.94514
          -0.07498
          -2.20234
          -1.30310
           0.62267
          -2.03080
          -1.93582
          -1.61400
           0.07398
           0.06174
          -1.75341
          -0.59190
           0.37111
          -1.31906
           0.22550
          -1.47914
           0.19393
           1.50326
           0.50142
          -1.03947
          -1.21229
           2.25591
           1.13656
           0.76794
           0.02954
           2.84111
          -1.48720
           0.35460
          -2.65624
           0.29176
          -0.33104
           0.20811
           2.45341
          -1.47036
          -0.94406
           0.34233
           2.14092
          -0.39218
          -0.83531
          -0.22534
          -3.07918
           1.00108
           2.56016
          -0.41063
          -0.69531
           0.64530
           0.16439
           0.98365
          -0.49600
           2.50239
          -0.17730
           1.61258
           2.76524
          -1.82775
           0.74741
           2.39697
          -3.24913
           2.00261
          -2.38564
           0.29815
           1.07873
          -2.47100
           0.28202
           0.21361
          -0.32537
           0.39535
           2.78285
          -0.24482
           2.22485
           2.54766
          -1.34761
          -1.81376
          -0.84732
           0.00387
           0.48931
          -0.99746
           1.42639
           0.17643
           1.32060
          -1.01895
          -3.28800
           3.28287
               NaN
           2.80352
          -1.07594
          -0.34908
           0.81872
           0.32228
          -1.70356
          -3.55845
          -1.08173
          -0.70836
          -1.37143
          -0.18000
           1.01003
           1.32748
           1.19078
          -0.53022
           0.76808
          -0.33570
           1.40486
          -1.73107
          -2.57575
          -1.77388
           0.50798
          -2.42229
           1.37907
          -0.30167
           1.07255
           1.40397
           0.24637
           0.24303
          -0.92917
          -0.48255
           0.14234
           1.07084
          -0.09430
          -0.24476
          -1.56708
          -0.27414
           1.83466
          -1.73710
          -1.09468
           0.92076
           4.33890
           0.51146
           2.95005
          -0.07034
          -1.17318
          -0.27271
           0.91479
           1.41667
           1.86468
          -1.57822
          -1.37733
           0.94445
           0.55231
           0.00134
           2.48391
           2.59847
               NaN
          -0.14100
           0.37563
          -3.24070
          -1.64404
          -1.43386
          -1.35111
           1.34332
           0.45496
          -2.27293
