           0.04150
           0.21650
          -0.96234
           0.75172
           0.61779
          -0.07047
           0.89638
          -0.36191
           1.12579
           0.73370
          -0.04450
           1.00933
           0.55108
               NaN
           0.68489
          -1.04491
           0.73183
           0.95725
          -0.98935
          -0.87776
           1.57876
           1.11318
          -0.93184
          -1.38174
          -0.28072
           0.57872
          -0.11722
           0.09472
          -0.37651
          -1.45858
          -0.92025
          -0.56101
           0.37321
           0.05292
           0.55734
           0.37249
           0.97948
           0.12963
           0.37547
           0.81910
          -1.12596
          -0.41067
          -0.53922
          -0.08009
          -0.74616
           0.24411
          -0.29514
          -0.57878
           0.53788
           0.94080
          -0.94745
           2.02544
          -0.89957
          -0.77449
          -0.45817
          -0.34019
          -0.73368
          -0.83489
           0.76615
          -0.06634
           0.92110
          -1.31522
           0.40801
           1.24428
           0.35651
           1.21289
           0.58605
          -0.15867
          -0.14862
          -0.16368
          -0.22053
          -0.17589
           0.05283
          -0.36365
           0.96775
          -0.47182
          -1.38878
           1.10051
           1.04337
          -0.29664
          -1.03887
          -1.38164
           0.89822
           0.60248
           0.70627
          -0.99663
          -0.82949
          -0.04811
          -0.87061
          -0.97990
          -0.14786
          -1.00229
          -0.24828
          -1.09258
           0.94132
           0.01110
          -0.43092
           0.21738
          -0.55198
           1.03848
           0.80413
          -0.36978
          -0.91400
           0.07994
          -0.17209
          -0.62774
          -1.17594
           1.35194
           0.90866
           0.35260
          -0.14423
          -2.00005
          -0.53511
          -1.17560
           0.50713
           0.14454
          -0.54674
           0.52954
          -0.28026
          -0.71984
          -0.56540
          -0.51387
          -0.97493
           0.14557
           0.05004
           0.16247
           1.38756
          -0.26101
           1.67253
          -0.53987
           0.08443
          -0.22141
          -1.00964
          -0.26354
           0.60114
          -0.09983
          -1.01602
           0.12924
           0.15311
           0.63741
           0.51118
           0.38743
           0.50020
           0.75788
           1.00445
           0.24678
          -0.00890
           0.53945
           1.37899
          -1.30015
          -0.18577
               NaN
           1.40133
          -1.34019
           0.24527
           1.08846
          -0.69268
          -0.86509
          -0.12130
          -1.23422
           0.52785
           0.15780
          -0.30750
           0.02810
          -1.25444
           0.32046
          -0.08690
          -0.15998
           0.39087
           0.00767
           0.04782
          -0.03022
           1.52740
           0.48512
          -1.65314
          -1.93463
          -0.93935
          -1.11617
           0.43949
               NaN
          -0.71844
           0.96878
           0.44117
          -1.63484
           0.64941
           0.55562
           0.09291
           0.73275
           2.10567
           0.06344
           0.81472
          -0.41618
           0.04716
           0.18833
           1.35102
          -1.04303
           0.71381
          -0.31034
          -0.68888
          -0.02695
           0.41911
           0.57037
          -1.01813
          -0.54067
          -0.31776
          -0.16200
           0.79101
           0.59703
          -0.60107
          -0.28666
           0.49724
           1.30826
           0.56095
          -0.80115
          -0.40636
           0.07927
          -1.72085
          -1.16588
          -1.48881
           1.16074
          -0.38003
           0.40801
          -0.71448
           0.13064
          -1.57674
           0.42770
          -0.37362
          -1.14328
          -0.98123
           0.07077
           1.71089
          -1.43127
           0.98736
           0.15459
           0.18116
           0.88737
          -0.51490
          -0.42930
          -0.43009
           0.82927
          -0.75572
          -1.19834
          -0.52083
           1.13520
           0.13228
          -0.20220
          -0.21530
          -0.91600
          -0.40614
           0.54290
           0.31243
           0.53744
           1.24637
           0.32621
           0.19647
           0.19706
          -0.55989
           0.38479
           0.55769
          -0.09529
           1.32502
           1.45596
           0.36574
          -1.28549
           2.09860
           1.10856
           0.65878
          -2.00450
           0.59770
          -0.70612
           1.13060
           0.26696
          -0.74141
          -0.83227
          -0.79552
           0.54531
           0.62980
           0.52974
          -2.16356
           1.10481
          -0.08397
           1.77343
           0.94444
          -0.19698
          -0.72565
           0.91147
           0.40897
           0.62077
           0.10444
          -0.53347
          -0.05255
           0.60198
          -0.13936
           0.64330
          -0.06372
          -0.10303
          -0.46464
          -0.74666
          -0.79340
          -0.85167
           1.48150
           1.80011
           0.15824
          -0.02001
           0.46612
          -0.04836
           1.21410
          -1.93225
          -0.67459
          -0.12574
           1.60016
           0.31356
           0.59903
          -1.13015
          -0.68782
           0.11233
           0.71403
           0.49772
          -0.30236
          -1.07814
          -1.02711
          -1.36422
          -1.07369
           1.60844
          -1.36893
          -0.47168
           0.14479
           0.49456
          -0.48118
          -0.13978
          -0.00249
          -0.94943
          -1.42055
           0.28803
           1.04962
          -0.13792
           1.17493
           0.04770
           0.82677
           0.40869
           1.52578
          -0.08878
          -1.89153
          -0.13636
           1.02941
          -1.61891
           0.82403
           0.54520
          -1.24635
          -0.26445
           0.47571
          -0.51937
           0.49483
           0.58093
           0.33639
          -0.52345
           0.29450
           1.16950
          -0.02398
          -0.16021
          -0.33562
          -1.10736
           0.88287
           0.43173
           1.33062
          -1.69961
          -0.63048
          -0.05632
           0.23609
          -1.01743
           0.79853
          -1.34629
          -0.29678
          -0.27086
          -1.47527
          -0.39954
           0.54873
          -0.59993
           0.48151
          -0.17529
           0.43143
           0.24278
          -0.17246
           0.40318
          -0.31533
           0.97465
          -0.73080
           1.79800
           0.21001
          -0.49313
           0.26037
           0.73315
          -0.04027
          -1.01522
           1.18419
          -0.20938
          -1.30796
           0.88438
          -0.60372
          -1.52031
           0.13581
           0.90742
           1.02906
          -0.24801
          -0.59797
           0.36055
           0.33432
          -0.58069
          -0.00385
          -0.05136
          -0.16511
          -0.27642
           0.87872
          -1.42994
          -0.43113
          -0.61524
           0.36701
           1.66258
           0.62035
          -0.04276
          -0.41435
           0.11806
          -0.62446
           1.00701
          -0.73725
           0.21520
          -1.29693
          -1.27551
           0.24697
          -0.43672
          -0.49347
          -0.79159
          -0.66037
          -0.19635
           0.18848
           1.13506
           1.65622
          -1.46783
           0.58997
           0.07441
           0.39401
           0.46767
           2.09826
           1.46987
           0.15169
          -1.99349
           0.68970
           1.33006
           0.11587
           0.14486
           1.02198
           1.06254
           0.51038
          -0.96840
          -1.15118
          -0.57804
           0.06535
          -1.58970
          -1.01201
           0.07152
           0.34936
          -0.46749
           0.31435
          -0.61788
          -1.07338
          -0.61209
           0.41193
           1.28971
           0.19124
           0.02687
           0.55531
          -0.78740
          -0.84507
          -1.18510
          -1.12230
           0.50040
          -1.28283
          -1.22817
          -0.28088
           0.69731
          -1.02238
          -0.37100
           0.48224
          -1.47121
          -1.37340
           0.32170
           0.78727
           0.54969
          -0.04647
          -0.00438
           0.66706
           0.92023
          -0.18240
           0.20490
               NaN
          -0.45269
           0.12303
           1.36845
          -0.52720
           0.97821
          -0.10026
          -0.63224
          -0.25604
          -0.09878
           0.85144
           1.51212
           0.17250
          -0.72886
          -0.96656
           0.02752
           0.19225
          -0.09864
           1.36684
           0.48619
           0.51586
               NaN
          -0.15192
          -0.67689
           0.61863
           0.67307
          -0.52621
          -1.02812
           0.18237
          -0.65791
           0.01019
          -0.48624
          -0.05873
           1.29369
          -1.00386
          -0.53332
               NaN
          -0.40948
           1.32375
          -0.29194
           0.19402
           0.60227
          -0.15119
          -0.67205
          -0.22459
          -0.03801
           0.86527
          -1.43029
           0.61200
          -0.50697
          -0.83800
           0.44933
           0.43481
           1.17185
           0.45329
           0.20854
           0.03792
          -0.27683
           1.29392
           1.24589
          -0.19164
          -0.18385
          -0.03751
           0.53620
           1.34333
           0.57918
          -0.18135
           0.21979
           1.44248
          -0.26606
          -0.17757
           0.63265
           0.83771
          -0.61063
           0.96071
           0.19606
           0.34464
           1.13358
           0.88001
          -0.50314
           0.37119
          -1.01672
           0.61776
           0.05770
          -1.47140
           0.74872
           1.37558
          -0.35417
           0.00740
          -1.02683
           0.55258
          -0.33729
           0.50791
           0.83114
          -1.04347
           0.26189
           0.39479
          -0.59456
           0.79230
          -0.58485
           0.26934
           0.28718
          -0.50339
          -0.37457
           1.74812
           0.31637
           0.14320
           2.14711
          -0.53751
           0.33083
           0.15931
          -0.66299
          -0.92578
           0.45402
           0.14245
          -0.19132
          -0.19816
          -0.78846
           1.44972
           0.35265
           0.23658
           0.18917
           0.08691
           0.05303
           0.08980
           1.57989
           0.43493
           0.12027
          -1.01200
           0.64822
           0.76479
           0.42011
          -1.16288
           0.61861
           0.35990
           1.12030
          -0.67093
           0.03260
           1.17421
          -0.12007
           0.44162
           0.04852
          -0.43171
           0.04539
           0.21158
          -0.53265
           0.93737
           0.14510
          -0.26520
          -0.70920
          -0.74971
          -0.76322
          -0.03825
           0.96546
          -0.84685
          -0.26182
          -0.07277
           0.71135
          -0.73757
          -1.05306
          -0.49814
           0.80132
          -0.23590
           0.33532
           0.33259
          -1.85161
           0.00061
           0.41196
          -0.12027
          -0.88509
           1.11800
           0.12253
           0.18188
           0.54249
           1.41220
          -0.07581
           0.74771
           0.55625
           0.97010
          -0.75328
           0.15558
          -0.41138
           0.76379
           0.25686
          -0.27100
          -0.52268
           1.35866
          -0.32787
           1.30849
           0.05713
           0.57149
           0.99200
           0.38473
          -0.83866
          -0.26741
          -0.59034
           1.26872
           0.63136
          -0.72644
          -0.82559
          -1.07309
          -0.43491
           1.76112
           0.38329
           0.22713
          -1.11431
          -0.51905
           0.94840
          -0.40851
          -0.08215
          -0.31874
          -0.20014
           0.61324
          -0.15935
           1.21852
          -0.28212
          -1.35504
           1.21581
          -0.14240
          -1.36553
          -0.10464
          -0.01948
          -1.70542
           0.13615
          -0.35709
           1.16442
           1.90275
          -1.14156
          -0.57922
          -0.08407
          -0.62191
           0.50426
          -0.96641
           0.58491
          -0.74225
           1.69791
           0.69735
           1.11946
          -0.79555
           0.52777
          -0.55688
          -1.26320
           1.39459
           0.74105
           1.04540
          -0.24527
           0.10956
          -0.14707
          -0.07443
          -0.27869
           0.93448
          -0.12997
          -0.14356
          -0.21701
           0.36999
          -0.79411
          -1.00364
          -0.69482
           0.12866
          -0.04497
           0.26299
               NaN
           0.12179
           0.63745
           1.34051
          -0.91905
          -0.00253
           0.18267
           0.75493
           0.17788
           0.12550
          -0.39514
          -1.05978
          -0.32174
          -0.43926
          -0.37017
          -0.62626
          -1.35874
           0.18299
           0.93714
           0.69637
           0.27728
           0.60816
           0.58680
          -0.73619
          -0.14632
          -0.52215
           0.20172
          -1.36481
           0.18482
          -1.17821
           0.00869
          -1.31413
          -0.90318
           0.27712
           0.26307
           1.26661
           1.00558
           0.09237
           0.09823
          -0.86702
           1.00796
           0.77097
           0.23000
          -0.61666
           0.50442
          -0.19153
           0.48603
           0.47218
          -0.05249
           0.09425
          -0.03848
          -0.27913
          -1.11496
           1.26912
           0.79610
           0.77057
           0.61055
           0.53273
          -0.27403
          -1.01545
          -0.21514
          -0.47612
           0.77846
           0.12499
           0.00550
           1.45766
          -1.03948
           1.97748
          -0.62280
          -0.71392
          -0.46459
          -1.09849
           0.01935
          -0.63053
           0.81925
           0.48422
          -1.58579
           0.15465
          -1.30937
           0.81568
           1.26879
           1.59548
           1.08756
          -1.01029
           1.33962
           1.15664
          -0.24934
          -0.27015
          -0.86376
          -0.59272
          -1.35838
          -1.35655
           1.44704
           0.10746
          -0.84898
          -0.58033
           1.45776
           0.05402
           1.25965
          -0.60244
          -0.44657
           0.97925
          -0.50065
           0.36462
          -0.22691
          -0.69907
          -0.48006
          -0.00133
           0.62887
           1.21971
          -0.45882
           0.32519
           1.23783
           0.59084
          -0.05677
           0.04984
           1.14461
          -1.12326
          -0.15820
          -0.51664
           1.10045
           0.34531
          -0.32948
          -0.14607
          -0.12800
          -1.23209
          -0.18735
          -1.66142
          -1.53903
          -1.33511
          -1.26860
           0.24228
           0.73411
           1.02955
           0.55936
           0.62261
          -1.85341
           0.45008
           0.32663
           1.17377
          -0.06879
          -0.38516
          -0.57191
           0.78190
           0.55548
          -0.59753
          -1.92382
          -0.12600
           0.33079
          -1.62404
          -0.44573
          -0.33117
          -0.19768
          -0.30640
          -0.77924
          -0.56417
          -0.02333
          -0.37713
           0.79671
          -0.18742
          -1.11475
           0.42365
          -1.28784
           1.56346
          -1.50922
           0.83624
           0.11601
          -1.13965
           0.01878
          -0.40775
           1.59762
           0.84536
          -0.52748
           0.10961
           1.52413
          -0.57387
           0.60029
           0.05737
          -0.67616
          -0.52126
          -0.42712
          -0.59974
           1.08474
           1.07926
           1.49822
           0.06898
          -0.37853
           0.85397
          -0.31290
          -1.77375
          -0.06454
           0.50515
           0.74403
           0.21754
          -0.40283
           0.42743
           1.27107
           0.72423
          -0.59988
          -0.90663
          -1.79554
          -1.41625
          -0.78560
           0.24046
           0.29273
          -0.07168
           1.19542
          -0.76318
           0.65660
           0.06033
          -0.92014
           0.83911
          -0.39984
          -0.23480
          -1.25526
          -0.42808
           0.48522
           0.37002
          -0.97322
           0.08007
           0.92034
           0.90051
          -0.51787
           0.04725
          -0.33687
           0.34271
           1.69499
          -0.97525
           0.49321
          -0.90107
           0.66197
          -1.32569
           0.68741
           0.65051
          -0.39327
           0.38479
           0.48725
          -1.20703
          -0.77992
               NaN
          -0.08480
          -0.59176
          -0.29494
           0.86236
          -0.76953
          -3.15461
           1.77043
          -0.45697
           0.15495
          -0.97828
           1.60942
          -0.83981
           0.03097
          -2.01099
           0.61230
          -0.54017
           0.06375
           2.14200
           2.37332
           2.30329
           1.43996
          -3.48667
           1.62512
           1.41973
           2.14814
          -2.55142
          -1.97108
           0.96824
           2.18597
          -2.10126
          -1.26142
           1.57807
          -2.98643
          -1.63682
          -0.07391
           0.32980
           2.27067
           2.46233
          -1.65731
          -1.07361
           0.84417
           2.10593
          -0.22473
          -2.21951
          -3.28030
           2.95838
          -0.23261
           0.08300
          -2.47803
           0.46912
           0.58982
          -1.35046
           1.66583
          -0.65607
          -1.44789
           0.48558
           0.16304
           0.99413
           1.00031
           0.71893
           1.21236
           2.17412
           0.66741
           0.62065
           3.47440
          -2.17175
          -0.26920
           0.14083
          -1.63834
          -0.99741
           0.21738
          -0.39677
          -2.20442
           0.70985
           0.04811
           0.10014
           2.88129
           0.71422
          -1.73589
          -0.27544
           2.43725
           3.09840
          -1.20863
           0.24528
          -0.28362
           1.78707
           0.10799
           0.32492
          -1.45344
          -1.17728
           2.25296
          -0.09877
           1.38795
           1.24214
          -0.85931
           0.53392
           0.59707
          -1.82604
           3.82234
           2.37614
          -1.37984
           0.09575
          -0.41439
          -0.80052
          -0.21168
           0.32074
           0.08872
          -1.39518
          -2.43585
          -0.47255
          -1.76548
           1.59186
          -0.77606
           0.95049
           0.46364
           0.66506
           2.49606
          -0.66804
           0.37281
          -0.90034
           2.57223
          -1.75323
          -1.44039
           2.87944
           1.94343
          -1.30734
           0.11226
          -3.21554
           1.20291
          -0.57308
          -0.16453
          -1.99319
           0.88999
          -0.96569
           0.69436
          -1.37369
          -0.14631
           2.38324
           0.93825
           0.03393
          -0.45818
           1.45025
          -0.47759
           0.63684
           2.14681
          -0.57032
           2.21302
          -2.69050
          -0.32073
           1.78637
           0.51951
           2.22502
          -2.39803
               NaN
          -0.97288
          -1.52604
           2.04141
           0.19964
           2.74794
          -2.26437
           0.96126
          -1.52071
           0.93144
           1.23479
           1.85778
          -1.33634
          -1.17615
          -1.62793
           2.39136
           3.04890
           0.68722
           0.44363
           0.87009
          -0.38432
           1.51853
           3.75214
           1.58369
          -1.13783
           1.12665
          -0.80898
               NaN
           1.54138
           1.73667
           1.57951
          -1.72449
           1.60070
           0.95990
           0.32268
           1.75772
           0.50781
          -0.26690
          -0.51118
          -0.26840
          -0.07894
           2.44269
          -0.26274
           1.61454
          -0.70713
           1.34890
          -0.28551
          -0.02032
          -1.61274
           2.18717
               NaN
          -0.36036
          -1.37262
          -0.87834
           1.85964
           0.75282
           0.54602
           1.32908
          -1.22170
          -1.90730
          -0.07633
          -0.07586
          -0.40317
          -1.47943
          -1.90435
           3.62954
           1.26378
          -1.51888
          -1.29558
           2.82616
          -1.65052
          -1.05680
          -0.68048
           1.02143
           2.31028
          -0.41859
           3.14096
          -1.34215
          -1.02766
           2.64384
           1.71480
           2.04189
          -0.82335
           0.86264
           0.13235
           1.61866
           0.02693
          -0.62381
          -1.38348
          -0.54295
           1.31174
           0.05364
          -0.75298
           0.71728
           0.74468
          -2.57717
          -2.41704
           2.18493
           0.01767
           0.95705
          -1.65953
          -0.94912
           2.13522
           2.02790
          -1.38652
          -1.25207
           0.89009
           0.13721
           2.36630
          -0.00028
           0.82096
           0.57470
          -1.76131
          -1.36137
           0.50621
           1.29621
          -1.53806
          -1.30670
          -1.46940
           2.99077
           0.79067
          -1.69068
          -0.58540
          -0.28822
           1.05015
           0.39602
          -0.72474
          -0.15364
           3.21577
          -0.68464
           2.17192
          -2.17026
          -0.05632
          -3.03857
          -0.10745
           0.51030
          -2.95557
          -0.36728
          -0.14150
          -1.51719
          -0.71451
           1.54703
           0.57850
           1.04536
          -0.39775
          -1.61017
          -2.24042
           0.10356
          -1.23685
           2.67555
           1.54188
           2.48139
          -2.45419
          -0.56997
          -0.46184
          -2.18330
           1.38081
           0.23838
           0.74345
          -0.42668
           2.84750
          -2.12121
           2.12194
           3.07785
           1.39599
          -2.76004
          -0.12253
           0.92340
           1.95508
          -2.60398
           0.72478
          -0.88509
          -0.28731
           2.65775
          -1.06254
           0.29612
           1.21357
          -1.26431
           2.10274
          -0.50570
           2.64558
          -1.49254
           2.22177
           3.37141
           3.46143
          -0.82604
           0.18441
          -0.95681
           0.16908
           0.03083
          -2.53443
          -0.05845
           0.19331
          -0.36486
           0.09537
           1.02156
          -2.21134
          -0.69182
           0.62491
          -1.67203
          -1.36572
           1.49174
          -1.60830
           0.04429
           2.10324
           1.12640
          -1.04419
           0.98904
           1.73812
          -1.11870
           1.16567
          -2.32358
          -0.61818
           0.73696
           1.69746
           0.51474
          -0.87488
           1.04077
           2.26690
           0.21013
          -1.21808
           0.92828
          -0.53123
           1.34226
           0.06755
          -1.66688
          -0.05532
           1.97850
          -1.61882
           2.00521
          -0.35081
           2.04894
           0.87038
          -1.03836
           1.73345
          -0.66556
           1.26260
           1.63240
           2.37204
               NaN
          -0.62679
          -0.68231
           0.69905
          -1.55553
           0.70414
          -1.31013
          -0.58953
           3.28772
          -0.27877
          -1.27688
          -0.94510
          -0.58196
           1.51834
           2.37359
           1.76019
           2.35423
          -0.21632
           0.48711
          -1.41170
           0.06203
           0.66169
           1.38018
           0.11540
           2.66956
          -2.32711
           1.25774
           2.99330
           2.32825
          -0.86513
           0.40140
          -2.91986
          -0.31786
           0.99849
          -0.16812
           2.14335
          -1.65590
           2.70643
          -0.86761
           2.76487
           0.43009
           0.68774
           0.66349
          -0.90409
           0.02199
           1.14074
           0.71555
          -0.01517
          -0.68739
           0.12788
           0.96100
          -0.08594
           0.92346
          -0.42887
          -0.33782
           0.31406
          -1.71862
           1.83412
           1.04333
           0.20222
          -1.68367
          -1.22156
           2.88650
           0.00990
           0.17243
           0.55372
           0.76423
           0.33128
          -0.87175
          -0.22178
           0.99439
          -1.46473
          -0.26862
          -2.35988
          -2.09381
           3.22471
           0.54589
           2.55367
           0.38798
           1.40924
           1.07219
          -3.50522
          -0.35677
           1.71168
          -1.39233
           1.83816
          -0.27557
           2.34948
          -1.67583
           1.56865
           3.04157
          -0.32824
          -1.19834
           0.01775
          -0.08855
          -0.09696
           0.14038
           0.56999
           1.16667
          -1.20390
          -2.65487
           0.00799
          -2.13857
          -2.11068
          -0.17153
           1.27421
           0.34060
           1.90849
           0.37024
          -0.56015
          -1.14283
           2.02123
           2.13216
           1.39392
           0.20465
           0.06141
          -0.04228
          -1.75304
          -1.22730
           0.83345
          -0.58239
           1.37569
           1.65409
           0.75401
           1.06101
          -2.13739
           0.55589
          -1.40377
           2.15249
          -0.41691
          -1.67563
          -2.21397
          -2.68713
          -1.00691
           0.99156
           0.52371
           3.11999
          -1.75755
           0.97494
          -1.44021
          -3.40295
          -0.96572
          -0.19278
           0.30295
          -0.76506
           0.73497
           0.78755
          -1.53874
          -3.76322
          -2.50943
           0.53808
           0.97312
           0.57768
           0.78579
          -1.38674
          -0.69832
           1.99497
          -0.28587
           0.99504
           0.43876
          -0.55187
           0.04348
               NaN
          -0.33091
           0.31776
          -0.70598
          -1.99177
          -0.22509
          -0.52373
          -0.63534
           0.90785
          -2.25082
          -0.33878
           0.26702
           2.64018
          -0.10822
           0.90655
          -1.34506
          -0.53694
           1.19272
          -1.18671
           0.66366
          -0.44262
           1.12815
          -1.04352
           0.42297
           0.90847
          -1.48102
           3.18103
          -0.80563
           0.34760
          -1.02649
           1.01285
          -1.11855
          -0.83453
          -0.52437
          -0.52633
          -2.10481
           1.23820
           1.50054
           0.71672
           2.00044
           0.98353
          -2.96808
          -2.14945
           0.00246
           0.57035
          -1.57352
           0.23162
           1.52447
          -1.45323
           0.00366
          -1.17326
          -0.85814
           0.66276
           1.78669
           1.73350
           0.61955
           1.72360
           0.11228
           0.17719
          -2.01812
          -0.97013
           3.90156
          -0.37324
          -0.48445
          -2.50620
          -1.08551
          -2.61473
          -1.61396
          -0.32496
          -1.09258
           0.07159
          -1.58644
          -0.92572
           0.58718
          -1.12961
          -3.48849
          -1.68849
           3.26787
           1.19620
          -1.92914
          -1.03988
           0.43367
           1.90131
           3.40601
          -1.82175
           0.46705
           1.03300
           1.70998
           1.00805
           0.73989
           0.92761
           1.43449
           0.05055
          -0.90957
           0.56787
          -0.61135
           0.25494
          -0.80180
           0.54701
           0.99446
          -0.70036
           2.78162
          -1.68005
          -0.47752
          -0.06867
          -0.08037
           0.12654
           0.59594
          -1.05592
           0.64375
           0.03183
          -1.08037
           1.24729
          -0.34085
           1.78796
          -2.04852
          -0.99651
          -0.35428
          -2.06932
          -3.08088
           0.99886
           0.73338
           1.96215
           4.28879
          -0.03309
           0.01127
               NaN
           0.07104
          -0.80216
           0.99501
           1.55760
          -3.33308
          -0.35005
               NaN
          -1.78984
           1.11517
           0.99771
          -1.84654
           1.57128
          -1.49487
           2.59331
           0.17840
          -3.75322
           2.73441
           0.81936
           0.73377
           1.14944
          -2.85075
           0.13699
          -0.16082
           0.59458
           0.51840
           1.37544
          -0.24650
          -0.86229
           2.33126
          -0.64176
          -0.80544
          -3.32890
           0.61603
          -0.15256
          -0.13665
          -0.47983
           1.69989
           2.90666
           2.36380
          -1.41837
           1.76368
          -0.76616
          -3.12417
          -0.20513
           0.02605
           1.21516
          -0.52103
           0.60957
          -0.45998
           1.55445
          -0.66007
           0.76625
           1.95420
          -2.69295
          -1.15728
          -1.12845
          -0.41008
          -0.12710
          -0.74728
           1.48515
          -1.25832
           2.11647
          -2.47122
           2.68886
          -0.21537
           1.64422
          -1.35504
          -1.53139
           3.92902
          -0.56202
           0.64060
           0.68574
          -2.93857
          -0.11224
           0.10659
          -1.61609
          -0.89274
          -0.67960
           0.47659
          -2.89727
          -4.22603
          -0.75693
           2.08776
           1.88986
           1.54331
          -0.91107
          -1.39163
          -0.68884
           1.52028
           1.55769
          -1.33420
           0.03494
          -0.18085
          -0.24751
           2.48888
          -0.69210
          -0.18823
          -1.48486
          -0.76628
           0.72762
           0.32647
           1.39523
          -0.01574
          -0.45869
           0.92269
           1.76070
           0.11406
          -1.50724
          -0.10799
          -0.62934
           2.69406
           1.94710
           3.04010
           0.84437
          -0.92084
          -1.19891
          -1.38550
           0.88683
           3.07885
          -0.06247
          -0.06580
           0.84572
          -1.32039
          -1.44078
          -2.64032
          -0.04960
          -0.63407
           0.27607
          -0.50736
           0.17738
           1.69261
           2.40729
          -0.18355
          -0.97781
           1.86534
           0.00853
           1.48092
           1.69504
           2.90867
          -0.81676
          -0.02305
           0.49714
           3.99791
           0.69393
          -2.46409
          -0.14060
          -2.74995
           0.77835
          -1.31074
          -0.94108
           3.19188
          -1.67285
           2.22657
          -0.22643
           0.02159
           2.76096
          -2.24881
          -2.08591
          -2.08537
          -1.50375
          -3.87524
          -2.35107
          -1.18861
          -1.81365
           0.66318
           1.07096
           0.97819
           1.79523
           3.53858
           1.26771
           0.38856
          -0.40579
          -1.63672
          -2.55398
           2.40551
           0.38294
           1.60211
          -1.64470
           1.37186
          -0.18944
          -3.68730
           1.41936
           0.78016
           0.28388
          -0.03924
           1.76916
          -2.17248
          -1.51445
          -0.61877
           1.98654
          -2.08582
           1.03176
          -0.09199
          -1.12307
           0.97879
          -1.11849
           0.44687
          -1.65449
           2.05619
          -0.83177
          -0.60227
           0.59356
           0.99987
           2.13880
          -0.75358
           0.59724
          -1.19004
           2.52863
          -0.46221
           0.47020
          -2.15125
           0.47192
          -2.42114
           0.26807
          -2.06493
          -0.80248
           0.55088
          -1.00740
          -3.37179
           0.17420
           1.00523
          -0.50309
          -1.37815
          -1.73444
           0.66306
           1.96067
          -0.15325
           0.40358
           1.43099
           0.11311
          -1.56888
          -1.21641
           1.90944
           3.21040
           1.85322
           2.43733
          -0.52364
           0.85407
          -1.74773
           2.94768
          -1.23022
          -1.46934
          -0.28561
           0.03884
           0.07859
          -1.98976
          -2.53160
           1.29423
           1.26013
          -4.22678
          -0.54827
           0.34719
          -1.82929
           0.56755
          -3.50719
          -0.32854
           0.72509
           1.40984
           0.25169
          -1.79872
          -0.38021
          -2.67956
          -1.18401
          -0.49305
          -0.24489
           0.19655
           0.25624
          -1.03112
           3.35536
           4.00052
          -1.08714
          -0.28452
           0.00148
           0.47079
           2.36405
          -2.32179
          -3.63542
           1.30153
           4.34487
          -1.90938
           2.17444
           0.36882
           0.02997
           1.89858
          -0.40370
          -2.32255
           0.54837
          -1.66218
           2.50203
          -2.43798
           1.14316
           2.22156
           0.91117
          -1.43385
           2.54372
          -2.45337
           0.97491
           2.34306
          -1.24111
           1.30893
           0.76926
          -0.36875
          -1.58999
           0.03962
          -1.60605
          -3.24330
          -0.87563
          -0.08682
          -0.86625
          -2.02710
           2.82618
          -0.04055
          -2.69561
           1.84497
           2.95243
          -1.76746
           0.54718
           1.10275
           2.57913
           0.22041
          -3.26575
          -2.66935
          -0.01878
          -1.39090
          -3.35668
           0.60496
           4.60096
          -3.92563
          -4.25004
           1.99869
          -5.64084
           1.96788
          -8.00495
          -3.37480
          -0.26821
          -5.24880
          -0.88174
               NaN
          -1.45134
           7.05165
          -7.24137
          -3.66388
           6.76955
           6.88880
         -10.94600
          -7.91224
           6.00227
           9.61866
          -0.58811
          -4.34696
           2.25135
          -3.43101
           0.41311
           7.63247
           5.23007
           5.35469
           0.44628
          -1.93086
          -4.05300
          -1.13492
          -3.29546
          -0.91605
          -4.19635
          -7.49557
           9.07316
           1.94604
           2.94955
          -2.04807
           4.50514
          -0.70878
           0.21551
           4.79158
          -3.54186
          -6.39020
           5.50768
         -11.04405
           5.81230
           5.18570
           3.19905
           3.04697
           6.18892
           5.10613
          -3.55223
           3.86177
          -7.05806
           6.63533
          -2.05349
          -8.29831
          -2.88043
          -6.39141
          -3.54748
          -1.35231
           1.52695
           0.99834
           1.28436
           3.86906
           0.44347
           0.17863
          -5.51616
           5.03903
          10.61730
          -7.04912
          -5.42383
           1.29222
           7.36455
           7.43419
          -4.56959
          -4.64410
          -4.95841
           7.65049
           4.32756
           1.71507
           5.92906
           4.29673
           1.32839
           5.92083
          -0.51796
           9.86085
          -2.79790
          -1.43620
           2.46916
          -1.55806
           2.13037
          -5.83175
          -4.04518
           2.15460
           3.39150
          -2.84412
           0.45758
           1.50603
           7.86807
          -8.11284
          -4.02743
          -1.44304
           1.44479
          13.16656
           2.17664
           6.59142
          -3.60566
           1.80130
           1.13329
          -4.23937
           4.41534
           5.83102
           1.68218
           2.87249
           1.78632
           0.49997
          -0.80338
          -0.95460
          -9.43194
           2.30052
         -10.05283
           3.62090
          -1.82281
           1.03244
           7.87748
           2.38676
          -3.21591
           0.09640
           6.93254
          -1.09590
          -0.18704
          -1.33724
          -3.31411
           0.08270
          -5.31234
          -4.40981
          -3.73212
          -0.81506
           2.29533
          -5.24065
         -11.64573
           5.82920
          -0.50715
               NaN
          -7.47689
           9.97879
          -3.53478
          -4.95274
           2.14171
           5.55815
           1.91948
           8.50405
          -4.14167
          -1.96554
          -0.01729
           2.24353
           9.88720
          -1.03123
           0.94414
           1.74244
          -2.47923
           1.47741
           3.55405
           1.77526
          -9.40034
          -1.51407
           7.82147
               NaN
           6.57716
           7.72637
          -0.79917
         -14.33572
           5.56918
          -4.35240
          -2.04506
          10.45954
          -3.01640
          -3.18956
          -0.95857
          -4.21787
         -11.67647
           2.16225
          -4.66932
           3.86985
          -0.93313
           0.35415
          -7.63412
           5.49392
          -5.41115
           3.88010
           8.92978
          -0.11628
          -3.55284
          -3.93111
           7.35450
           3.64835
           2.26265
           2.23159
          -5.44181
          -5.00256
           3.13810
           1.45008
          -3.06855
          -8.52313
          -4.87899
           8.04756
           3.46153
          -1.87770
           7.55820
           9.14714
           6.03643
          -7.32048
           1.34171
          -1.18540
           6.19867
          -1.08388
          11.64535
          -3.57433
           0.97889
           8.84308
           6.97841
           1.71676
         -10.12912
           8.44555
          -5.21633
           0.78061
          -0.90583
          -5.40841
           1.31890
           1.74033
           3.62944
          -4.41699
           3.27579
           7.06644
           3.54140
          -8.58977
          -3.08349
           3.28734
           1.19974
           5.84457
           0.48185
          -3.80716
           0.42408
          -0.85684
          -8.06304
          -2.95896
          -0.15345
          -0.86516
           5.42701
          -2.00869
          -2.20252
           1.08933
          -8.86418
          -9.20817
          -1.47195
           8.15219
         -12.97452
          -7.26526
          -4.93707
          13.75829
          -2.45234
           2.01284
          -6.65534
          -1.66948
           5.03000
           4.84914
           3.46978
          -3.06814
          -0.29374
          -3.48734
          13.69147
          -8.05086
           0.40685
         -12.48482
          -5.09517
           1.56867
           0.76941
          -5.29258
          -2.30203
          -4.75099
          -1.19490
           4.42832
           0.89024
          -2.23821
           0.42532
          -5.03560
          -1.91062
           0.65195
           1.26421
           6.84593
           5.82348
           7.09720
         -10.29483
         -10.42539
          -1.28958
          -2.08014
          -1.12980
           0.49731
          -5.90697
           9.57711
           6.60234
          -1.45614
          -6.81673
           1.39052
          -1.81738
           3.07516
           3.51444
           0.32859
          -1.95555
          -5.15774
           2.39951
           4.74327
           5.14274
          10.00293
           4.53449
          -8.51665
           8.48778
           1.26924
           1.30869
          -3.11392
           5.27217
          -0.71514
           2.28039
           8.58183
          11.19462
          -2.35759
          -5.52228
          -0.22855
          -6.21812
          -0.20800
          -6.85624
          -2.25341
          -8.02816
           0.11946
          10.02870
           1.78787
          -7.68543
           7.70925
          -3.80589
          -4.54762
           5.10657
           2.96281
          -4.12355
           2.80610
          -0.58399
          -2.03007
          -2.83355
           3.81561
           0.15308
          -7.42414
           1.32145
          -1.42504
           1.17139
           6.62150
          -3.16433
          -1.81464
          -8.01378
           9.99584
           5.68649
           0.51567
          -2.46808
           6.35248
          -4.83915
           8.53914
           1.68171
          -0.23672
           7.65596
           4.16596
          -4.53523
           5.26553
          -2.90896
           3.12690
          -1.35970
          -2.29135
           2.67217
          -2.81839
           3.00727
          -3.74842
           6.33464
               NaN
          -1.66870
           1.93221
          -0.63138
          -5.46209
           0.94342
           4.10000
          -6.98447
           4.53250
           6.61291
          -5.98429
           2.23379
           7.38556
           0.78105
          -2.67091
          -3.93132
           3.74221
           2.94441
          -1.45542
          -3.14038
           3.17900
           0.68073
           1.73124
           1.07315
           4.20420
          -6.94930
           8.83751
           5.38910
           5.67460
          -2.78147
          -8.73487
          -6.17492
          -0.09223
           3.27063
          -0.75002
           5.57703
          -7.04296
           6.71185
          -2.00876
           9.77151
           7.18695
          -0.63419
           3.01934
           1.71173
           4.20663
           4.74606
           1.82934
          -1.02634
          -6.83388
          -8.92231
           8.72695
          -3.25477
           0.53252
          -2.51398
          -2.81609
         -11.27677
          -9.63617
           1.00286
          11.52321
          -3.53130
          -8.82882
          -1.82453
           2.09339
          -5.53467
          -5.61545
          -2.20551
           5.92536
           6.40931
           2.18893
          -0.57239
           9.43819
           3.79197
          -0.63372
          -4.17792
           0.35380
           1.50361
           3.84384
           8.38184
           3.65344
          -0.81505
          -6.03432
          -4.48131
          -0.49437
          -1.31713
           2.72002
           6.42080
           5.96072
           8.39496
          -4.29022
           8.43614
           9.70530
           1.16727
          -4.88911
           5.42144
           1.88126
          -2.69567
           7.85204
           7.80620
          -0.55143
          -5.39215
          -5.40120
           0.30934
          -2.08889
          -5.61375
          -5.13943
           2.26772
          -0.65182
         -12.89260
           2.87916
          -1.20142
          -8.54593
           4.89649
          -3.28739
           1.94174
           3.61257
           1.42789
           0.54389
          -6.28432
          -9.39640
          -0.07770
           3.26120
           6.55017
           1.52557
          -0.26865
           1.59145
          -9.44989
          -2.05713
          -4.12774
               NaN
           0.40055
           1.84632
          -5.46330
          -6.05894
           1.79165
           6.52486
          -0.45231
           6.72974
          -1.79686
           3.58187
          -1.12624
         -10.18971
           4.34984
           2.64132
          13.17873
           1.40207
          -6.55553
           2.45498
          -2.51276
          -6.80313
          -1.72209
           4.17376
           2.20444
           0.77906
          -3.93467
           6.08009
          -3.98287
           4.76134
           4.19063
          -1.41368
          -1.91463
          -6.90044
          -2.38106
           3.86904
          -0.50861
           1.85961
          -7.72832
          -8.60995
           0.80972
           0.57084
          -0.30758
          -2.00305
          -9.41525
          -3.41745
           1.31869
           1.44202
          -7.96465
           2.37455
          -0.41023
          -3.92466
          -3.34584
           2.02267
          -4.59256
          -1.47665
          -0.73636
          -7.14447
          -4.35369
           3.61931
          -3.42926
           8.75584
          -4.11053
           0.16605
           6.59281
          -3.07761
          -8.55629
           1.07355
          -0.56625
           4.89170
          -5.02865
           3.05681
          -1.23446
          -3.78946
           7.61066
          -0.43461
          -5.00475
           0.99161
          -4.28126
           3.70325
          -2.97333
          -1.29812
           4.23505
           0.61289
          -9.59773
          -2.78546
          -1.61924
         -11.22027
           4.75469
          -0.07291
          -0.19693
           5.34469
           5.03684
          -2.25506
          -2.73932
           0.07259
           5.05189
           3.81932
          -8.38230
          -4.31859
          -2.31618
          -3.58198
          -2.03220
          -0.57296
          -1.51985
          -8.60347
          -3.85360
          -1.55861
           5.94847
          -4.57956
          -7.48231
          -3.90383
           9.58488
          -2.17478
          -3.82702
          -6.93485
           4.07828
           1.73613
          -3.19217
          -1.18899
          -1.92237
           0.78460
           4.05163
           0.79713
          -0.38352
           3.82078
          -3.61068
          -0.70738
           0.51005
           4.39452
           3.36672
           4.32077
          -0.58440
          -4.72114
           5.51263
           0.69837
           3.22588
          -5.43024
           3.40898
           5.68263
           2.62644
          -4.17631
           1.86396
          -2.81123
          -1.13874
           9.66988
          -1.03680
          -0.99141
           0.31567
           6.54267
          -7.99075
          -1.62075
          -1.32996
          -4.93415
         -10.55989
           1.46448
          -3.30686
          -0.97528
          -1.19137
           3.95929
          -0.79788
           7.27425
          -4.03468
          -2.11017
           2.46220
           4.39478
         -10.52016
           1.41810
         -11.46491
          -2.06745
          -2.00137
          -4.42567
          -3.87402
           6.10446
          -0.08751
           5.88979
          -6.76367
          -7.03634
           6.68151
           5.21935
           6.46060
           3.49441
         -12.15012
          -1.92215
          -1.37616
           6.54155
           3.38853
          -3.83945
           1.97076
          -0.43016
           4.06807
           0.43269
          -4.07838
          -2.50862
          -6.07814
           1.37998
           6.96486
          -7.04421
           2.52534
          10.35729
           2.95491
          -1.25998
          10.82356
          -1.46023
          -1.22097
          -6.53857
         -10.47441
           7.34562
           2.53658
           1.05968
           2.82612
          -1.21203
           4.40014
          -2.40059
           5.96222
         -11.74490
          -4.86213
          -7.12881
           3.78421
          -2.95578
           2.24488
           8.21370
          -8.76979
          -1.97585
          -7.98062
           4.03787
          -0.79344
           2.45905
          -0.95559
          -0.06653
          -1.34032
           0.13629
           1.42590
           1.86445
          -4.80952
           4.17683
           5.41144
           2.00393
          -1.48821
          -0.33491
          -0.86459
               NaN
          -4.76308
          -4.13994
          -5.33463
           6.82890
           1.55373
          -1.86029
          -5.41434
          -1.61705
           0.86343
           3.68899
           4.20563
           1.75774
           2.15514
           1.71578
           5.95537
           6.40019
          -1.11250
          -6.31477
          -4.38067
          -0.70771
          -2.97259
          -1.82186
           3.87875
           0.36275
           3.72282
           0.67742
           7.29138
          -2.47739
           6.11610
          -0.67742
           9.84451
           6.83540
           1.50427
          -0.57948
          -7.76685
          -6.58442
          -1.81812
           0.36265
           7.87845
          -5.53949
          -4.22710
          -0.39507
           1.91912
          -4.10867
          -1.63370
          -2.62722
          -3.16177
           0.60709
          -0.97090
           0.41635
           3.22796
           8.41367
          -7.08051
          -5.24581
          -2.39043
          -3.28685
          -1.39656
           3.20986
           8.42793
           0.41777
           2.51776
          -3.73911
           3.31983
           0.74218
         -10.25394
           5.33433
         -13.37154
           4.11535
           2.44591
           1.53246
           9.15419
          -1.72226
           5.64496
          -4.63124
          -2.58958
          11.36346
          -3.04234
           4.66726
          -6.40537
          -8.29490
         -12.27082
          -8.11047
           4.07531
          -9.00464
          -5.67329
           2.42903
           2.46736
           6.44081
           6.84235
           8.49115
           7.52503
          -8.28366
          -2.20648
           1.83345
           5.55892
          -7.59975
           1.37338
          -8.39275
           4.62587
           2.18335
          -8.77254
           4.13510
          -1.19027
           1.53399
           3.65899
           4.36265
          -2.12622
          -4.73417
          -7.19576
           4.54467
          -3.79714
          -5.79467
          -3.26270
          -0.73478
           0.77924
          -7.27825
           6.43659
          -0.82197
           4.88020
          -6.59899
          -2.43395
           2.52354
           1.78473
           2.84954
           5.66498
           1.60738
           7.39608
          10.82927
           6.61262
           7.22575
          -3.39524
          -3.52506
          -7.88677
          -2.76111
          -5.36062
           8.83314
          -1.88367
          -2.71424
          -9.53507
           0.57643
           3.07924
           2.55902
          -5.55874
          -4.67655
           3.89486
          12.15546
           0.52045
          -1.35138
          10.06570
           2.55121
           0.18301
          -0.13629
           3.60412
           7.46260
           4.90232
           2.56962
           1.47198
          -3.47481
          -0.73906
           8.98864
          -3.47522
           5.19128
          -8.80427
           7.94155
          -4.46282
          -2.59500
           3.33181
           1.30509
           3.46377
         -12.59541
          -4.97656
           3.15642
          -2.39553
          -7.83090
          -0.49980
          -3.52454
           0.43416
           5.04693
           3.05691
           0.54561
           2.82677
          -8.38092
          -6.92751
          -8.62033
          -0.61223
           2.24663
          -4.36064
           0.68136
          12.92692
           4.36460
          -3.77450
          -4.25077
          -1.16842
           2.62112
           0.03039
          -9.05990
          -7.39947
           4.55549
           9.35769
           7.29442
           9.74967
           4.61443
          -1.25212
           0.32025
           0.01927
          -8.63074
           4.60782
          -5.15489
           2.18693
           2.39895
          -3.38187
           4.43950
           2.17984
           5.06999
           4.89863
          -5.00707
          -1.03015
           7.64004
          -1.66583
          -3.73407
          -4.15389
           2.38821
          -1.80231
           1.83123
          -3.36820
         -12.24531
           4.25541
          -2.74398
           3.93112
          -5.53116
           9.98015
          -3.73993
          -6.06495
           3.98148
           0.84965
          -4.34146
           6.98920
           5.29309
               NaN
           0.71147
          -0.22615
          -1.12734
          -4.65406
           2.67245
          -3.10892
           2.03394
          -1.60055
           1.07755
          -0.23855
           1.52141
           0.24568
          -0.40696
          -0.65578
           1.51377
          -0.60166
           1.26490
           2.82566
          -0.73388
           3.15220
           0.17118
          -2.63774
           2.82094
           0.21016
           1.07630
          -0.65344
          -0.62781
          -0.16994
           0.50547
          -2.44337
          -0.56380
           1.42585
          -2.88592
          -2.10030
          -1.81629
          -0.77813
           1.57338
           2.91815
          -1.59546
          -0.39998
           1.29164
           3.32716
          -0.06842
          -1.77256
          -2.32724
           1.57585
          -0.72519
          -0.56512
          -2.57524
          -0.44341
           0.88343
          -1.70452
           0.95911
          -0.00361
          -0.33045
          -0.64990
           2.69692
          -0.09524
           0.05401
           0.15818
           0.79756
           1.26639
          -0.33617
           1.56413
           3.38681
          -1.06698
          -1.83028
           0.63696
          -0.13255
          -0.57167
           1.71161
           0.31560
          -2.39707
           0.52511
          -0.16673
          -0.16761
           2.65795
           0.77544
          -2.16875
           0.90946
           1.84900
           1.39840
           0.11189
           1.52705
          -0.63991
           0.52603
          -1.54843
           1.43155
          -0.73204
          -0.32238
           1.03260
          -1.09955
           1.31398
           0.18245
          -2.02507
           0.35430
          -0.60661
          -2.12179
           2.45706
           3.54597
          -1.36710
          -0.44087
          -0.15581
          -1.46318
           1.05900
           1.30786
          -0.37836
          -2.47743
          -2.34354
          -0.68284
          -2.50515
           0.17283
           0.88275
           2.07598
           0.89474
           0.48876
           0.08350
          -1.31120
          -1.03319
          -0.28868
           2.74653
          -2.40586
          -0.80756
           2.53218
           1.06446
          -1.98326
          -0.51181
               NaN
           1.36184
          -0.52101
           0.01410
          -0.31132
           0.57108
           1.08887
           0.03268
          -1.27214
          -0.41282
           1.14101
           0.61075
           0.76871
          -0.58356
           0.21072
          -0.33779
           0.82312
           2.93454
           0.05003
           2.69468
          -2.09772
           0.60379
           3.03408
           0.82126
           2.20913
          -1.75532
          -2.80066
          -2.51081
          -1.75641
          -1.14143
           1.93527
           1.11307
          -1.97713
           2.29839
          -2.34876
          -0.11464
           1.07998
           0.35509
          -0.70206
          -0.99767
          -1.99209
           2.42478
           1.50279
           1.07576
           0.33047
           0.67285
           0.08933
           1.52783
           3.79693
           1.54038
           0.73029
           1.72371
          -2.76029
           2.24224
           0.40281
           0.38243
           2.11732
           1.12686
           0.70345
           2.16099
           0.85802
          -0.20973
           1.30462
           0.39390
          -0.41003
           0.62456
           2.54321
           2.50610
           0.73358
           1.10463
          -0.65603
           1.57380
           1.37598
          -1.26707
          -0.75393
           1.80440
           4.21700
          -0.41555
          -0.87968
          -0.18812
           0.61728
           0.09815
           0.15790
           1.12503
          -0.26755
          -1.20747
          -0.80310
          -0.42087
           0.19946
           0.11313
          -1.23179
           2.63065
           0.76688
          -1.43775
          -3.29739
           1.39701
          -3.38851
           0.35939
          -1.13768
           1.52039
           1.43112
          -0.26817
           1.21815
          -0.83746
          -1.48133
           1.24222
           0.52472
           2.11540
           1.28065
          -0.85183
           1.34167
           1.80814
           0.23782
           0.45797
          -1.99448
          -1.05919
           0.78772
           1.06444
          -1.66387
          -0.71824
           0.11236
          -1.21774
          -2.26636
           1.93568
          -0.24960
          -0.14800
          -2.14368
          -0.30293
           2.52210
           2.68013
           0.12302
          -0.86615
           1.12603
           0.36384
           1.67428
           0.45381
           1.50455
           0.45835
          -0.15537
           0.41276
           0.95346
          -0.25390
           1.04767
           0.04051
          -0.68538
           0.55627
           1.52391
          -2.52802
           0.78699
           0.02407
           0.15033
          -0.61081
          -1.67310
           0.50532
           4.00926
          -0.05096
          -0.43260
          -0.84068
          -0.16104
          -0.90281
           1.02026
           0.27101
          -3.79777
           0.74631
           0.34699
          -0.78604
          -0.60590
           0.89558
           0.50802
           1.78776
          -0.58385
          -0.83569
          -2.31499
          -0.02043
          -1.80234
           1.73264
           0.57383
           1.43777
          -0.68145
           1.65830
          -0.27469
          -2.20662
           1.94844
           0.17984
           2.24708
          -2.68849
           1.99855
          -2.27157
           4.14294
           3.45935
           2.12252
          -4.07936
          -0.94483
           1.05788
           2.83926
          -2.02658
           0.34613
          -2.15764
          -1.51502
           0.99703
          -2.32801
           2.28865
          -0.43110
          -1.83714
           2.28227
           0.08401
           2.05172
          -1.66831
           2.20852
           2.19336
           1.71298
          -0.47976
           1.47467
          -1.12146
           1.61320
           0.08483
          -1.55728
           0.43782
           2.05215
          -0.47436
          -2.15052
           0.84829
          -0.97367
          -2.59127
           1.62669
          -1.02187
          -2.82908
           1.15914
          -1.03961
          -0.58014
           2.71082
           1.84007
          -0.63962
           0.34997
           2.09649
           0.30694
           1.13045
          -2.52673
          -1.02280
          -0.59351
           2.79669
           1.04141
           0.73920
          -0.98394
           1.49374
           0.14105
          -0.93546
          -0.29811
           0.44278
          -0.28492
          -0.29740
          -1.99023
          -1.79881
           1.48392
          -0.95944
           1.26807
           0.22758
           1.80521
           1.37459
          -0.75506
           1.52121
          -0.17881
           0.86814
           2.84898
           1.47611
          -3.30602
          -0.39122
          -1.27345
           0.99986
          -0.67227
           0.65004
          -2.53334
           0.85634
           3.00628
          -1.83695
          -0.21256
          -1.66384
          -2.38339
           1.68504
           3.51413
           3.04701
           2.04041
          -0.93095
           0.92631
          -1.02085
          -0.64270
           0.65738
           1.30080
          -0.10114
           2.32259
          -1.28205
          -0.45602
           2.45162
           1.57166
          -0.43186
           2.46707
          -2.18391
          -0.36887
           0.48477
          -0.03656
           1.36701
          -0.43790
           1.80082
          -0.60960
           1.18070
          -1.09761
           0.98663
           0.13084
          -1.49552
          -0.92414
           0.32559
           0.46373
           0.21345
           0.70231
           2.17409
          -0.79485
           0.63052
           1.01185
           0.04256
           0.22250
           2.93471
           0.07150
           2.02206
          -1.32613
           1.04635
          -0.06818
          -1.08523
           3.06582
           1.26350
           1.48104
           1.17756
          -0.40268
          -1.04293
          -1.56376
          -0.14252
          -0.91473
          -2.65325
          -0.18607
          -1.94883
          -2.64721
           3.61384
          -0.19976
           1.23595
          -0.35033
           1.91214
           2.67894
          -3.28453
          -0.32566
           2.39648
          -2.32212
           0.80204
          -1.68557
           0.98262
          -1.08472
           0.01594
           1.53492
          -0.66637
          -0.36387
          -1.20401
          -0.53392
           0.49060
          -1.60320
          -1.06609
           1.55513
          -0.25695
          -2.03393
          -0.06014
          -2.14980
          -1.31866
           0.95169
           1.04958
           0.56498
               NaN
          -0.19702
          -0.41516
           0.53098
           1.37114
           3.35750
           1.27006
          -0.56587
          -0.24754
          -0.17480
          -0.72854
           0.61970
           1.03946
          -1.45141
           0.20576
           1.68315
           0.98523
           0.94108
          -0.48406
           1.14668
          -0.78789
          -0.79936
          -0.60174
          -2.47193
          -1.47931
          -1.92478
          -1.63965
          -0.25949
           0.74439
           2.30384
          -1.74866
           0.38552
          -1.51120
          -1.86850
          -2.16754
          -0.83356
          -2.60822
          -1.25504
           2.38332
           0.41055
          -1.31852
          -3.07591
          -2.68744
          -0.28393
           0.69473
           0.53215
           1.85306
          -3.07496
           0.04430
           1.36951
          -1.29799
           1.53964
           0.97085
           0.88352
           0.59166
               NaN
          -0.29073
          -0.03085
           0.88174
          -0.49542
          -0.45906
          -0.77121
          -0.70944
           1.56599
          -0.63097
           0.35730
           0.02924
           2.91108
           1.66809
           0.57464
          -1.55642
           0.22901
           2.21887
          -1.91233
           1.85207
          -0.20883
           1.54972
           0.33588
           1.50296
           0.29556
          -1.04053
           1.92058
          -0.05841
           0.38864
          -2.74919
           1.93768
           0.56309
          -1.26594
          -0.51490
          -1.75133
          -1.44374
           0.82702
           2.11892
           1.73555
           0.73200
           1.30416
          -2.50760
          -2.85963
           0.97099
          -0.13799
          -1.25703
           0.57749
           0.91162
          -1.92037
           2.17449
          -0.80874
          -0.68605
           3.34946
           1.11564
           2.14193
           0.80415
           0.90488
          -1.00114
           0.72712
          -1.85506
          -1.20589
           3.64147
          -1.32116
           1.30122
          -2.09643
          -0.80726
          -2.39604
          -1.51940
          -0.26889
          -0.99597
           2.03298
          -1.07385
          -0.78263
          -0.62499
          -0.34959
          -2.58551
          -1.18762
           1.83961
           1.95837
          -1.50003
           0.29295
          -0.39036
           1.93866
               NaN
          -1.96481
           1.00729
           1.08916
           1.18054
           1.05573
           0.99389
           0.27348
           2.57518
           0.22192
          -1.23054
          -0.29732
          -1.51078
          -0.66433
          -0.85095
           1.73811
          -0.02709
          -1.01661
           2.68117
          -0.83215
          -1.35625
          -1.36902
          -0.69237
           1.09939
           0.30924
          -0.65905
           1.04677
          -2.14729
          -1.09022
           1.75346
          -0.48928
           0.71293
          -0.70500
          -0.85538
          -0.13368
          -1.42160
          -1.38991
           0.89358
           1.64686
           2.62629
               NaN
          -0.93575
           0.19422
               NaN
           0.99933
          -0.50642
           0.66328
           0.91613
          -1.70810
          -0.74982
          -3.22679
          -1.72708
           1.81980
           2.22391
          -1.38813
           0.54634
          -1.81307
           1.84799
           1.74797
          -3.01092
           1.84199
          -0.17547
          -0.56104
           0.61925
          -0.74819
           0.60255
           0.11396
          -0.75001
          -0.13053
           2.55450
          -0.74781
          -0.95999
           1.93857
          -0.88469
          -0.06544
          -3.51437
           2.12956
          -0.49907
          -1.74227
           1.00436
           1.51326
           1.22210
           2.23016
          -1.45418
          -0.28472
          -0.60924
          -3.55448
           1.22684
           2.40016
          -0.17091
          -1.21235
           0.50780
          -1.20295
           2.17994
          -1.80416
           1.48226
           1.04801
          -0.64634
          -0.31963
           0.22821
          -1.35839
           0.51246
          -1.42380
          -0.03614
           0.43999
           3.04173
          -1.22556
           2.38386
          -0.08468
           1.45999
          -1.44535
          -1.86259
               NaN
          -0.71991
           0.46305
           0.41923
          -2.51556
          -1.08198
          -1.09281
          -2.43456
          -0.75810
          -0.75753
           0.77983
          -0.05639
          -4.10460
           0.00795
           3.76593
           0.77316
           1.54096
          -0.69645
          -0.48211
          -0.47897
           1.66879
           1.07581
          -2.58674
          -0.35457
          -0.70900
          -0.69140
           1.70511
          -2.29563
           0.02075
          -0.39284
           0.05092
           1.05214
           1.07237
           2.12260
          -0.89626
          -0.64442
           0.28959
           2.00562
          -1.50870
          -1.28789
          -1.51523
          -0.61847
           1.07738
           0.84188
           3.38735
           1.16629
           0.62702
           0.01873
          -1.28768
           1.00534
           1.99368
           1.17587
           0.87505
           1.12625
          -2.05283
          -0.83758
          -2.86792
           0.53319
          -0.06257
           0.20123
          -0.40256
           0.12335
           1.34547
           1.04927
           1.37583
          -0.01283
           2.82755
           0.75360
           2.13150
           1.35255
           1.66079
          -1.09588
          -0.59752
           1.45494
           4.15122
           0.68302
          -0.70284
          -1.37845
          -0.34845
           0.02387
          -2.16010
          -1.50034
           1.84382
          -1.66168
           1.45368
           0.76949
           0.61197
           0.81597
          -2.06939
          -3.61278
          -1.10864
           0.03170
          -1.97703
          -1.04890
          -2.37875
          -0.18780
           2.09583
           0.76391
           0.64149
           0.74489
           2.79161
          -0.36548
          -1.22497
           1.37536
          -1.50789
          -3.54596
           1.69254
           2.18779
           1.65382
          -0.11899
           0.63614
          -0.72592
          -2.53754
           0.80534
           1.22567
           0.00124
          -0.87539
           1.18278
          -2.18294
          -0.78648
           0.86826
           1.40815
          -1.69890
           2.57520
           0.62489
          -1.21086
           1.02390
           0.27421
          -0.90738
          -1.84272
           1.41769
           0.47218
          -0.18813
           0.15720
           0.82241
           1.97810
          -2.20479
           0.36885
          -3.13133
           0.65189
          -2.06180
          -1.05721
          -1.86999
           1.37562
          -1.18538
           0.95296
          -1.31979
          -2.98106
           1.10132
          -0.62149
          -1.97829
           0.08326
           0.53630
          -1.19542
          -0.43294
          -1.06924
          -0.06764
          -0.34433
          -0.30558
           0.80037
          -0.52128
          -0.43814
          -1.96497
          -1.46062
           1.52629
           2.24900
           1.16383
           2.40742
          -0.97484
           1.83281
          -1.97579
           1.58184
          -0.72263
          -2.97528
           1.64043
          -1.74793
           1.10538
          -1.85291
          -3.85729
           1.29178
           0.76190
          -2.33467
           0.45296
          -0.28797
          -1.70127
           2.46640
          -4.18714
           0.39406
           0.79086
           0.58750
          -0.38256
          -2.32876
          -1.10530
          -1.39051
           0.11458
           1.34450
          -0.16184
          -0.26696
           1.30010
          -1.41830
           1.19127
           3.91821
          -0.47954
           0.61223
           0.26599
          -0.01539
           2.89168
          -0.79833
          -2.78438
           0.56582
           3.21149
          -3.99033
           0.46171
          -0.59110
           0.31985
           2.25544
          -0.49933
          -0.89629
          -0.36945
          -0.87249
           2.57327
          -3.53160
           2.16625
           1.72010
           0.62433
          -2.90434
           2.01128
          -1.87599
           1.42824
           1.14543
          -1.14508
           2.44914
           1.88237
          -0.99209
          -1.54199
          -0.36545
          -1.20764
          -1.20799
          -2.03574
           0.51395
          -1.95091
          -1.23484
           1.20869
           0.79586
          -1.93381
           1.36192
           3.42787
          -1.18549
          -0.90933
           0.15533
          -1.11500
           0.10938
          -3.95300
          -3.01799
           1.02924
          -2.30961
