          -0.24239
           0.81385
          -1.38046
           4.52321
           1.95913
          -3.39872
           3.54042
          -0.23762
           2.26245
           3.08682
          -1.71599
          -1.47859
           0.95933
           2.78984
          -0.33802
           4.74281
          -4.06035
           1.38143
          -0.66454
          -2.59094
          -4.06581
          -0.94784
          -0.73409
           2.81506
           0.85519
          -4.31965
          -2.73440
           0.36474
           2.01438
           1.63738
          -1.50243
           0.82736
          -0.56874
          -0.83807
           1.28116
           2.48390
          -0.83932
           4.61962
          -0.17274
          -2.27858
           2.17343
          -1.73935
          -0.29718
          -2.76384
          -1.11102
           3.11652
           0.71282
           1.43303
           1.00774
          -3.62038
           2.24477
           2.64072
          -1.42431
          -0.95073
          -0.61282
           1.88848
           2.83960
          -1.70063
           0.23644
          -1.52516
          -1.73860
          -5.47425
          -2.74760
          -0.30701
           2.48058
          -2.04800
          -0.74260
           1.85300
          -0.84267
          -1.99165
          -2.60424
           4.49757
           1.77684
          -0.18750
           0.45350
          -2.18761
           0.54361
          -2.53461
          -2.98631
           1.87853
          -3.67624
          -3.20260
          -1.63453
           1.71969
          -1.94280
           0.20937
           0.67575
           4.05898
           3.25133
           5.14457
           2.17368
           3.35749
           2.77881
          -0.08786
          -4.82905
          -0.58785
           0.62774
           2.79861
          -0.36969
           0.62746
          -1.54547
           0.60809
           2.00456
               NaN
           0.33519
          -3.35138
           1.04350
          -1.25366
          -0.01429
           3.11515
          -1.83124
          -2.46115
           0.22941
           4.01006
           0.62643
           2.10157
           2.54361
           4.75089
          -0.41583
          -3.66351
          -1.43904
           2.36682
          -1.12891
          -1.94620
           2.15682
           0.02639
          -1.54288
          -3.53032
           3.51705
          -4.96567
           4.03757
          -0.26299
           1.41597
          -2.65065
           1.57959
           2.80558
          -0.49709
           1.03950
          -0.52205
          -1.60086
          -2.86733
          -2.52455
           3.61222
          -0.60871
           1.65385
          -1.13935
          -1.67231
          -2.64092
           2.04328
          -3.13935
           1.04885
           1.84400
          -0.63123
           1.67062
          -2.73404
           0.34065
           0.85644
           1.20767
           1.14421
           4.89487
           2.93543
           0.98126
          -3.03857
          -4.98512
           0.48829
           2.32869
           0.34254
          -4.14751
          -0.83331
          -0.73590
           1.42235
          -1.56322
           3.86535
          -1.89258
           0.13767
          -1.99495
          -0.69884
           3.07764
          -5.20621
           1.28949
           0.64942
          -1.87353
          -0.05819
          -1.00994
          -1.44085
          -1.21098
          -2.84808
          -4.11586
           0.91885
           3.08081
           1.54681
          -1.76646
          -0.40099
           0.85274
          -1.41095
          -1.27605
          -0.40144
          -1.17903
          -4.73961
           1.42097
          -0.40028
           1.90658
          -0.47936
          -0.87324
           0.98508
           1.15911
          -0.35636
          -2.75552
          -1.02659
          -0.65970
          -0.47787
           0.91518
          -5.39208
           0.82223
          -0.12850
          -1.51796
          -0.39052
           2.01888
          -0.74557
          -0.70942
           1.81485
          -1.22718
          -1.08977
          -2.46916
           2.20139
          -1.96835
          -1.90377
          -0.53699
          -2.76644
           0.04861
          -0.79580
          -1.46107
           2.03902
           1.13184
          -3.46939
           0.96988
           3.79409
          -0.30524
           0.65234
          -2.48631
           0.76523
           0.79530
           4.30835
          -0.23454
           0.11815
          -1.28409
          -0.89750
          -1.80151
          -1.05698
           4.07346
           0.70040
          -4.25947
           2.42352
          -3.87955
           4.82670
          -3.16003
          -2.44660
           0.22294
          -1.36953
          -1.77460
          -1.99659
           1.51946
          -1.54494
           2.13701
           0.40227
          -1.13210
          -0.59054
          -0.45446
           0.90566
           0.51742
          -2.38471
           2.66500
          -3.00131
          -2.98729
          -1.51120
          -0.15157
          -0.58288
           1.10345
          -1.56414
           2.50396
          -1.65946
          -1.46972
           0.63251
          -3.72119
           3.04043
          -2.02793
           3.52871
          -2.67549
           1.51565
          -1.27253
           1.16147
          -1.24684
          -0.94889
           1.69204
           3.49846
           3.85457
          -5.55054
           1.98111
           1.03848
          -0.89364
          -3.36607
           4.68832
          -3.30014
           2.50272
          -1.25419
           0.68810
           0.19107
           1.18099
          -1.19652
          -1.13513
               NaN
           0.51526
          -0.91075
           4.71631
          -0.13286
           4.10292
           1.96533
           0.53569
           0.47358
          -3.69794
          -1.34692
           2.24780
          -0.12913
          -0.68259
           1.76036
          -3.38868
          -0.00037
           4.54147
          -3.58811
          -0.08108
           0.21647
           0.20190
          -0.21189
          -5.61226
           2.43706
          -4.27513
           1.33564
           2.46351
           0.01720
           0.18501
           0.43044
          -2.49135
           3.92013
          -2.76732
           0.80919
          -0.34216
          -1.52442
           1.30912
          -3.60501
          -0.93840
           1.40954
           3.84875
          -1.14007
          -3.57489
          -2.16078
           0.03466
          -5.18761
          -1.71632
           1.08076
           2.69248
           0.78827
           0.28444
           2.58009
           3.76812
          -1.52862
          -1.58410
          -1.02562
           3.36771
           1.95556
           0.86890
           1.43910
          -0.72322
           0.62361
           1.72653
          -1.05923
          -0.03863
           2.25710
          -0.71399
          -0.48000
          -0.35276
          -1.44489
          -1.00789
          -1.68999
           0.63822
           1.11658
          -5.09097
           0.35842
          -1.23416
          -1.15927
          -0.20980
          -2.59875
           1.13193
          -0.54703
           3.38586
          -0.27586
          -1.58478
          -1.75951
           1.82355
           3.67622
           3.27302
           0.56327
          -0.60819
          -1.96225
           2.04315
          -2.04382
           1.77408
          -0.43903
          -0.26874
          -0.86268
          -0.41872
          -0.34805
          -1.85880
           0.44015
          -2.53645
          -1.50475
           5.68519
           4.96097
          -1.56738
          -0.62682
          -0.03754
          -1.46037
           0.28735
          -1.51524
          -1.57429
           3.49590
           2.17545
           2.08964
          -2.17125
           5.93788
           1.14579
           0.47357
           1.81987
           0.58212
          -0.00504
          -2.73902
          -1.28940
           2.14083
           3.08097
           0.08343
          -2.98955
           0.00610
          -2.35483
          -1.75235
           0.98725
           1.38591
           1.06017
          -0.33179
          -0.40316
          -2.83229
          -4.31228
          -0.37793
          -0.78917
           1.07336
           2.49245
          -1.57587
           1.28831
          -2.26417
           1.15764
          -1.70765
          -0.11781
           3.62901
          -0.04306
           0.53982
           3.31074
           1.21264
          -2.66411
          -0.80337
           0.87645
          -3.20480
           3.98383
          -0.15478
          -1.05099
          -2.28430
          -0.28930
           0.95443
          -2.71150
           0.78237
           0.88917
           1.52834
          -3.44911
          -1.35343
          -0.54936
           1.03952
           1.55897
          -0.08874
           0.39460
           2.41750
           0.61365
           2.50857
           0.50648
          -0.18561
           4.61551
          -0.22846
          -1.48601
           0.02097
           1.81402
          -2.63922
           6.16269
          -2.10374
          -1.57327
          -0.66650
           2.52727
          -0.03974
          -2.52794
          -3.11610
          -0.82881
          -1.87359
           1.71041
           1.49448
          -0.66913
          -1.81042
           2.27872
          -0.88348
           0.07260
           2.41990
           1.80930
           1.80741
          -1.62721
          -3.05751
           2.85121
          -1.74012
          -0.73681
          -1.09731
          -3.05459
           3.86297
          -2.56474
          -0.94605
           0.58787
          -0.57042
           2.17844
          -4.85759
          -0.33846
           1.37266
           3.01703
          -0.31924
          -0.10972
          -0.10756
          -4.53520
          -0.39654
          -0.26459
           0.06867
           1.41782
           1.02000
          -2.31481
           0.17911
          -0.75139
          -0.84784
           2.58229
           2.01688
           1.40844
           3.03589
          -3.65340
          -0.51229
           3.57154
           3.06739
          -0.55019
           3.19422
          -0.79143
          -2.48768
          -2.87507
           2.53717
           3.92288
          -2.54124
           4.42755
          -2.56842
           3.98952
          -0.69994
           1.28766
           0.96819
          -0.84249
           1.49061
           0.22339
          -1.02976
          -1.32431
           0.83549
          -0.21826
           1.39037
           0.94185
          -3.10969
           0.34555
           0.54035
           0.23840
           1.64952
          -0.99200
          -1.28125
           3.07033
          -1.73534
          -1.97037
           1.81159
           0.48654
          -2.17209
          -5.99562
          -1.91755
          -0.62921
           0.76008
           1.28458
          -0.25082
          -0.52771
          -3.64485
           2.44546
          -1.38881
           1.34563
          -0.44485
           0.05729
           2.74345
          -2.90168
           2.48116
          -4.13502
           3.55952
           1.02436
           3.82697
           0.08123
          -3.71211
           2.85762
           2.82568
          -2.71581
           0.56399
           2.49718
           0.65498
           1.16016
           0.22606
           4.70839
           0.20042
          -0.19650
          -2.33477
          -1.51964
           1.19597
           0.13017
          -0.18531
           0.10429
           1.08661
          -2.61854
          -0.62682
           2.14610
           0.03651
          -0.11266
           2.42994
          -1.11086
          -0.49673
          -0.57122
          -1.62338
          -2.66305
          -1.47505
           0.40388
          -2.50916
           0.11619
          -0.71255
          -3.51365
          -0.87002
           5.03487
           1.29665
           0.96144
           0.52146
           1.33419
           0.06904
           1.56186
          -4.57763
           4.07202
          -1.95546
           1.61461
           2.14344
           2.88583
          -0.81236
          -3.93935
          -1.82307
          -3.44330
           0.37684
           1.82997
          -0.30959
           1.53487
          -0.86698
           2.41254
          -1.10535
          -0.22980
          -0.64127
          -3.00524
           3.77261
           3.23093
           2.02164
           2.12895
           2.67959
          -1.57644
          -0.31314
           4.27107
          -0.51148
          -2.90124
           1.16912
          -0.12005
           2.47874
          -2.44344
          -2.75699
          -1.24566
          -1.87676
          -3.68188
          -0.77751
           2.89495
          -0.13862
          -0.96319
          -0.54854
          -0.48598
           3.35099
          -2.32143
           0.32306
          -2.76484
          -0.42107
               NaN
           5.19701
           0.63409
           2.79454
           0.30447
           2.50339
          -0.78772
          -2.75992
           0.04887
           1.82947
          -2.40669
           0.85691
           4.02497
           1.19063
           0.61796
           1.06095
           1.88965
           1.12686
          -0.08693
          -0.17883
           0.64148
          -2.96420
           3.14320
           0.24934
          -0.68508
          -1.32308
           0.69785
           1.53572
           2.62907
          -1.49067
           1.99381
           1.45092
           0.81276
           0.36613
           2.11979
           1.06041
          -0.23500
           1.62326
          -1.02332
          -0.06256
           0.00600
           2.16712
           4.47759
          -0.94305
          -3.09153
           3.36620
           2.06683
           2.97698
           0.36949
          -1.86183
           0.34335
          -2.75900
           2.90494
           1.58518
           0.73933
           0.11314
           1.19211
          -3.62208
           1.96788
           1.09519
           0.66422
           4.23927
          -0.80681
          -0.02993
           2.31299
           1.37768
          -0.84121
          -0.99327
          -2.97208
          -0.21695
          -1.19096
           0.38383
          -0.96979
           0.97353
           0.33268
          -2.29202
          -0.97469
           1.77450
           0.08781
          -0.77579
           3.46478
           2.14156
           2.27334
          -1.92368
           1.76653
          -4.79632
           3.17414
           2.50682
          -1.31122
           3.32086
          -2.60031
           1.76427
          -0.60313
           4.29213
           3.56012
           2.02843
          -1.14067
           5.30758
           1.94811
           0.12562
           1.70315
          -1.56405
          -1.28435
           2.11568
          -0.81849
          -3.02552
           1.27337
           3.52109
           1.11435
           0.92559
          -2.69793
          -0.44336
          -0.73335
           2.27988
           3.00683
           1.82778
           1.33562
          -2.28523
           2.92786
          -4.70247
           0.35933
           0.00175
          -0.13527
           1.68647
           1.02348
          -2.44362
           0.13807
          -3.59567
           1.10280
           2.59931
          -2.13608
          -2.28085
          -2.98749
           0.40920
           2.58425
           1.19325
           0.42855
           1.93177
          -0.22245
          -1.45853
          -2.49044
           3.08137
          -1.86778
           1.35890
          -0.66304
          -1.83797
          -2.06020
          -1.56400
           0.39479
           4.03006
          -4.13510
           1.31447
          -0.95424
           0.72267
          -2.12745
          -1.13248
          -2.17713
           0.90286
          -0.93042
           1.28252
           2.14288
           2.20144
          -3.39284
           2.50468
           0.27394
           1.62192
           0.97325
           1.17094
          -2.14077
           2.18144
           3.06190
          -1.44518
          -1.75246
           0.72339
          -0.90301
           0.21079
           2.91298
           3.30833
          -1.50182
           3.67380
           1.48152
           0.60488
           1.24126
           1.57747
          -0.09218
           0.09805
           3.05362
           1.29163
          -1.09627
          -2.41156
           2.27037
           0.28394
           2.96057
           3.43777
           1.65437
          -2.02680
          -5.22042
           1.63198
          -1.32076
           1.05740
           1.37801
           0.50260
          -0.76727
           2.19342
          -0.86897
          -1.03336
           0.83325
           0.59431
          -0.59832
          -1.93796
           0.94150
           2.71059
          -1.68331
          -2.36566
           4.50006
          -1.97101
           0.76882
          -1.31059
          -1.33118
           1.46696
           0.20195
           0.53231
          -0.19203
           0.78220
           0.17183
          -0.13255
           1.30001
           1.82194
           0.79455
           0.96922
           1.88920
           1.68085
           0.73282
          -3.35538
           5.34847
           1.92060
           4.44856
          -0.84534
          -0.00388
          -0.91515
           4.48595
           0.06900
          -2.35169
           1.68001
          -1.32860
          -0.33226
           0.36749
           0.89277
           0.52973
           1.40494
          -0.68944
           3.89826
          -2.20372
           0.63810
           0.65091
          -3.68005
          -2.15191
          -3.11177
          -0.15563
          -2.53326
           4.30984
          -2.76862
           3.28428
          -4.46429
          -2.07593
           2.92438
           0.83317
          -1.24539
          -0.65922
          -0.15785
          -0.12310
          -1.38534
          -1.59255
          -2.50880
           5.47807
           4.13985
          -1.55263
          -0.23768
          -4.09762
           2.42885
          -3.39975
          -2.55059
          -4.61857
           2.55851
          -2.17230
           3.34249
          -1.53685
          -1.37112
          -4.17186
           3.58562
          -0.35416
           3.24549
           0.83874
          -2.48924
           3.94612
          -0.56113
          -5.04380
           3.29093
          -7.63621
          -3.49013
           6.73401
          -8.96420
           3.27038
          -6.03368
          -1.08946
           5.25568
           1.88534
           0.28451
          -4.71242
           0.04247
         -10.27440
           3.63464
          -2.16255
           1.17523
           3.93492
          11.41122
          -1.21744
           0.09559
          -4.59940
          -0.55482
           3.16274
           6.65338
           0.24271
          -2.24980
           2.90084
          -1.31991
           1.99770
           1.49426
           1.83649
          -3.43012
          -5.04998
          -0.11871
          -7.76146
           3.74312
           4.84915
          -3.73477
           3.46870
           1.86527
           3.59159
           3.02567
          -3.91566
          -1.72872
          -3.11097
          -4.37128
           5.89902
          -5.93053
          -7.26906
           3.92160
           2.80775
           0.24378
          -3.00792
          -0.52320
           4.15831
           0.38626
           1.50790
           0.42322
           5.10445
           0.13173
           0.10076
          -3.27435
           7.91986
           5.30864
          -3.81970
           3.37558
           1.81835
           9.42278
          -5.33924
          -3.24794
           1.51021
          -1.03436
           4.95289
          -1.35760
           1.30265
           2.73445
          -4.71071
           4.82496
           6.62307
           1.02808
          -3.61056
           2.56057
           0.13375
          -1.34700
         -10.94834
          -4.94013
         -11.23858
          -7.80311
          -4.53212
          -6.13286
           2.73329
           9.47824
          -1.18578
          -1.42744
          -4.76481
          -0.45692
          -1.95814
           2.84922
          -1.70760
          -0.30159
         -11.69626
           4.80352
           8.43181
          -0.17789
           3.70332
           2.26070
          -2.74950
           0.42982
          -1.96060
          -0.30643
         -10.93667
          -0.29058
          -1.82931
          -0.27464
          -6.89788
           0.28705
           3.30168
           2.24375
          -6.52010
           3.66441
           3.10772
          -4.10373
           3.17640
           0.66321
           6.19131
          -5.41403
           9.19338
          -9.24962
          -2.68073
          -1.38221
           4.68354
          -4.34426
          -3.40221
           0.77356
           0.90756
           2.13452
           2.07354
           5.14925
           2.87640
          -6.29187
           0.83470
          -5.68801
           1.75101
           2.34008
          -1.25339
          -2.49914
           3.91839
          -1.01508
          -3.43260
           2.12039
          -3.00531
           5.90941
           0.88541
           0.88599
           1.43082
          -0.60566
          -4.62089
          -5.32533
          -0.67884
           6.54657
           7.58972
           4.19973
          -0.61206
          -2.43708
           3.52958
           1.84136
           1.40415
          -0.91357
           6.72223
          -4.80629
           4.08933
          -2.56036
           4.19970
           4.65694
          -6.52548
           8.83223
          -1.71393
          -1.16695
           2.58273
          -2.72021
           3.90168
           3.86681
           3.09972
           4.88920
           6.80014
          -0.70919
          -2.42377
          -4.31649
           0.35514
           0.29674
           2.27798
           2.00399
          -1.48466
           1.83041
           3.04971
           7.20407
          -1.45056
          -0.55670
          -4.37077
           3.16176
          -3.28188
          -4.59864
          -3.51387
           0.56510
           3.60193
          -0.94343
          -0.04997
           2.14258
          -4.55866
           9.45037
           2.72636
           3.17189
           4.36545
          -2.74093
          -2.93206
          -1.64054
           4.89647
          -1.83759
           5.35009
           4.94548
           3.31118
          -6.30421
           6.78771
           5.40165
           0.66578
           3.82377
          -0.15317
           0.26211
           6.53964
          -1.41777
           2.43656
           5.27675
          -0.06077
          -6.14107
           1.82629
          -3.31788
           7.77417
          -2.49563
          -5.97460
          -8.50523
           1.02376
          -2.27978
           0.25055
          -0.66308
           5.44235
           5.57736
          -9.02732
          -1.46136
           8.70348
          -0.80599
               NaN
          -7.44861
           0.99566
           4.32713
           0.03618
           3.16936
           1.40058
           8.99150
          -0.91000
          -0.10427
          -5.99397
          -0.55989
          -0.76040
          -0.68323
           0.92767
          -1.37439
          -0.47273
           2.06582
          -0.29843
           4.48059
           5.18161
           3.42741
           3.60152
          -0.08507
          -3.34602
           3.60245
          -4.43360
           1.21539
          -2.41733
          -4.31871
           3.98855
          -5.57581
           1.82615
          -6.56898
           3.25257
          -6.45113
           3.88598
           1.62721
           2.82072
           0.62466
           0.78872
         -10.46638
          -4.81870
          12.30070
          -6.01739
           1.05838
           5.87021
           9.32769
          -9.79777
           2.43239
          -4.20135
           3.50203
          -2.28252
          -0.56012
          -3.66072
           3.89192
           5.65656
          -8.71084
           3.08632
           2.68720
          -7.03864
           0.12510
          -4.72848
          -2.73546
          -0.00573
          -4.19978
           6.81615
           0.76396
          -3.56626
           4.86040
           6.49236
          -4.45161
           5.43364
          -0.38975
          -9.09491
           5.15689
          -0.20228
           2.30386
          -0.73521
           2.46629
           3.46221
          -1.72818
           5.74735
          -1.77080
          -3.10743
          -0.01803
           0.75658
          -1.66159
           7.50439
          -6.79994
           9.35611
          -3.60465
          -0.20723
           3.73430
          -5.75375
           4.20183
           0.04560
          -6.12312
          -4.78151
           3.08937
           6.17347
           4.37237
           3.64524
           9.02560
           4.71985
           1.72829
          -5.96055
           0.60970
          -1.74496
          -6.14321
          -5.55567
           2.97992
           3.07780
          -3.95729
          -9.59136
          -1.92256
          -0.93141
          -2.96041
           2.29668
          -1.33707
          -3.89911
           1.75052
          -0.89637
          -7.24975
           1.83294
          -1.11277
           1.33260
           3.41456
           0.02876
           3.82979
           3.62616
          -1.98036
           9.98365
          -1.19834
           1.42087
           2.00533
           0.31349
           3.59286
          -3.11869
           0.35225
          -6.69974
           4.09153
           1.10350
           4.17506
           0.62575
          -7.30586
          -7.10250
          -0.71600
           1.75246
           3.03432
          -3.78985
           0.32983
          -3.56635
          -0.97162
          -1.40980
           0.82270
          -2.85351
          -0.56009
           0.92018
          -3.26504
           4.01291
           9.43739
         -10.61679
          -9.32087
           0.74052
          -1.58446
          -3.40233
           0.15070
          -2.25275
           4.91525
           2.19871
          -4.45948
          -4.32148
          -4.49485
           6.84674
          -7.00259
          -3.30835
           1.62905
          -4.21792
          -2.81892
           0.57650
           1.11485
           2.02487
          -5.89005
          -5.96570
           0.07769
           7.10539
          -1.08308
           6.93521
           4.22065
          -2.16039
          -3.02349
          -1.97414
           1.27904
           1.03983
           3.21546
           4.28822
           0.25196
           2.13253
          -0.34617
          -7.81325
           7.56422
           0.44681
           0.91849
           1.89560
           3.80964
          -3.50131
         -11.04648
          -1.19862
          -1.29249
          -6.96930
          -1.56774
           2.60222
           0.84750
          -3.28980
           9.20946
          -4.34375
           1.97528
          -0.44733
           8.58536
           2.51033
          -3.00521
           5.23843
          -1.05073
          -4.71048
          -0.10006
           6.18782
           1.60986
          -3.15709
          -0.86915
          -1.89333
           1.38746
           1.97278
          -1.36703
          -3.17582
          -6.67303
          -3.06368
          -0.79941
          -8.35250
          -2.84461
           3.19113
           0.14858
          -4.58317
           3.49729
         -12.55116
           2.44045
           3.18202
          -0.08368
          -1.95211
           0.27182
           6.69262
           6.73856
           0.86975
           3.96343
          -3.93185
          -3.69742
          -0.04880
           2.59395
          -4.33801
          -0.52319
          -2.11961
          -1.80694
          -1.61493
          -1.75415
           2.17459
           4.26412
          -1.44829
           3.19894
           3.19915
           6.04227
           4.11773
          -8.67530
           5.36671
           3.16023
          -4.23267
           3.71913
          -1.00137
           7.57576
          -1.31727
          -1.67673
          -3.54892
           1.77429
           4.55335
          -0.16876
           8.31387
           0.15593
           2.60544
           1.91781
          -6.21703
          -1.30837
           4.68962
          -1.92863
           3.13752
           1.79064
          -0.25985
          -3.23780
          -3.53137
          -7.25101
           6.44795
           2.15969
          -6.30949
          -9.15047
           4.10888
          -4.95928
           0.69683
           5.01707
           4.66756
          -3.40556
          -7.51276
           1.62926
         -10.02208
           7.11040
          -4.46182
           3.40430
          -1.02280
          -0.53346
           1.56600
          -1.93044
          -2.06114
           2.55742
           1.62978
          -0.63668
           0.38348
           0.27263
          -2.44539
           4.54801
          -1.73083
          -7.70614
           1.60364
          -0.56219
           2.03257
           5.21706
          -4.15732
           3.16287
           3.13156
          -0.18654
          -0.64618
           0.63368
           7.71014
           3.07453
           3.06800
           1.95436
          -2.39406
           1.97661
           0.35886
           3.95505
          -3.61678
          -0.37561
           1.53969
          -0.14556
          -2.37202
          -5.59034
           3.46284
          -3.75465
           5.48155
          -6.09019
           3.50724
          -5.47813
           1.89196
           5.00141
          -1.78518
          -4.96069
           5.65830
          -4.50486
          -5.26502
           2.36325
          -1.48329
          -0.44541
          -6.96461
           1.72536
          -4.35743
           4.19499
           1.27014
          -1.92033
          -1.06733
          -0.07562
          -3.36313
          -1.40838
           8.10120
          -1.30448
          -0.62438
          -2.03654
          -0.24153
          -2.06878
          -0.13495
          -0.09264
          -3.10486
           3.29440
           2.18049
           2.50618
          -1.31291
           2.54451
           2.62942
           0.60712
           3.45296
          -1.33696
          -6.32171
           2.37376
          -0.64832
           2.14242
          -3.55179
          -1.25332
          -3.50295
           8.21447
          -3.04806
           1.46658
          -3.02901
          -3.79422
          -6.04457
          -4.03482
           3.90555
           5.97704
           1.87033
           3.12194
          -5.27470
           0.76841
          -1.75409
          -1.58993
          -4.74598
           5.37525
          -3.14453
           3.80767
           7.90138
          -6.89349
          -4.36784
          -4.93159
          -3.73026
          -9.45335
           4.61980
           4.37098
         -11.25354
          -1.90330
           4.20417
          -2.97016
          -1.10665
          -8.33506
           2.55124
           5.83457
           2.89663
           2.50496
           6.84524
           2.46557
          -4.37971
          -3.74214
          -0.74188
          -2.52740
           2.60303
          -3.56114
           5.15967
           1.79734
           2.33062
          -0.53923
         -12.56667
               NaN
          -0.93442
          -3.45942
          -2.69919
          -2.79461
           0.48558
           4.85566
           0.61560
          -4.77829
           0.24120
           0.53566
          -4.41974
           1.52977
          -1.97007
          -3.20519
          -7.03910
          -5.41514
          -3.26676
          -1.59288
           2.45830
          10.94172
          -6.18087
          -2.11963
          -1.42446
           1.15266
           1.73872
          -3.25234
          -6.25776
           4.47994
          -3.22039
          -2.16040
           0.17104
          -3.21004
          -3.91935
          -3.17710
          -1.96469
          -4.31699
           1.58145
           1.65738
           1.91982
          -3.50905
          -5.72360
           1.42095
           3.20104
          -5.26400
          -3.21129
          -4.44178
           3.46117
           2.28230
          -2.85664
           4.68399
          -6.15525
          -1.52643
           1.52951
          -0.12357
          -0.36933
           8.20206
          -1.91002
           0.36422
           2.05010
          -7.89940
          -0.02218
          -1.11909
          -5.81174
          -3.84667
           4.00626
           0.47952
           3.76344
          -0.20967
           0.97678
          -3.74099
           2.40311
          -0.98932
          -2.04545
           8.09408
           8.10753
           0.31559
          -1.24843
           5.58925
          -4.07836
          -4.32492
          -5.24056
           2.97287
          -5.26027
           4.17432
          -1.31927
          -5.56714
           4.90287
          -5.62929
           3.62551
          -4.53437
           4.82930
          -4.58385
          -9.46607
          -1.48511
           4.21141
          -7.71268
          -4.59885
           2.27294
          -7.01994
           6.86578
           0.51540
          -1.31283
           0.24898
           5.19879
          -0.21167
          -4.73544
          -2.60983
          -5.13704
          -0.86023
           4.28442
           4.70569
          -2.66959
          -5.75653
           1.23895
          -3.04008
          -2.23939
          -3.46007
           6.48164
          -0.61254
          -0.27024
          -2.30755
          -1.10185
          -0.72296
           7.82010
          -0.35619
           6.35094
           0.51208
          -3.18096
           0.52965
           5.55755
           5.53192
          -0.09727
          -8.39354
          -2.35160
          -1.19310
           0.55149
           2.44152
           2.86898
           5.15376
          -3.79835
           3.51040
          -3.82818
          -0.41590
           3.14410
           2.21604
           3.51601
           0.25843
          -5.77946
          12.33979
          -1.10509
          -1.10028
          -3.96513
           0.35282
           1.98916
           2.60005
          -2.27923
           2.42431
          -3.80883
          -3.54061
          -4.22131
           5.68560
          -4.12626
          -1.43820
          -0.68832
           1.31611
          -0.82279
           4.97603
          -1.72553
          -4.84262
           3.90934
           2.11904
           4.05312
           0.08372
           0.40516
          -3.56367
          -3.88798
           3.98662
          -5.80869
          -2.85349
          -1.33376
          -1.72678
          -2.27044
           3.15221
           0.50651
          -2.44190
          -1.52816
           1.19042
           2.05947
          -5.76069
           1.51770
          -6.17557
          -4.20788
          -4.65101
           2.39479
           9.84176
          -5.20932
           3.22539
          -2.67960
          -0.31986
           0.11166
          -1.35115
          -2.83141
           1.20474
          -4.87150
          -2.05793
          -5.67781
           3.49182
           4.78273
          -0.08785
          -6.06022
          -0.79377
           3.99077
         -12.27587
           3.15606
           4.45707
           2.49651
           5.78088
          -2.92683
          -1.45128
           2.08801
           1.38520
          -2.43534
          -5.05268
           3.65989
          -0.54805
          -3.59678
          -2.52151
          -1.31243
           0.63053
          -2.82999
           0.05607
           6.49999
         -11.30859
          -4.93968
          -7.08188
          -1.64888
          -2.08985
           0.48367
          -8.33933
           4.45807
           1.38955
          -3.54266
           3.94724
           4.16011
           1.41846
          -3.78185
          -1.17656
          -5.29125
           1.54092
          -7.24396
           3.94383
          -3.45634
          -0.92894
           9.89941
           5.37317
          10.68600
           0.74995
           3.99185
          -8.98415
           5.06874
          -5.23584
           9.39952
           3.56401
          -4.98834
          -1.33394
           4.27615
           1.03808
          -0.37562
           3.01763
           1.99549
           1.42062
           2.34394
         -11.44984
          -8.28679
           3.74651
          -3.60781
           3.62933
          -0.72974
           8.58727
           4.12523
               NaN
          -2.18893
           3.58701
          -6.58837
           4.29711
           1.82907
           6.18167
          -4.22803
           0.37075
          -1.87232
          -0.95444
           4.62524
          -7.34158
           0.80681
          -9.35736
          11.44764
         -32.35686
         -14.15760
          25.66576
         -27.71165
           4.65590
         -18.13996
         -18.76745
          14.92889
          10.01942
          -4.85697
         -19.99501
           1.90635
         -35.63323
          25.56260
          -9.72863
           4.81448
          18.18222
          34.87932
           3.89953
           4.14747
         -20.00179
          -5.19324
          26.17138
          22.11863
          -1.79551
         -13.33375
          -6.57059
           6.62872
          -2.67464
           4.69938
           6.47222
         -10.37457
         -18.55831
           4.44781
         -33.07124
           5.02132
          17.53903
         -15.60881
          13.14579
           3.62827
          18.77976
           9.20703
         -21.21953
          -5.63486
         -10.93762
          -9.77270
          25.87648
         -17.93917
         -21.34587
          11.97558
           8.14687
           3.58912
         -13.38918
         -16.79010
          13.68729
          -0.89257
           9.81344
           9.91097
          34.37898
          15.04353
           1.81628
         -17.01370
          19.71518
           9.55653
         -13.76085
           8.10749
          12.72809
          24.47236
         -30.59367
         -12.93544
           2.59003
          -3.51380
          17.12896
          -4.32823
          14.90538
          18.94006
         -14.71432
          25.11468
          24.47670
           9.94584
         -13.00200
          13.18798
          -1.01950
          -4.89310
         -32.17422
         -22.76374
         -38.57669
         -19.10450
         -23.18087
         -21.11016
           3.21114
          36.58065
           2.00495
          -4.82582
         -20.06830
           1.72353
          -5.37135
          11.47450
          -4.80153
         -11.66088
               NaN
           2.89138
          27.62241
          -5.93297
          10.78376
           2.37410
         -20.29523
          10.24955
          10.89298
          -1.46987
         -31.85199
          -3.78066
         -13.49273
         -14.82386
         -33.24599
           2.55617
          22.97580
          10.18393
         -19.10177
          10.05550
          13.80012
         -15.76843
           3.01949
           9.02218
          25.72099
         -24.71650
          37.01045
         -30.82031
          -1.06914
          -9.18681
          19.43084
         -12.88387
         -18.94229
           3.55668
          -4.93119
           5.11911
          10.86317
          21.13464
          16.58454
         -26.03387
           4.15637
         -14.39326
           7.99369
          11.48349
          12.67410
         -13.83485
          21.01465
          -6.80940
         -13.44370
           5.88710
         -12.03347
          21.20738
          -0.96694
          -3.86664
          -5.42545
          -6.98079
         -32.47885
         -21.24596
          -6.12295
          23.51126
          35.00833
           1.36118
         -13.82302
          -4.22631
          25.75831
           6.43899
           5.55438
          -8.75918
          15.68549
         -26.35673
          14.78056
          -3.17315
          15.34696
           8.63484
         -23.14702
          37.71552
          -8.79262
          -4.61276
          12.82402
          -2.34460
           9.74217
          12.00970
          10.08003
          20.61506
          29.71288
          -5.81649
         -19.78328
         -12.60907
           9.94566
           2.47229
          -2.47687
           9.73676
           5.29258
           4.17461
           9.58428
          33.19781
          -9.34703
           1.64888
         -14.66620
           5.85017
           1.29383
          -9.85157
          -9.79622
           2.57490
          18.64551
           4.58335
           3.58019
           4.82162
          -9.33818
          39.40440
          -1.95159
           3.93342
          12.87554
          -0.68310
         -13.89929
           2.32654
           8.94552
         -11.93542
          12.39307
          11.11452
          16.86995
         -17.99285
          17.97646
          16.12023
           3.71388
          18.93534
          -0.17152
           4.58554
          14.99322
         -12.70185
          -4.05527
          24.34433
          -5.49281
         -26.95034
           3.53511
          -6.70768
          21.99976
          -6.59665
         -10.08839
         -31.80378
           2.33181
          -2.69203
           7.29595
           4.16741
          15.60721
          11.76421
         -30.82312
          -5.23039
          32.60986
         -14.46031
          35.35865
         -33.94982
          17.77104
          17.88309
          -1.10325
          10.78521
          11.00566
          20.60011
          -9.37826
           8.23286
         -17.44220
          -2.74223
           5.36187
           2.67385
           3.54561
          -6.36154
          -3.25043
          14.95954
         -15.55116
          20.99526
          21.68244
          11.81894
           4.54762
           3.07486
          -9.31508
          12.45971
         -18.05202
          10.27198
           5.30626
          -7.64071
          24.10513
         -22.18982
          12.90061
         -25.79335
          17.85664
         -14.44733
          10.99278
          -4.99756
          10.00569
           5.78039
          -8.83653
         -28.68300
         -26.28803
          43.89602
         -16.55285
          -4.76491
          11.12307
          28.52538
         -34.97863
          20.37359
         -17.93777
          10.47573
          -6.00836
          -1.59497
         -10.05396
          10.90029
          12.13335
         -43.59549
           0.12037
           7.84991
         -33.05209
           0.89491
         -27.66874
         -13.48606
          -2.95602
          -6.51127
          27.34532
           8.12698
         -15.79958
           5.67782
          10.58582
         -13.79842
          24.28711
          -0.23585
         -33.54290
          24.82039
           0.40653
           1.12716
          -1.82901
           3.68148
          32.82403
         -15.40111
          29.04723
          -9.14345
         -16.66896
           0.10159
          -0.28001
          -4.01671
          21.67694
         -28.26541
          25.36357
          -7.93674
           1.75082
          12.31870
         -12.66290
          23.80428
           5.23872
         -13.54024
         -26.26617
           9.49226
          25.94344
          16.34992
           3.53715
          38.07732
          14.39757
          -4.42407
         -20.48254
          -3.61086
          -3.30024
         -20.03395
         -26.30362
          11.42295
          11.83073
           1.36137
         -27.13057
         -12.75498
          -5.67741
         -10.78064
           6.38987
          -4.74050
         -13.24460
           7.59860
          -0.68602
         -19.19413
           5.78320
           1.69024
           3.61268
          11.48302
           5.77941
          13.20576
          -0.01776
          -8.07997
          38.54903
          -3.07807
           8.23092
           8.44353
           1.47525
          17.92998
          -9.19607
           3.35817
         -25.06341
           5.65678
           9.89122
          13.96366
          -9.72283
         -27.23476
         -24.69216
          -3.80387
           5.26374
          13.80776
         -14.95053
          11.30114
         -13.26420
           1.38215
           0.05566
           5.66458
          -0.58409
           1.46030
          10.93516
          -5.63300
          17.96593
          18.34171
         -41.26296
         -36.16438
           9.21273
           1.85984
          -3.18186
           8.02469
          -3.74566
          13.81910
          10.82538
         -23.83557
         -16.10612
         -15.84047
          19.20519
         -40.62355
          -9.51664
          -1.01446
         -14.01147
          -5.94009
           0.66153
          15.78066
           9.12077
         -17.26340
         -22.66680
          -0.36105
          23.97171
          -1.13729
          20.33728
          14.03101
          -7.50915
         -10.56804
          -7.80208
           3.12999
           3.27461
          18.61274
          27.43219
           2.39865
           6.57446
          -6.24774
         -20.91526
          16.64148
          -6.73923
          13.04758
          -4.71280
          13.39860
          -2.84431
         -29.89713
          -0.92729
          -4.18367
         -24.86399
          -8.18330
          17.12811
           5.25343
          -7.81793
          27.54692
         -26.69254
           2.82187
           5.23983
          21.78091
           4.26501
          -8.18877
          20.33855
          -5.37269
          -9.45328
          -8.66864
          25.39447
           9.03934
          -0.26712
          -6.54505
         -10.45307
           2.07968
          -0.24613
         -14.81449
          -6.36982
         -20.04215
          -5.77491
           0.24263
         -33.28617
          -1.63676
          11.49430
           0.05674
         -14.21890
          17.95359
         -45.49620
          13.97228
          12.00534
           3.60048
         -16.14471
           0.50738
          20.96482
          24.20838
           5.39496
          14.34170
         -13.13397
         -11.76669
           3.64143
          12.50101
         -16.76508
           4.37762
          -2.41034
         -15.30809
         -11.70019
         -11.78952
          11.09072
          21.00622
         -17.58803
          12.80297
           7.38632
          12.39831
          20.94223
         -29.37801
          19.69195
           8.51697
          -7.23670
           6.97030
         -13.23847
          34.43729
           0.50598
          -8.98701
         -20.29344
           3.73776
           5.17176
           0.47094
          33.66371
           2.38278
           4.10889
           1.59981
         -13.55180
          -6.88269
          17.53962
          -2.68444
           7.53378
           6.46506
         -14.90053
         -14.30777
         -11.15187
         -23.50608
          26.77703
           4.98955
         -25.83668
         -25.16268
           7.27776
         -22.52556
           5.01128
          18.93081
          20.63698
         -17.43218
         -28.63645
          15.37001
         -33.60449
          21.92674
         -26.75688
           7.34148
          -7.87778
          -5.78872
           6.18994
         -10.09758
          -2.95376
           8.32015
           8.90550
          -5.26756
           1.58122
          -7.57754
          -7.46227
          21.60636
          -3.61611
         -10.47054
           0.32319
          -9.80780
           7.50415
          12.47035
         -21.12133
          12.75678
          13.99479
         -10.44339
          -3.20606
          12.25346
          40.30611
          13.70433
           6.60807
          -2.33457
          -9.40302
           3.65493
           3.51513
          23.65936
         -17.07332
           7.11341
          -6.14554
           2.25599
          -2.35582
         -20.48835
          19.30682
         -17.42425
          27.99775
         -25.43631
          -2.38055
         -26.67728
           1.52120
          25.24090
         -17.77812
         -20.33024
          20.76329
          -7.51280
         -18.62688
          -1.37252
          -7.84132
          -1.65660
         -33.02498
           0.61059
          -3.24609
          17.12819
           9.51750
          -8.46067
          -1.76509
           1.09225
          -3.52337
          -7.41151
          23.09544
           2.06656
         -12.76670
          -2.22402
           0.36622
         -15.65898
           5.91501
           2.74032
          -0.05556
          12.30628
          16.58632
          10.60481
          -3.40661
          16.24792
           1.96419
           4.54097
          22.43497
           3.54093
         -34.57700
          -5.04674
          -5.99739
          -0.79079
         -10.79363
          -1.62418
         -12.01867
          33.67256
         -26.23815
          12.09118
         -11.80604
         -15.49813
         -21.64344
           0.29751
          25.08863
          16.28763
          20.16272
           1.05838
         -15.03518
           2.58516
         -10.17808
           3.30996
         -17.81902
          11.68628
          -1.90256
           7.47640
          25.02080
         -27.47606
         -22.20818
         -15.82412
         -15.32195
         -23.40213
          13.58420
           6.14399
         -33.61761
           0.84428
          20.21444
          -9.25889
          -0.37790
         -21.35355
          15.82742
          21.21742
           9.86190
          12.83735
          27.27832
           6.84676
         -20.30719
          -2.98887
           4.49534
           0.38639
           5.35724
         -22.30850
          18.12130
          -0.03014
          17.28385
           1.81038
               NaN
         -39.99390
          -4.40539
         -18.96914
          -4.30528
         -16.70081
           4.87176
          20.09055
           0.47487
         -14.64906
          13.06575
          -4.19063
         -26.79523
          -5.26253
          -5.16723
          -8.89338
         -16.83730
         -11.39954
          -2.81767
          -0.50817
          -1.20572
          28.22305
         -23.15503
          -3.37024
           2.35376
           8.36265
          -2.22757
         -11.48339
         -20.35478
          12.83726
         -14.07209
         -10.16070
          -4.37986
          -5.12216
         -15.49956
          -8.83559
          -0.61852
         -12.81259
           7.18749
           2.01894
           1.88536
         -15.43025
         -30.67233
           6.61635
          19.91712
         -23.80119
         -14.59909
         -20.85148
           1.41479
          12.54884
          -4.66872
          19.91047
         -21.83222
         -10.34198
          -2.64427
          -0.70561
          -7.04386
          28.64478
         -12.87950
          -5.76981
          -1.66953
         -30.89303
           4.44014
          -0.95481
         -18.17088
         -11.16228
           8.80358
           5.90367
          19.94475
           0.95499
           7.55114
          -5.72648
           7.76348
          -6.38026
          -3.83126
          21.34030
          13.80790
          -9.72807
          -1.71904
          10.02894
         -23.31900
         -15.99791
         -17.39265
          13.59428
         -14.73237
          29.84335
         -19.35793
         -18.62647
          12.30172
         -23.84368
          17.87650
         -14.04536
           8.32393
         -28.78097
         -28.12580
         -12.82723
          10.70901
         -37.17771
         -14.93322
           1.56983
         -15.83871
          15.87118
           7.59303
         -13.21404
           4.69030
          21.90306
          -7.31513
         -24.18888
          -8.65536
          -9.82056
          13.25197
           6.80933
           8.85389
         -15.27758
         -22.06925
          -9.17646
         -10.30892
           9.59861
         -19.73001
          32.15877
          -2.59478
           0.19376
          -1.50207
         -10.54316
          -6.39469
          21.80203
          -0.98859
          26.31788
          -5.68705
         -17.37890
          12.06418
          18.37239
          22.09218
          -2.19667
         -21.91287
          -8.57184
          -3.54739
         -10.46460
           3.69204
          11.10946
          18.99065
         -20.78608
          13.82657
         -11.14898
           3.16232
          13.26036
          13.45401
          12.19915
          -1.95284
         -28.06839
          36.49883
          -8.37549
           4.03430
          -7.67419
          11.72542
           8.25564
          14.74002
          -7.16718
           7.68573
         -10.64481
         -15.27798
         -16.22012
          24.43420
         -17.79444
          -2.90930
          -9.73474
          -4.12000
          -7.32318
          17.00302
         -13.94222
         -21.58911
          12.01526
          11.70970
          -0.11684
           5.01597
          -0.76912
         -19.74149
         -22.31363
          12.38650
         -25.99751
         -10.83071
          -4.61957
          -8.38061
         -10.87884
           3.78937
           0.25645
         -19.66656
          -8.64034
           7.18427
          15.19176
         -17.94470
          -0.02177
         -22.11110
         -23.25194
         -13.56579
          13.51249
          39.00392
         -13.91353
          10.62261
          -8.34827
          -8.04245
          -2.62887
           2.75086
         -14.55834
           5.98795
           0.61347
          -6.57478
          -8.64276
           6.91519
          15.74966
          -5.24183
         -20.60811
           8.16701
          17.05508
         -35.59438
          13.99127
           0.10365
           9.81464
          13.37103
         -10.92533
          -2.50870
          -0.85951
           2.44746
          -6.59861
          -5.94474
           4.47321
          -7.77389
         -13.53766
          -6.85181
          -6.58872
         -10.04012
         -11.97327
          -4.02592
          25.50593
         -39.89241
         -15.24845
         -31.59225
           2.88111
          -1.95845
           5.83940
         -32.72597
           4.06125
          14.07232
         -12.58610
          11.39110
           6.14719
          -0.62129
          -8.57848
          -4.10057
         -12.56935
           5.35798
         -28.47646
          16.10574
          -6.78748
          -4.52877
          30.95245
          17.43283
          28.78952
           1.58770
          18.06369
         -32.15739
          20.39137
         -23.19839
          34.54395
          15.03795
         -21.00323
          -5.92743
          11.27060
           4.66202
           0.52027
           3.81304
           9.75266
          10.19825
          15.91438
         -40.57403
         -30.57877
          12.39043
          -2.29381
          25.54751
         -14.42295
          27.84926
          18.14659
          39.32147
         -16.32686
          15.77701
         -24.73189
          12.91158
           9.34127
          29.11754
         -24.09610
           2.30864
         -20.32760
          -5.59529
          18.38474
         -28.59289
          -0.86482
          -4.08618
           1.48012
          -2.14817
          -1.12192
           2.53112
          -4.80222
           2.96279
          -3.34606
           2.83509
           3.10820
           0.07956
           1.42593
          -1.31965
          -0.37131
          -4.64468
          -1.23342
          -0.48287
           0.36730
           0.77199
           6.20125
          -2.35342
          -0.80393
          -1.18004
           0.47493
          -1.94523
           3.22005
           0.69520
           0.21086
           5.00352
          -3.08452
           3.03497
           0.78271
           0.80735
          -1.88843
          -2.05110
          -1.13249
          -2.14263
           3.45936
           2.03197
          -1.09870
           1.32036
           1.47388
           0.21978
           1.65339
          -0.07417
          -0.86154
          -1.37344
          -3.17215
           1.46399
          -3.26458
          -4.14397
           2.13359
           1.62245
          -0.49889
          -0.70325
           3.08809
           2.04285
           0.67017
          -0.33595
          -1.68308
          -1.39456
          -3.17873
          -0.28009
          -0.22418
           5.30127
           4.36560
          -1.61275
           2.32508
          -0.60363
           6.08174
           0.26730
          -1.09730
           1.27049
          -0.48392
           2.24978
          -0.69811
          -1.71719
          -0.86323
          -2.48989
           0.32059
           2.65952
          -0.95168
          -1.52564
           0.20126
           0.38977
          -0.55975
          -6.23615
          -0.98324
          -5.16946
          -5.29418
          -0.39206
          -2.80787
           2.62721
           3.46144
          -1.89413
          -0.67299
          -1.36740
          -0.94098
          -1.20040
           0.93439
          -1.02074
           2.22020
          -3.79441
           5.22801
           4.17145
           1.09975
           2.13145
           2.23553
           1.14569
          -1.75018
          -4.81412
          -0.04814
          -6.29342
           0.48422
           0.75999
           2.95532
          -1.04854
          -0.21670
          -1.06601
           0.48101
          -3.72694
           2.24557
           0.73398
          -1.51414
           3.21124
          -1.19250
           1.85568
          -1.12884
           3.01793
          -4.46088
          -3.03850
           0.35042
           1.40960
          -2.44844
           0.04772
           0.15570
           2.20378
           1.47193
           0.12223
           1.60046
          -0.16684
          -1.90910
           0.09728
          -3.75543
           0.36512
           0.31022
          -4.34532
           0.01741
           0.12298
           0.27127
          -1.21011
           1.28417
          -1.00104
           2.51322
           1.29664
           1.94108
           2.95293
           0.80964
           1.56364
          -1.79091
           0.52976
           2.78038
           1.50273
           4.82989
           2.32080
          -2.03986
          -1.40524
           0.82067
           0.48279
           0.82817
           4.73237
          -0.02205
           1.71585
          -2.42432
           1.72499
           3.77384
          -2.83546
           2.42007
          -0.14245
          -0.40197
           0.30914
          -2.80359
           2.60507
           2.05907
           1.55007
           1.39803
           1.71346
           0.42464
           1.43007
          -2.47552
          -1.77397
          -0.18624
           3.33356
           0.28730
          -2.98923
           1.30999
           1.59902
           1.43340
           0.30247
          -1.04634
          -2.08516
           2.56493
          -4.29770
          -3.43248
          -2.11918
           0.11892
           0.26222
          -2.17039
          -0.85587
           1.54782
          -3.49759
           2.80050
           3.76488
           3.00283
           2.47619
          -3.19777
          -0.49731
          -2.52124
           3.99757
           0.40415
           3.78653
           3.57594
           0.30111
          -3.70930
           4.30379
           3.02210
          -0.01090
           0.46897
          -0.14909
          -0.69770
           4.66293
           1.08732
           3.87776
           1.04371
           1.14515
          -1.52137
           1.44693
          -2.56533
           4.61605
          -1.58520
          -5.06133
          -3.33291
           0.73337
          -2.18826
          -1.31354
          -1.73546
           3.18572
           4.20386
          -4.18860
          -0.62463
           3.39621
           2.22530
               NaN
          -1.56528
          -2.72851
           1.31767
           0.28914
           1.47862
          -0.73177
               NaN
           0.96997
          -1.95513
          -3.45243
          -0.07541
          -2.11956
          -1.42851
           0.34648
          -0.26722
           0.14392
          -0.79661
           3.08771
           0.81429
           1.51839
           1.56448
           3.39149
          -0.78658
          -2.02088
           1.63612
          -1.41028
          -0.79519
          -4.13198
          -3.58122
          -0.47738
          -1.88746
          -0.63240
          -2.30112
           0.01043
          -4.67595
           2.30825
           3.09793
           1.22565
          -0.51992
           2.92555
               NaN
          -0.05246
           5.28646
          -3.67849
           2.35117
           4.70406
           5.06576
          -4.20756
          -1.55059
          -1.15183
           1.95385
          -1.45537
          -0.33037
          -2.24141
           2.33605
           4.21870
          -0.96637
           3.74477
           1.54107
          -1.26360
          -0.04580
           0.36430
          -0.34880
           0.64924
          -3.68662
           2.25863
          -0.87065
          -0.85044
           4.67893
           5.58360
          -2.37660
           1.24812
          -0.42391
          -3.66740
           0.79155
          -0.33744
           2.56508
          -0.49238
           2.19652
          -3.05617
           1.30724
           0.57473
          -0.13405
          -0.09674
          -0.04459
           0.98670
          -1.13874
           4.35805
          -2.03455
           5.80242
          -2.64292
          -0.64192
           1.82854
          -4.21991
          -0.14996
          -1.10728
          -4.47651
          -0.01187
           1.66792
           1.78449
           1.71333
           3.66923
           2.57606
           2.57137
           3.09412
          -2.73663
           1.54668
          -1.39968
          -3.05943
          -0.94958
           1.10555
           1.13463
          -5.13805
          -5.69762
           0.48226
           0.12221
          -1.22430
           1.38798
          -0.58150
          -1.82439
           0.45224
          -0.94306
          -4.59807
           0.95597
          -1.73505
           0.82641
           1.62334
          -1.24790
           1.74831
           4.43511
          -0.62623
           3.64207
          -0.78104
          -0.09097
           0.57604
           0.05558
           0.40999
          -1.76950
          -0.31507
          -2.62296
           3.74404
          -0.84739
           2.00197
           2.92316
          -2.88160
          -3.19755
          -0.03049
           0.97295
           0.64259
          -1.31216
          -2.10583
          -1.41340
          -1.49416
          -1.73514
          -0.25221
          -3.35733
          -1.00862
          -1.30317
          -2.73934
           0.91530
               NaN
          -3.81327
          -3.36155
          -1.14033
          -2.34910
          -3.45127
          -1.59734
          -1.92131
           2.93857
           0.28357
          -0.15794
          -1.70526
          -1.97609
           4.10314
           0.46134
          -1.93009
           2.21592
          -2.04373
          -2.12601
           0.55762
          -2.14099
           0.44956
          -3.36514
          -2.25802
           0.17510
           3.36103
          -1.07104
           3.95993
           2.04272
          -0.97295
          -1.34859
          -0.68032
           0.86813
           0.54371
          -0.20277
          -0.84980
          -0.22461
           1.14641
           0.96399
          -4.90457
           5.54905
           2.04212
          -1.77419
           3.36268
           1.68087
          -3.64716
               NaN
          -1.25886
          -0.65064
          -2.99665
          -0.09908
          -0.62256
          -0.13063
          -2.28454
           5.13850
           0.61774
           1.78733
          -1.70989
           5.65592
           2.12079
          -1.85445
           1.88617
          -0.09125
          -3.65756
           1.80219
           1.92391
          -0.03950
          -3.79867
           0.39091
           0.00695
           1.23379
           2.46538
           1.61833
          -2.46675
          -3.70505
          -2.46178
          -1.03074
          -2.81717
          -3.11276
           1.34780
           0.16897
          -2.44402
           0.28796
          -5.23728
          -0.11965
           1.22322
          -0.90157
           1.19868
           0.21952
           3.52416
           2.86022
          -0.13486
           1.65943
          -1.88896
          -1.90603
          -0.86804
           0.39456
          -1.57917
          -1.61118
          -2.05507
           1.19035
           0.62402
           0.47373
           0.19519
           0.54734
           2.13476
           1.06682
           2.26958
           4.63121
           0.38266
          -4.07926
           2.18647
           1.97102
          -3.56577
           2.99736
           1.71529
           1.61244
          -1.72204
          -0.05383
           0.16840
           1.33840
           4.41607
          -0.31078
           2.68615
          -0.33844
           2.27167
           1.98841
          -4.58870
          -0.07086
           1.83689
          -1.76084
           2.16154
           0.75291
           2.99041
          -0.78024
          -1.83960
          -3.64235
           1.93485
           1.53146
          -1.97441
          -5.59572
           3.40538
          -1.05953
          -0.26099
           1.92819
           1.12231
          -0.29162
          -2.82325
          -1.42122
          -4.78674
           3.82114
           0.48773
           2.53024
           0.49902
           0.63322
           0.53947
          -0.11731
          -1.86297
           1.27808
           0.01456
           0.39139
           0.11757
           2.01538
          -1.33163
           0.76102
          -1.31230
               NaN
           1.88790
           1.49035
           0.81786
           3.60681
          -0.39127
           1.03300
           0.71990
           2.09051
          -0.07788
          -1.94593
           0.47376
           0.71469
           2.28210
           2.90651
          -0.83806
           1.60402
          -0.34184
          -0.41936
          -0.62940
          -2.03819
           3.24582
          -0.67871
          -2.37562
          -2.28296
          -0.05457
          -0.71997
           0.48290
          -1.79531
           4.81434
          -0.77187
           1.97427
           0.50819
           1.76528
          -1.54861
           2.30495
          -3.83709
          -2.29865
           3.19260
          -0.07179
          -0.17653
          -1.17915
           1.97285
          -4.60416
           1.32379
          -0.56079
          -0.46836
          -0.91243
          -0.33489
          -3.32756
          -0.07567
           4.77244
          -2.05286
           2.07125
          -1.99492
          -0.37645
           0.94827
          -1.47805
          -0.72157
          -3.78181
           1.29375
          -1.01764
           0.70826
          -0.84811
          -0.49768
           2.77710
          -0.26620
          -0.76109
          -2.41986
          -0.04897
           4.02112
           0.53919
           2.79359
          -1.94409
          -1.17098
          -1.61244
           2.56272
           2.10019
          -0.89210
          -1.08048
          -1.19593
          -2.58158
          -4.99661
          -0.79715
           3.68807
          -2.19062
           3.58005
          -3.10785
           0.36509
           0.11606
          -2.67772
          -1.84374
           3.97419
          -3.42025
           2.99320
           4.10082
          -2.32412
          -0.40724
          -2.51343
          -1.15688
               NaN
           2.62969
           3.97737
          -6.28866
          -2.51327
           0.64986
          -1.57405
          -1.26844
          -5.44493
          -0.39611
           2.41954
           1.35033
           0.21115
           2.30905
           1.49293
          -0.84378
          -3.90937
          -1.90455
          -3.17427
           1.99158
           0.60082
           2.28216
           2.20304
          -0.98903
          -1.06086
          -4.99086
               NaN
          -0.16385
          -0.01623
          -2.34263
           0.29260
          -0.48816
           1.47348
           0.64684
          -2.58695
          -2.60588
           1.58491
           0.54766
           3.03767
          -1.26030
          -1.94240
          -4.86388
          -4.08659
          -3.36646
          -1.83369
           3.27171
               NaN
          -2.41257
          -1.84199
          -2.26323
          -0.44797
           2.61924
          -1.42503
          -3.12819
           2.62460
          -0.81129
          -0.38432
           1.18135
          -2.78554
          -1.34852
          -1.92090
          -2.26354
          -2.43095
           0.33690
           1.57712
           1.92747
          -0.86252
          -0.18493
           0.26756
          -0.50997
          -1.14871
          -0.68317
          -0.79879
           3.91548
           0.00311
          -2.45435
           1.30367
          -2.67493
           0.43064
           2.45610
           0.00565
           1.11243
           3.66373
           0.52522
           1.72599
           2.87586
          -2.79477
          -1.01282
          -1.15556
          -3.06798
          -2.22258
           2.94125
          -0.72465
           0.17115
          -0.46823
          -0.48274
          -3.30021
           1.21309
           0.20748
          -1.64900
           5.15339
               NaN
           2.54530
          -1.14396
           4.60363
           0.19311
          -1.73349
          -2.54276
           0.61490
          -3.15744
          -1.52426
           2.68535
          -2.66794
           3.26030
          -1.58565
           0.46176
          -2.42291
           4.05348
           0.78796
          -5.32357
           1.03287
           2.76893
          -1.17138
          -2.30460
           2.42903
          -5.06215
           4.86656
          -1.05584
           1.32927
          -0.73700
           1.49040
           1.36532
          -0.41674
          -1.26771
          -4.09729
          -3.99316
           3.72388
           3.78478
           0.12941
          -2.13507
           3.55120
          -1.42638
          -4.86746
           0.15189
           0.78126
          -0.17248
          -0.37325
          -2.48637
           0.99414
           0.53618
           4.71609
          -0.21579
           1.91823
           1.88830
          -0.02899
          -2.03104
           2.71262
           1.85551
           0.36881
          -5.39222
          -0.97069
          -0.67044
           2.99709
           2.16390
           1.03957
           2.08194
          -0.02704
           1.22018
          -2.20295
          -1.21027
           0.89827
          -0.27881
           1.58834
           0.74934
          -0.83127
               NaN
           0.50895
          -2.24017
          -3.14171
          -2.17192
           0.59798
          -0.09505
          -1.19409
           1.25626
          -2.29122
          -0.93489
          -1.55755
           1.52336
          -1.09189
          -1.11162
           1.32001
           2.52294
           0.62031
           2.30601
           0.98660
          -1.12487
           2.10980
          -0.01011
           4.97886
          -1.01124
           0.66586
           0.02784
           0.20256
           2.12183
          -1.32673
          -1.08253
          -0.60430
          -0.24962
          -0.35935
           3.01076
           0.56202
           1.38201
           0.05075
          -0.14023
          -0.85593
          -3.05582
           1.85947
          -2.63785
           0.01994
          -2.67191
          -0.07336
           3.36769
          -3.27697
           1.58319
          -1.42114
           1.39456
           0.72007
          -2.26181
          -0.22801
           0.14286
          -6.08918
          -1.05518
          -5.01959
           2.73183
           2.34805
           1.05635
          -2.83056
          -2.78309
           1.09046
               NaN
           0.75062
           5.42354
           0.87186
           4.09585
          -1.15115
          -1.21653
           2.74237
           1.14937
          -1.51109
          -4.85464
           3.47933
           1.05610
          -1.38988
          -1.56017
          -0.14108
           2.99943
          -0.80016
           0.96228
           2.28063
          -4.96292
          -2.65111
          -1.64053
          -2.65455
          -2.11902
          -0.70531
          -2.92544
           4.54617
          -1.42605
          -1.53500
           2.29469
           3.71898
           1.87129
          -2.71699
          -0.52742
          -3.67550
           0.69352
          -2.53030
           1.24386
          -2.71682
          -0.12977
           5.22559
           2.69590
               NaN
           0.56397
           0.86787
          -3.83964
           1.66709
          -1.24811
           3.81741
           1.01677
          -1.43300
          -0.31418
           2.72336
           0.23356
          -0.57452
           2.84105
           0.27338
          -0.52804
          -0.66872
          -4.98420
          -3.33793
           1.82755
          -3.89952
          -1.23656
           2.31019
           4.31106
           1.01246
               NaN
           0.94972
           0.88080
          -2.56047
           2.38468
           0.16134
           1.08986
           0.18273
          -0.05946
           2.22480
           0.07584
           1.57060
          -2.62375
