           0.01058
          -0.30316
           0.18565
          -0.23803
          -0.94692
          -0.02212
          -0.27947
           0.12925
          -0.17354
           0.33232
          -0.19209
           0.15622
           0.24710
           0.12460
          -0.10928
          -0.35853
           0.12319
           0.26757
          -0.34692
               NaN
               NaN
          -0.61642
          -0.20039
          -0.84577
           0.52286
          -0.22705
           0.09779
          -0.25206
          -0.80565
          -0.03806
           0.07168
          -0.00358
           0.49566
          -0.22430
          -0.22531
          -0.58819
          -0.21556
          -0.81745
           0.39544
           0.44194
          -0.04796
           0.17104
           0.38409
          -0.21543
           0.22417
          -0.68820
          -0.01451
          -0.39812
          -0.35457
           0.41206
           0.02442
          -0.31622
          -0.21714
          -0.03617
           0.09504
           0.51356
          -0.35643
          -0.04958
          -0.53059
           0.42781
          -0.30724
          -0.00502
           0.17759
               NaN
          -0.19660
          -0.36507
          -0.35449
          -0.27371
           0.05303
           0.14802
          -0.06945
          -1.09766
           0.03797
          -0.32661
          -0.34427
          -0.00074
          -0.05860
          -0.15492
          -0.09816
          -0.24340
          -0.19730
          -0.02441
          -0.68977
           0.02558
          -0.11483
          -0.74909
           0.18063
          -0.41848
          -0.60056
          -0.55115
          -0.52087
          -0.04745
          -1.10390
          -0.63130
          -0.68541
           0.18208
          -0.58705
          -0.42666
          -0.08617
          -0.38277
          -0.30191
          -0.26188
          -0.02508
          -0.22768
          -0.42373
          -0.83078
           0.33733
           0.04566
           0.07649
           0.52171
          -0.54195
          -0.14611
           0.25674
          -1.05395
           0.21207
          -0.59828
               NaN
          -0.93807
           0.65232
          -0.71746
          -0.24525
           0.24078
          -0.12245
          -0.60691
          -0.69304
           0.12357
           0.12115
          -0.46989
          -0.66399
           0.09189
           0.10738
           0.55073
           0.24808
           0.05336
           0.42926
          -0.08416
          -0.13426
          -0.51123
           0.11470
           0.28806
          -0.23651
           0.13374
          -0.52472
           0.64358
           0.65638
           0.05532
           0.00500
          -0.24104
          -0.72918
           0.26814
          -0.62688
          -0.00822
          -0.13145
          -0.73136
           0.08607
          -0.20782
           0.47236
          -0.02937
          -0.64533
          -0.35873
          -0.04790
          -0.26540
          -0.10755
           0.01253
           0.11382
           0.00388
          -0.94528
          -0.19280
          -0.92679
          -0.20612
           0.05672
           0.01275
          -0.30003
           0.29951
           0.35776
          -0.25965
          -0.51998
          -0.20788
          -0.18837
          -0.32263
          -0.86610
          -0.34760
           0.32008
           0.11756
          -0.37417
          -0.35449
          -0.07875
          -0.44644
          -0.26418
           0.62228
          -0.05308
          -0.20757
           0.72835
           0.01315
          -0.58063
          -0.08081
           0.26719
          -0.11623
           0.04243
          -0.18929
          -0.08129
          -0.46968
          -0.23243
          -0.29436
           0.24158
          -0.55538
           0.21624
          -0.08483
           0.10123
           0.14134
           0.02278
          -0.00915
          -0.16062
          -0.25814
           0.01567
          -0.33883
          -0.29214
          -0.04865
          -0.43368
           0.33030
          -0.43222
          -0.45287
          -0.31675
          -0.64656
          -0.92242
          -0.45613
          -0.16987
          -0.43717
          -0.26331
          -0.22907
          -0.59213
          -0.30753
          -0.22193
          -0.66370
           0.47461
           0.37176
           0.28618
          -0.12344
          -0.27682
          -0.42557
          -0.68962
          -0.50959
           0.03401
           0.33035
           0.06890
          -1.05591
           0.03714
           0.05473
           0.44065
           0.04594
           0.45448
           0.23437
           0.49309
           0.46709
           0.69531
           0.21161
          -0.63368
          -0.33105
           0.12122
          -0.46822
          -0.00250
           0.07640
           0.49797
           0.31959
           0.55980
          -0.12297
          -0.56393
          -0.49065
           0.31150
          -0.28212
          -0.18256
          -0.56684
          -0.55656
           0.04149
          -0.65559
          -0.03218
          -0.09984
           0.26751
           0.08733
          -1.11806
           0.33593
          -0.16429
           0.37808
          -0.56615
          -0.24822
           0.41459
          -0.02274
          -0.15078
           0.00904
           0.20493
          -0.16182
           0.04969
          -0.88445
           0.23914
           0.27146
           0.04125
           0.09421
          -0.81685
          -0.31293
          -0.30494
          -0.12564
           0.31143
           0.65038
           0.48365
          -0.11919
          -0.19744
          -0.04019
           0.32909
          -0.13102
           0.03944
          -0.52984
           0.24240
           0.45365
          -0.00537
           0.16035
           0.21816
           0.37247
          -0.41943
          -0.37986
          -0.06205
          -1.05466
               NaN
          -0.19008
           0.16798
           0.80721
          -0.68922
          -0.14180
          -0.16582
          -0.33122
          -0.51870
          -0.58939
          -0.00132
           0.32036
          -0.17579
           0.03790
          -0.08733
          -0.01670
          -0.12481
          -0.21743
           0.42948
          -0.53166
          -0.53400
          -0.63488
          -0.53759
          -0.55627
           0.72724
           0.21321
           0.24217
           0.06713
          -0.01121
          -0.10070
           0.13215
          -0.43186
           0.29371
          -0.66089
           0.26801
           0.26065
           0.14885
           0.14330
          -0.80776
           0.55116
          -0.12199
           0.25924
          -0.23901
          -0.10201
          -0.20129
           0.00626
           0.47176
          -0.13295
          -0.21683
          -0.20658
          -0.83338
           0.61502
           0.32268
          -0.39229
          -0.21644
           0.13638
          -0.56014
           0.01107
           0.12247
          -0.01045
          -0.15839
           0.43341
          -0.42133
          -0.03276
          -0.10529
          -0.05574
           0.55523
          -0.17801
           0.55260
           0.00366
          -0.03393
          -0.32215
           0.32393
           0.42324
          -0.93787
           0.21118
          -0.18523
           0.10835
           0.09903
          -0.85735
          -0.04096
           0.41453
          -0.40670
          -0.24406
           0.16814
           0.48192
           0.35613
          -0.20589
          -0.63646
          -0.01261
           0.08830
           0.50969
           0.05667
          -0.79739
          -0.16681
           0.43103
          -0.57796
          -0.59515
           0.05831
          -0.03464
           0.50240
          -0.65037
           0.14405
           0.56072
          -0.01850
          -0.04656
          -0.03054
          -0.16168
           0.55709
          -0.15048
           0.18037
          -0.00493
          -0.60635
          -0.32759
           0.42619
           0.39528
          -0.30321
          -0.43027
          -0.32805
          -0.11293
          -0.36214
          -0.40361
           0.20118
          -0.38187
          -0.02175
          -0.40882
           0.12893
           0.47167
           0.70242
          -0.85974
          -0.01198
          -0.07480
           0.04574
           0.02820
          -0.20845
           0.28575
          -0.23997
          -0.73400
          -0.18933
           0.14719
          -0.78902
           0.09314
          -0.01217
           0.05271
          -0.60778
          -0.76829
          -0.12874
           0.03318
           0.12650
           0.30684
          -0.16206
          -0.51027
          -0.48522
           0.30019
           0.36086
          -0.04734
          -0.39988
           0.44447
          -0.10548
           0.05018
          -0.15299
          -0.55648
          -0.57275
          -0.21416
           0.34569
          -0.20367
           0.29655
          -0.73308
          -0.03614
           0.10090
           0.15213
          -0.33421
          -0.42314
          -0.96594
          -0.50712
          -0.48318
          -0.49800
          -0.29153
           0.66435
           0.40874
           0.00787
          -0.25197
          -0.99600
           0.41270
          -0.07312
          -0.70265
          -0.33124
          -0.50050
          -0.66469
           0.27741
           0.35114
           0.47661
           0.73882
          -0.77566
          -0.13113
          -0.06912
          -0.44149
          -0.12505
           0.00551
          -0.72384
          -0.09531
          -0.40222
           0.14519
          -0.11128
          -0.20836
           0.03181
           0.31432
          -0.55685
          -0.20229
          -0.42190
           0.13443
          -0.52908
          -0.08753
           0.62673
           0.48214
          -0.43970
          -0.31854
          -0.26099
          -0.07681
          -0.20468
          -0.43353
           0.40692
           0.37023
          -0.16693
           0.08549
          -0.01862
          -0.43960
          -0.09992
           0.55046
          -0.38648
          -0.70960
          -0.26869
           0.58897
           0.31021
          -0.35195
          -0.09397
          -0.67773
           0.44274
          -0.95992
          -0.33972
           0.41662
          -0.36013
          -0.09294
           0.17526
          -1.05023
          -0.88401
          -0.25514
          -0.68109
           0.21561
           0.28354
          -0.19382
          -0.02050
           0.05360
          -0.37516
           0.30633
          -0.07466
           0.26775
           0.75525
          -0.14608
           0.44365
          -0.22682
          -0.34532
           0.51218
          -0.35721
          -0.30389
           0.11707
          -0.28740
          -0.07953
          -0.79291
          -0.24520
          -0.19157
          -0.68539
          -0.13811
          -0.45129
          -0.57781
           0.22697
           0.01663
          -0.64854
          -0.08594
          -0.15741
           0.01036
           0.12771
          -0.75822
           0.59921
           0.20955
               NaN
          -0.34202
          -0.11656
          -0.46579
           0.55945
          -0.51630
          -0.68796
          -0.49007
          -0.22199
          -0.20213
          -0.57010
          -1.00787
          -0.48063
          -0.06169
          -0.77366
           0.45475
           0.53896
           0.12554
          -0.20867
          -0.37459
          -0.02482
          -0.37983
          -0.02516
          -0.05896
          -0.09016
           0.00183
           0.01809
           0.23497
          -0.21930
           0.17653
          -0.09609
          -0.14091
          -0.55777
           0.27151
           0.02459
           0.24578
          -0.19730
          -0.02479
          -0.34279
          -0.59487
          -0.36942
           0.17497
          -0.32680
          -0.27150
           0.13092
           0.60200
           0.05754
          -0.30695
          -0.02724
          -0.04367
          -0.13442
           0.29693
          -0.07778
          -0.27358
           0.39578
           0.46404
          -0.77294
           0.16789
           0.09719
          -0.16796
           0.49647
           0.27056
          -0.53093
          -0.40945
          -0.53644
          -0.63108
          -0.03041
           0.00659
          -0.36846
          -0.23355
          -0.36794
          -0.03463
          -0.56803
          -0.34109
          -0.73688
           0.34310
          -0.11637
           0.25645
               NaN
          -0.28814
           0.28020
           0.16837
           0.20685
          -1.03281
          -0.37576
           0.46068
          -0.33197
          -0.27952
           0.33271
           0.01494
          -0.12453
          -0.45804
           0.15601
          -0.05788
           0.20796
           0.24649
          -0.19552
           0.14307
          -0.05165
          -0.66508
           0.09553
          -0.19043
          -0.35485
           0.05794
           0.13022
          -0.57582
           0.01967
           0.70944
           0.00799
          -0.66538
          -0.25107
          -0.18183
          -0.09153
          -0.09293
           0.42128
           0.70255
           0.82031
           0.02887
          -0.05345
          -0.39235
           0.05274
           0.23629
          -0.34261
          -0.05570
           0.24400
           0.08907
          -0.38967
          -0.37990
          -0.11093
          -0.20649
           0.29262
          -0.86125
           0.03838
           0.60720
           0.12794
          -0.43837
           0.62656
          -0.72541
          -0.07878
          -0.11753
          -0.20862
          -0.65376
          -0.63550
          -0.58315
           0.22533
          -0.16797
          -0.40093
           0.24220
          -0.07516
          -0.05971
          -0.66787
          -0.12658
           0.50914
           0.05189
          -0.28758
           0.20674
          -0.01165
          -0.13879
           0.13807
          -0.65268
          -0.80998
           0.10669
          -0.31611
           0.04926
           0.37291
           0.10016
          -0.19531
          -0.32536
          -0.35969
          -0.10004
          -0.17991
           0.00186
          -0.19818
          -0.10898
          -0.16334
          -0.55055
          -0.53840
           0.51375
          -0.39870
          -0.13766
          -0.47345
          -0.27390
          -0.83312
           0.35386
          -0.44757
          -0.27131
          -0.30332
           0.46665
           0.34595
          -0.19252
          -0.20754
          -0.07539
          -0.19776
           0.00966
          -0.04572
          -0.13308
          -0.88405
           0.13222
          -0.11191
          -0.57960
          -0.42010
           0.15302
          -0.21536
               NaN
          -0.66613
          -0.73403
          -0.58582
          -0.38409
          -0.46216
           0.09344
          -0.81216
           0.06670
          -0.61973
          -0.60263
          -0.79125
           0.02248
           0.35488
          -0.42336
          -1.09561
           0.17204
          -0.51754
          -0.09605
          -0.42741
          -0.44341
          -0.00211
          -0.21276
          -0.51599
          -0.14903
          -0.60132
          -0.40228
          -0.27295
          -0.51451
          -0.30215
          -0.29274
           0.47514
          -0.11027
           0.34722
           0.16823
           0.00791
          -0.36551
          -0.80340
           0.15724
          -0.87736
           0.24749
          -0.51335
          -0.22037
           0.11858
           0.24127
          -0.28533
          -0.70844
          -0.09939
          -0.15743
          -0.74863
           0.18414
           0.21210
          -0.04145
           0.32433
           0.02839
          -0.39137
          -0.58138
           0.71656
           0.03401
          -0.41611
          -0.24900
          -0.72950
           0.12540
          -0.15785
           0.07764
          -0.29645
          -0.40860
          -0.24026
          -0.33081
           0.05040
          -0.20172
          -0.23870
           0.14346
          -0.38331
           0.33498
          -0.55014
          -0.73181
          -0.91331
          -0.13582
          -0.15118
           0.09272
          -0.20536
           0.28404
          -0.50239
          -0.40248
           0.17536
          -0.00634
          -0.40314
          -0.61697
           0.00795
          -0.68708
          -0.12552
          -0.36971
          -0.24441
           0.38798
           0.52501
           0.03254
           0.45115
          -0.09796
          -0.50011
          -0.61612
          -0.01212
          -0.52787
           0.11862
          -0.19972
          -0.11349
          -0.55495
          -0.07247
          -0.29176
          -0.50036
          -0.82298
          -0.38027
          -0.06965
           0.25760
          -0.11765
          -0.59892
          -0.09419
           0.34957
           0.02150
           0.11030
          -0.22205
          -0.54564
          -0.54582
          -0.16933
           0.78129
           0.28345
          -0.21523
           0.74748
          -0.78150
          -0.29686
          -0.35480
          -0.52935
           0.30357
           0.33752
           0.29702
          -0.12798
          -0.07729
          -0.04930
           0.37264
          -0.31889
          -0.37784
           0.07520
          -0.06153
          -0.43785
          -0.11579
          -0.60203
          -0.14311
           0.21004
          -0.73411
          -0.03640
          -0.35104
          -0.09785
           0.61449
          -0.20072
          -0.42671
          -0.39786
           0.00878
          -0.88624
           0.33988
          -0.05777
           0.49955
          -0.91807
          -0.02126
          -0.10201
           0.14310
          -0.47632
           0.13383
           0.38316
           0.05493
          -0.04463
          -0.30691
          -0.16711
           0.24558
          -0.02130
          -1.06854
          -0.36434
          -0.38715
           0.14697
           0.28756
           0.58416
           0.16802
           0.24515
           0.46024
           0.17926
          -0.47609
          -0.26111
          -0.35432
          -0.11046
               NaN
           0.15895
           0.20205
          -1.13557
          -0.27275
          -1.33887
           0.99284
          -2.17799
           0.61576
          -1.39350
           1.00343
           0.56344
          -0.56369
          -0.90520
          -0.45781
           0.57349
           0.73922
          -3.21078
          -0.97638
           1.74872
          -0.41947
          -1.25353
           2.45317
          -2.07567
          -0.26315
          -1.49410
          -0.50417
          -1.57375
          -0.97001
           0.02532
          -0.61242
           0.59758
           0.96394
          -0.27270
           1.24752
           1.32586
          -2.03924
          -1.48149
          -2.81893
           1.72113
          -3.25248
          -1.51664
          -0.74740
          -1.74404
           0.33895
          -0.17523
          -1.47435
           0.06037
          -3.24015
          -0.15082
           1.02448
          -2.87128
          -2.33287
          -0.07675
          -0.46384
          -0.03975
          -2.33947
          -0.08508
           0.28178
           0.31444
           2.07479
           0.39504
          -0.72909
          -1.34175
           0.31262
           0.15845
          -3.19557
          -1.28141
           0.05322
           0.24822
           1.23146
          -0.49322
           1.77641
          -0.70609
           0.86010
          -0.67294
          -1.12842
          -1.65979
          -1.26986
          -0.25100
           0.36518
          -0.54303
          -1.10953
          -1.27297
           0.22812
          -1.34915
           1.08090
          -0.71767
          -1.67165
          -2.15618
           0.09001
          -0.39598
           1.00949
          -2.82919
          -0.36714
          -1.47904
          -0.94027
          -2.19080
          -0.57732
          -0.83830
          -2.76740
          -0.36730
           0.33973
          -2.40134
           0.31697
           1.14900
          -0.95647
          -2.05361
          -2.30439
           0.77877
          -0.65454
          -1.78134
          -1.17514
          -0.85484
          -0.04327
          -1.13942
          -3.45502
          -0.79354
          -0.90007
          -0.77492
          -1.96465
          -0.35635
          -0.13418
          -0.17146
           1.95647
          -1.44389
          -1.09899
          -2.19815
           0.44212
          -0.84698
          -0.29598
          -1.13798
          -0.25740
           0.22139
           0.49575
           0.97023
           0.69825
          -1.57126
          -1.22210
          -0.97964
           0.36693
          -0.74628
          -2.34382
          -0.19747
          -1.31650
          -1.33515
           0.65512
           1.72582
           0.09262
          -1.55934
          -0.65530
          -2.41947
          -0.88094
          -2.54131
          -0.85907
          -0.12575
          -2.24989
          -2.03902
          -0.44845
          -0.00925
          -1.24490
          -0.90472
          -0.44068
          -0.64898
          -0.70124
          -0.63098
          -1.14755
          -0.07421
           2.03718
          -0.71560
           1.17995
           0.27910
          -0.05347
          -0.08158
          -0.34908
          -0.77191
           1.17154
           0.14852
           0.81462
          -1.43500
          -0.11080
           0.20828
          -0.75474
          -1.51412
           0.57625
          -0.92882
          -1.62292
          -0.23096
          -1.16011
           0.49416
          -0.93986
          -0.03532
          -0.09779
           1.04096
          -0.07625
          -0.68815
           0.31551
          -0.52245
          -0.76955
           0.17781
           0.00765
           1.40057
          -1.46622
           0.36360
          -0.43356
          -0.75439
          -1.02416
          -0.29355
          -1.84633
          -1.62135
          -0.90007
          -0.67037
          -1.47050
          -1.52208
           1.23304
          -0.28817
          -0.77358
          -2.01567
           0.62337
           0.51985
           1.63880
           0.05313
          -1.24457
          -1.65414
          -0.83536
          -0.08185
          -2.03032
           0.48911
          -2.18163
          -1.28428
          -0.49998
          -0.81998
          -0.95918
          -0.87518
          -2.09862
          -0.08273
          -2.01526
          -1.73257
           0.91995
          -0.29746
          -0.60673
          -2.06514
          -0.57155
          -1.31593
          -0.10907
          -1.11762
           1.04900
          -3.28259
           0.37425
           1.00386
           1.38532
           0.73502
          -0.39438
          -1.68890
           0.58521
           1.32666
          -0.53705
          -1.64089
           0.64558
           0.05117
          -1.16094
          -1.01693
          -0.60986
          -0.64755
           0.37617
           0.29239
          -2.45668
          -1.57687
          -0.00096
          -1.99196
           0.10713
           0.05176
          -1.74504
          -0.81353
          -2.42202
          -0.44329
           0.75946
          -1.38346
          -0.89827
          -2.48355
          -1.07361
          -0.27361
          -2.73860
           0.49547
           0.03674
           1.54832
           0.26358
           1.23090
          -0.61352
          -0.55853
          -1.16996
           0.97954
           1.33540
          -0.76775
          -0.40076
          -2.66426
          -1.08266
          -0.10168
          -2.26603
          -0.71076
               NaN
          -0.34205
          -1.61804
          -0.15218
          -1.56777
           0.50132
          -0.43892
           1.19793
          -1.38661
           0.04873
           0.99171
           0.19897
          -1.00630
           0.87456
           0.57198
           1.28396
          -0.68507
          -0.64401
          -0.95293
          -0.11505
           1.92486
          -2.10781
           1.47469
          -0.83700
          -2.74293
          -1.11948
          -0.62096
          -0.36828
          -0.45066
          -1.53606
          -2.22231
          -0.96440
          -1.15810
          -0.55074
          -1.55087
          -0.03958
          -0.03992
           1.48422
          -0.84864
          -0.88937
          -1.80373
          -1.04468
           0.21076
          -2.62004
           0.38733
          -0.02025
           0.27819
          -2.63779
          -1.25461
           1.31968
          -0.46689
           0.13030
           0.65534
          -0.81395
          -1.02203
          -0.95146
           0.13302
          -1.84462
           0.05671
          -1.37062
          -2.50210
          -1.25466
           0.32051
           1.01919
          -2.64375
           0.51645
          -1.12327
           0.75661
          -0.99651
          -0.65351
           0.39455
           0.07101
          -1.23214
          -0.01460
          -0.45658
          -0.11830
          -2.56696
          -1.75697
          -0.65443
          -0.68591
          -1.23344
          -2.26666
           0.70168
           0.68371
          -3.06909
           0.18186
          -0.49390
          -0.37625
          -0.96476
          -0.41762
           0.25832
          -2.42077
          -0.11479
          -2.69525
          -0.31879
          -0.71305
          -0.14194
           0.10363
          -1.46171
           0.25449
          -2.52449
           0.48399
           0.53096
          -1.51696
          -1.18816
           0.94913
          -0.69749
               NaN
          -0.90406
          -0.79733
          -0.54725
          -2.35655
          -2.32507
          -1.11686
          -0.89343
          -0.18403
          -0.29031
           0.27714
          -1.88535
           0.01640
          -0.32390
          -0.53006
          -0.64881
          -3.10037
          -0.30763
          -1.46866
          -1.01337
           0.27577
           0.25002
          -0.24473
          -0.58104
           1.86901
          -0.57377
           0.88426
           0.37684
           1.06948
          -0.81203
          -1.07551
          -1.37819
           0.67535
          -1.07008
          -1.25759
          -3.16931
           1.06425
          -1.03522
          -1.57202
           0.25666
          -1.84256
          -0.78257
          -0.88863
           0.20459
          -0.68782
          -1.14630
           0.27423
           0.43042
          -0.95507
           0.24373
          -1.98927
          -1.01426
          -0.55505
          -2.52593
           0.27097
          -2.35314
          -3.12263
           0.44263
           1.21628
          -0.20698
          -0.29737
           0.00978
          -1.00018
          -0.38268
           0.59431
           0.50847
          -0.31220
          -2.28384
          -0.45866
          -0.96580
           1.57447
           1.20456
          -0.55327
          -0.60328
               NaN
          -0.58266
           0.81478
           0.16832
           0.44805
          -0.28809
          -0.97967
           0.10317
          -0.51047
           1.09812
          -0.64076
          -0.17196
           1.07592
          -0.55450
          -1.63701
          -1.15886
          -0.92457
           1.36705
          -1.89672
          -0.66285
          -0.48787
           0.42485
          -1.34711
          -0.22880
          -0.33724
          -0.85089
          -0.27681
          -2.59435
          -0.56833
          -2.41264
          -0.61027
          -2.38518
           1.28913
          -0.25059
          -1.04828
           0.03997
          -2.80993
          -1.38194
           0.58386
           0.55240
          -0.67924
          -0.90131
          -1.15471
          -0.54514
           0.39718
          -0.07105
          -1.47608
          -0.25492
           1.37894
           0.16493
          -0.92658
          -1.64141
          -1.32636
          -0.60158
          -0.42744
          -1.43462
           0.80826
           0.22070
          -1.42090
          -0.38601
           1.05389
          -0.11056
          -0.10331
           0.43005
          -0.17509
          -1.09215
          -0.52962
          -0.18286
           0.51156
          -3.09838
           1.08201
          -0.01898
          -2.47549
          -0.22694
          -0.34793
           0.17034
           0.65651
          -0.08688
          -2.03909
          -2.08835
          -0.91915
          -2.10929
           0.52216
           0.42602
          -1.66328
          -1.58639
          -0.00804
          -2.39909
          -1.80376
          -0.67348
          -1.96690
           0.42202
           0.74443
           0.66021
           1.27420
           1.71583
           0.81681
          -0.09383
          -0.80793
          -0.73765
           0.67937
           1.02973
           2.29356
          -0.77262
          -3.01594
          -0.60227
          -1.64979
          -0.22575
           1.25239
          -2.53666
           0.40836
          -0.20580
          -0.69366
          -0.37549
          -1.81822
          -0.30802
          -0.14590
          -2.50272
               NaN
           1.80021
          -3.21989
          -0.37122
          -0.03390
          -0.23718
          -1.16031
          -2.71811
          -0.40023
          -1.17301
          -2.57410
          -0.86475
           1.02219
           0.01425
           1.04657
           1.63178
          -1.79992
          -0.69762
          -0.52402
          -1.65846
           0.63377
           0.40668
          -2.61444
           0.18157
          -0.98253
          -0.37133
           1.98746
          -0.78009
          -1.84632
          -0.05774
          -0.55087
          -1.45821
          -0.46122
          -0.58582
          -3.12081
          -1.44062
           1.32950
          -0.78383
          -0.08491
           0.10442
          -0.16166
           0.35824
          -0.77481
           0.22788
          -0.49081
           0.46445
           0.32609
          -0.57907
          -1.68508
           0.60552
          -0.50780
          -0.29550
          -1.85427
           0.32198
          -0.00403
           0.85647
           2.15754
           0.44916
           0.60026
          -0.72236
          -1.01467
          -0.95459
          -2.41771
           0.14605
          -1.06463
          -0.76231
          -2.14697
          -0.61677
          -0.03872
           0.78185
          -0.49958
           2.12537
          -0.77011
          -0.18467
           0.04612
          -0.40918
           0.83696
          -1.19802
          -1.53576
          -0.63876
          -0.04251
          -1.00540
          -1.27436
          -1.64613
          -0.79436
          -0.32410
          -1.76264
           0.28035
          -0.97212
          -2.25315
           0.91681
           1.40831
          -0.68019
          -2.24885
           0.43649
           0.71201
          -2.82328
          -0.93897
          -0.17417
          -1.22248
          -0.42325
          -1.94955
          -1.42194
           0.90757
          -0.99429
           1.33612
           0.96046
           0.61898
          -0.20432
          -0.50366
           1.87202
           0.28223
          -1.59387
           0.84696
           0.29865
          -1.07510
          -0.49654
          -0.41429
          -1.35450
          -0.27313
          -0.41444
          -1.14353
          -2.12097
          -1.83382
          -0.16140
           0.24576
          -1.33821
           1.25331
           0.11425
          -0.93112
          -0.95756
           0.50934
           1.31740
           0.19850
          -0.16434
          -2.06579
          -2.51492
          -1.24539
          -3.40906
          -0.45699
           1.29690
          -2.08021
           0.12705
          -0.51205
          -0.58243
          -0.96512
           1.14881
          -1.07339
           0.56358
          -1.46554
          -0.78781
          -1.04815
           0.16534
          -0.11776
          -0.20318
          -2.60972
          -1.92556
          -0.10656
          -0.01015
           0.25563
          -0.73744
           0.28646
          -1.02163
           0.20820
          -1.55667
          -1.26933
          -0.93805
          -0.53456
          -0.97878
          -2.49810
          -2.86212
           0.25223
          -0.48284
          -0.95590
           0.34156
           0.63476
           1.20541
          -0.29417
           0.02460
          -1.28843
          -2.48856
          -1.25263
          -0.75727
           1.05652
          -0.73265
          -0.14884
          -0.58868
          -0.99252
           0.07893
          -0.63453
           1.05577
          -2.26201
          -0.56231
          -1.04542
          -0.96219
          -1.10696
           0.47691
          -1.50913
           0.74112
          -0.76615
           0.44040
           0.48965
          -0.83115
          -0.23187
           1.51342
          -1.61525
          -1.24188
          -1.57722
           0.46252
          -0.15941
           1.19045
           0.92581
           0.84755
          -0.37395
           0.92051
          -0.79609
          -0.70140
          -0.58531
          -1.57110
           1.01844
          -2.02525
          -0.00818
          -1.07160
           0.58614
          -1.14164
          -1.02797
           0.34282
           0.40128
          -2.75748
          -0.84819
          -2.43146
          -0.67752
          -1.02368
          -1.70912
          -0.92562
          -1.37268
          -1.66038
          -0.67057
          -2.13261
           0.96431
           0.45635
          -2.19345
           0.78161
           0.70837
           0.51777
          -0.17557
          -0.14231
          -1.32961
          -1.32904
          -1.81201
           1.83709
           1.89479
          -2.30665
           1.29602
          -1.03546
          -1.04762
          -0.06157
           1.08814
          -0.25083
          -1.96248
          -0.94233
           0.43029
          -1.46079
           0.08294
           0.63391
          -0.88524
          -0.71444
          -0.04773
          -0.96537
          -0.79493
           1.79749
           0.36786
           0.23099
          -1.46765
          -0.29211
          -0.29571
           1.44505
           1.94999
          -1.51193
          -1.71066
          -0.36511
          -1.48652
          -0.94070
          -1.93160
          -0.01030
           0.39936
          -0.49163
          -1.42160
          -1.90469
          -1.50935
          -2.12948
           0.13488
          -1.12619
           0.31133
           0.62094
          -0.09638
          -1.10790
          -0.81046
           0.24172
           0.45207
          -1.88829
          -1.35944
          -1.67203
          -1.51278
          -0.22524
          -0.24775
          -0.78816
           0.35854
           0.49304
          -0.65697
           0.25183
          -0.74430
          -0.22313
          -1.47228
           0.85655
          -1.91050
           0.73323
          -0.08249
          -0.76324
           0.52824
           0.23743
           0.63580
           0.81776
          -1.46443
          -0.59765
           2.12640
           0.61982
          -0.28662
          -0.67813
          -0.01249
          -0.53096
          -1.53115
          -1.01915
          -0.19877
          -0.74156
          -0.33475
          -0.23192
           0.17869
          -0.60378
           0.96076
           0.95387
          -1.69036
          -1.08694
          -1.25474
          -0.61273
          -0.13640
           1.53298
           0.41545
          -1.38863
          -1.79706
          -0.66261
          -0.43094
           2.41833
           0.18477
          -1.81306
           0.07327
          -1.22580
          -0.11630
          -0.70850
          -0.08743
          -0.06527
          -1.53371
          -0.28642
           0.44465
           0.80510
          -1.44796
          -1.15364
           1.04207
          -0.48073
          -0.30657
          -2.86302
           1.27189
          -1.11274
           0.22772
          -0.24106
          -1.34030
          -1.06178
          -1.34468
          -0.08986
          -1.28588
          -1.31000
           0.05333
           0.25729
          -2.07082
           0.04419
          -1.26942
          -1.24369
          -0.92543
          -0.58079
          -0.30079
           0.19644
          -1.21997
          -0.59762
          -0.95404
          -0.62783
          -0.84885
           0.44925
           1.11168
          -0.32698
          -0.83278
          -1.32671
          -0.52318
           0.26526
          -1.59711
          -1.19418
           1.35298
          -2.29847
           2.27316
           2.73257
           0.73655
           0.08078
           0.31108
           1.49197
          -2.33722
           0.11806
          -1.29081
          -0.75468
           0.06791
          -2.64884
           0.94065
           1.07661
          -1.85240
           0.58256
          -2.74294
           3.91403
           3.00222
          -0.44042
           3.93902
          -4.35295
           0.22727
          -0.48648
           0.72073
           4.88428
           1.17124
          -0.65292
           1.27464
          -1.38662
          -0.86489
          -0.26830
           0.21318
           2.89118
           0.92647
          -3.61431
          -3.09753
          -1.48782
          -0.57999
          -2.21840
          -0.33342
          -1.13996
           0.29126
          -0.06958
           3.16365
          -1.03620
          -4.50403
          -0.17580
           1.23385
           1.12982
          -2.14978
          -0.58027
          -2.49673
           2.23083
           2.36245
           3.22666
          -3.01227
           0.27140
           0.34075
          -0.79161
           3.25612
          -0.23110
           2.00235
           2.13646
           2.72097
          -0.76152
           0.96494
          -0.33601
               NaN
          -0.87095
           0.58974
           0.14483
          -1.26106
           0.07449
           1.20000
          -0.01738
           0.18723
          -0.23365
           0.37007
           2.25345
           0.95603
          -0.10299
           2.24512
          -3.09473
           2.31475
           2.78276
           3.96172
          -0.13300
          -0.11763
           4.26522
           2.39247
           1.37072
          -1.54843
           2.24887
          -0.54520
           0.09436
           2.38120
          -0.83470
           1.72904
           1.28954
           0.24898
           0.15730
           2.00637
          -1.04469
          -0.90059
          -2.18548
          -3.95998
           1.99632
           0.75765
          -2.50283
           1.92656
          -1.88947
           2.24709
               NaN
           2.88599
          -3.86650
           3.65992
           1.14626
           0.64516
          -0.79641
           2.09281
           1.39262
          -0.22593
          -1.47848
           2.21220
           2.33979
          -0.74838
          -0.35188
          -2.47748
          -0.37809
           0.41276
          -3.84330
          -0.77760
          -0.26865
           3.09169
          -1.34712
          -3.85119
           1.06666
          -2.02037
           1.41096
          -2.85113
          -1.88598
          -0.18956
          -1.58311
           0.62609
           1.34335
          -2.29914
           0.69689
          -0.81716
           0.58467
           1.53372
          -2.48169
           0.65311
          -2.55476
          -1.08777
           2.51858
           1.47360
          -0.39515
           0.70665
          -0.05550
          -1.21606
          -0.66150
           2.01995
           4.24152
           2.22327
           5.18261
           1.05816
          -0.36212
          -0.41914
           0.83197
          -0.44142
          -1.77144
           2.21336
           1.28591
           0.99609
           1.22360
           0.94999
           3.00209
           2.43546
          -2.62650
          -2.23194
           1.77059
           0.71202
           0.92267
           1.41376
           1.37441
          -3.43949
           1.33034
           1.04813
          -4.58192
           0.25960
           2.53979
          -0.33717
          -1.26294
           0.63198
           1.17701
          -0.47195
           0.81447
           2.05234
           0.47274
           0.52904
          -1.58981
           1.05219
          -2.76511
          -0.43980
          -1.21213
          -2.20500
          -1.60584
           1.28493
           0.56711
           0.60388
          -2.09415
           2.44087
           2.08114
           1.91683
           2.37667
          -2.99902
           0.61337
           1.55117
           1.62267
           1.32678
           5.40355
           0.18711
          -0.39033
           1.81137
           0.56899
           0.24933
           2.24159
          -0.49163
           1.09833
           1.42883
          -4.24853
          -1.10096
          -1.82500
           0.05537
          -0.62010
           1.69375
           2.29122
           2.59189
          -1.29346
          -0.74011
          -3.63228
               NaN
           0.79943
           1.08683
          -1.65254
          -0.63872
          -4.10049
          -0.68135
          -1.36644
          -3.03549
               NaN
          -0.49769
           3.41673
           0.58577
          -1.64163
           1.86514
          -0.62800
          -0.00711
          -2.40034
          -4.12556
          -4.55371
           0.65667
           0.95891
           2.71808
          -1.61793
          -0.25080
           0.15262
           0.52102
           2.51241
           0.53870
           2.05103
          -0.72942
          -1.95861
          -2.47094
          -0.70838
           2.99040
          -1.32270
           0.91450
          -0.51862
           3.31433
           2.57367
          -2.83405
          -0.44054
          -0.37162
           0.93350
           0.21869
           0.11770
          -0.66914
           1.88052
          -2.35315
          -1.54938
          -2.48038
          -1.21024
           0.63539
           1.31760
          -0.02161
           0.51542
          -3.18916
          -3.02045
          -3.03954
           1.86337
          -0.34805
           0.26718
          -0.79864
           0.91502
          -1.20463
           3.72368
          -0.73442
          -1.19347
          -0.65929
          -1.49322
          -2.09438
          -2.10506
           4.20341
          -0.12658
           1.81674
           4.68063
           4.46638
          -0.09578
          -1.51684
          -4.72435
           3.20838
          -0.79374
          -1.34147
           0.80710
           1.56724
           2.55738
          -1.53877
          -1.76346
           0.89759
           1.28797
          -0.37933
          -0.80427
          -1.13745
           0.10934
          -2.10716
           0.12904
           3.23505
           3.34434
           3.13609
           0.23481
          -5.14635
           0.15826
          -1.75858
          -0.21128
           0.73606
          -0.27276
          -1.70601
           1.32425
          -1.44972
           1.59302
          -1.36950
          -2.75536
          -3.27214
          -2.00812
           4.60094
          -1.97647
          -1.98482
          -0.88653
           0.13362
           1.30649
           0.06369
          -0.67943
          -2.15638
           0.77993
          -0.06644
           1.08480
           3.93223
          -3.44185
          -4.25713
           0.31213
           0.49921
          -1.39903
           1.70192
          -2.32431
           0.05813
           0.73748
          -2.24706
          -2.15082
           1.74705
          -0.19117
          -0.40561
          -0.12209
          -2.74638
          -1.48604
          -3.09797
          -2.71133
          -0.14099
           0.98783
          -1.88077
          -2.17677
           3.42369
          -0.88438
          -1.56187
          -0.07429
           0.00714
           2.94049
          -0.96358
          -1.28937
           1.45105
          -2.31534
          -1.79849
          -3.36763
          -2.44879
          -1.26124
           0.97477
          -1.03193
          -1.36332
          -2.92448
          -0.59135
           4.51478
          -1.01311
          -2.30364
           2.74182
           2.62160
          -0.95369
          -2.92349
          -3.01064
           1.93275
          -1.78095
          -2.75752
           0.36579
           0.00522
          -0.40306
           2.74711
          -3.56737
           1.69157
          -0.58763
           1.09848
           2.37747
           0.65247
          -3.64449
          -1.47070
           0.53179
           1.00194
          -1.47618
           1.68247
           0.87156
           0.53988
          -0.81746
           0.16486
          -0.66124
           1.26710
          -0.48970
          -3.21083
          -4.89998
           4.82560
           0.49634
          -0.55109
           0.00507
          -2.12055
           0.10619
          -2.07528
          -1.28168
           4.16790
          -1.36076
          -3.88686
           4.63100
           0.71391
          -0.13997
          -0.58195
           3.23014
           3.01993
           0.31686
           0.43057
          -0.17568
          -1.94444
          -1.43847
           2.24883
           1.58644
          -0.06502
          -0.76192
          -0.30355
           1.53029
           0.05025
          -0.01110
           0.54245
           0.98973
           3.41731
           2.77879
           0.14907
          -1.75707
           0.56851
          -0.50963
           3.26374
           0.03282
           0.53937
          -1.36848
           0.11454
           1.07748
           4.13709
           4.09781
           0.62504
           1.97791
           1.05463
          -3.18644
          -3.51554
          -0.26895
           0.99900
           4.35649
          -2.47696
          -2.20915
           3.12924
          -0.68836
           2.04711
           1.05488
          -0.22411
          -2.13633
          -3.58175
          -3.96017
           1.17577
          -0.69172
           0.95552
           2.91956
          -0.00662
          -0.93306
           2.64473
          -0.03990
           2.54964
          -0.85246
          -0.87156
           0.86677
           1.20508
          -1.52170
           2.01648
          -0.58048
           0.91631
          -1.31010
           2.36881
          -0.97549
          -2.61049
          -2.38863
           0.88309
           1.31801
           2.46648
           0.31537
           0.98980
           2.74670
          -2.36649
          -3.05841
           0.37138
          -0.62086
           0.60823
          -0.80994
           1.63069
          -2.99148
          -0.45923
           3.51821
           1.08818
          -3.01804
          -1.02219
           1.78902
          -1.54752
           1.42478
          -3.28079
           2.84357
           2.33707
          -1.83010
           0.22219
          -1.10050
          -0.91955
           3.00182
           2.79721
           0.67688
           1.56831
          -0.74211
          -0.78181
           1.70570
           1.39291
           1.42165
           2.83632
          -1.74118
          -0.39590
          -2.16629
          -3.41756
           1.81627
          -0.12486
           0.43003
          -1.21788
          -3.34888
           0.22708
           1.39148
           0.61503
          -1.03156
           0.83258
           3.99589
           0.60607
           0.63966
           1.75755
           0.42671
           2.25201
           0.48457
           1.41029
           1.71985
           0.11534
           0.08359
           0.80363
          -0.28841
          -1.83055
           1.18146
          -3.62672
          -2.28247
               NaN
           0.94313
           1.64797
           2.49005
          -2.00758
           4.41906
           1.78494
           1.88441
           0.65873
          -0.59477
           3.68105
               NaN
          -0.12524
           0.50959
           3.07600
          -2.80893
          -0.97955
          -1.44004
          -0.75550
           1.93852
          -0.41948
           0.53039
          -0.33018
          -0.27401
          -2.65173
          -1.44737
           1.25740
          -2.02655
           1.08294
          -0.84738
           0.35291
           1.11407
           2.16831
          -1.22308
          -0.62197
          -0.83377
           1.38374
          -0.44304
           0.10616
           3.78014
           1.44539
          -1.22660
          -0.14166
           1.77881
          -0.70506
          -2.40369
           1.84794
           2.08994
           0.75196
          -0.47476
          -0.30446
          -2.52548
          -2.00662
           1.61495
          -3.16285
          -3.22618
           1.85001
          -1.51101
          -0.55554
           1.69984
          -3.12069
           0.63922
           2.02319
           1.98709
           2.90077
           2.94735
           1.00334
          -1.23144
           0.41433
           0.62039
           1.92957
          -0.80153
           1.70884
           0.15078
           3.08607
          -2.15950
          -1.14810
          -1.10418
               NaN
          -0.75343
          -0.59128
           0.49047
          -1.78166
           3.06580
           2.44242
          -1.79037
          -1.10470
           0.53771
          -1.96442
          -1.30403
           0.23620
           0.44455
          -2.24249
           1.23132
          -2.09272
          -0.00640
           2.01569
          -0.14985
           0.07836
           3.00576
           1.35728
           1.29994
           0.26764
           0.54677
          -0.38409
           1.94508
          -0.60350
          -4.23876
          -1.38810
           3.25529
           0.94114
          -0.17595
          -1.64171
          -1.34763
          -2.41666
          -3.56916
               NaN
           1.09446
           0.40519
           1.13635
          -1.23615
          -0.76730
           3.16861
           0.51832
          -1.46849
          -2.50315
          -0.47390
           0.74789
          -2.83679
           0.63689
          -0.30033
           2.37105
          -0.07616
          -3.75004
          -1.25169
           1.35762
          -2.27021
           2.73596
           0.99960
          -0.84794
           0.31705
           2.37600
           3.53980
           2.97195
          -1.38892
          -1.72656
           0.16397
          -1.40160
           0.40692
           0.57797
           2.77724
           0.96526
          -3.74349
          -0.04932
          -0.04280
          -2.35237
          -0.87832
           0.21193
          -1.70161
           0.88527
           1.29677
          -0.31982
           1.19033
          -1.21061
          -1.66954
           0.09277
           2.26096
           1.43121
           1.93969
          -0.75349
          -1.55527
          -1.26350
           0.31054
           1.64811
           0.13212
           2.76782
           2.25085
          -3.74041
           2.20495
           0.09853
           3.60282
          -0.83518
           3.81916
          -2.92815
           1.40439
           0.32207
           2.11016
          -3.98338
          -1.12893
           0.26248
           1.55453
           0.91753
           0.23384
          -0.27136
           1.76270
          -0.91367
           3.38525
          -2.27747
           1.05972
           2.91478
           3.45293
           0.09660
           2.00813
               NaN
           4.50061
           3.06337
           2.39733
           1.45311
           0.86147
           0.52567
           2.17831
          -0.36508
           2.18991
           3.81485
           3.01394
          -1.14305
          -1.56173
           2.66156
           2.84840
          -1.75465
           0.25304
          -0.15664
           1.22746
           0.62024
          -0.90295
          -0.25036
           1.03109
           0.12378
           0.99159
           3.12993
           1.92603
           0.47658
           2.41255
           2.27727
          -2.06004
           0.42077
          -2.01117
          -2.19320
          -1.36569
           0.10639
               NaN
           1.05111
           2.21807
          -0.03917
           1.68085
           0.11306
          -0.66986
          -0.21439
           1.27795
           1.71257
          -0.41712
           1.29058
           2.44507
          -0.88410
          -0.50904
          -0.66432
          -2.43664
          -0.20279
           1.09634
           2.26350
          -2.14666
           0.18697
           2.45394
          -0.15122
           3.55441
          -0.96152
           2.31612
           1.53293
           0.06522
           0.42743
           0.90967
           0.24970
          -1.20176
          -0.87904
           1.26077
          -0.37574
           1.53844
          -3.19572
           0.96570
           2.34142
           2.59008
           0.88890
          -0.32911
          -0.18325
           1.72927
          -1.61368
           1.53389
           1.31070
          -0.68788
           0.48269
           0.21991
           1.86787
          -1.70202
           2.07053
           0.44045
           1.71419
           0.52314
          -1.74040
          -2.35581
          -0.81479
          -2.18854
          -0.21329
           2.42867
           1.75093
           0.92392
           0.85012
           0.11117
           0.98325
          -0.15332
           3.48752
           0.62434
           2.20778
           3.50126
           2.82651
           1.41021
           2.51376
          -0.77083
           0.35035
           2.47721
           0.50335
          -2.40456
          -1.64639
          -1.60338
           0.98341
           2.13350
           2.55533
           0.66818
          -4.06140
          -2.11904
           2.12419
          -3.13508
           2.37376
           0.49746
           0.63768
           2.17907
          -1.76994
          -0.29854
          -1.17916
          -0.70797
          -1.35984
          -0.39924
          -2.40764
           4.15564
           2.22562
          -2.20764
           0.39982
           1.07020
           0.51073
           2.45895
           0.69305
          -1.18995
           2.30511
          -0.09491
           2.32680
           1.33499
          -4.69773
          -0.09447
           3.33637
           1.62380
          -0.34926
           1.70388
          -0.57657
          -0.80961
          -2.46828
           4.59775
          -1.22991
          -0.52567
          -2.09600
           2.44734
          -1.98792
          -3.34941
          -0.24311
           0.49325
          -0.46999
           0.93649
          -2.57423
          -1.13325
           4.66259
           1.36030
           1.76284
          -0.59607
          -2.74325
          -3.72806
          -1.84611
          -1.93984
          -3.29786
          -0.51130
           3.66861
           1.10239
           1.04372
          -0.72761
               NaN
          -0.58706
          -2.64809
          -1.12232
          -0.64032
          -1.12190
           0.70337
          -3.28825
           0.58845
          -1.72683
           1.15997
           0.35350
          -0.16270
          -1.13655
          -0.26948
           0.87378
           0.89100
          -3.33784
          -1.40981
           1.90069
          -0.09549
          -1.66866
               NaN
          -3.42991
          -1.00144
          -1.73234
          -1.50876
          -0.94539
          -1.24071
           0.14104
          -0.91384
          -0.37163
           0.91707
          -0.18673
           1.24139
           1.93914
          -2.30476
          -1.75579
          -3.50448
           1.45658
               NaN
          -1.04236
          -0.21605
          -1.80197
           0.54672
           0.28672
          -1.73230
           0.33176
          -4.03858
          -0.16919
           0.54083
          -3.28618
          -1.84198
          -0.05436
          -0.84768
          -0.30419
          -2.38236
           0.02688
           0.91000
          -0.11885
           2.00975
          -0.24518
          -0.21287
          -1.70648
           0.30625
           0.37325
               NaN
          -1.51889
          -0.38747
          -0.17870
           0.89469
          -0.43255
           1.95988
          -0.78976
          -0.45645
          -0.62817
          -1.51689
          -2.06781
          -1.27185
          -0.32459
           0.17643
          -0.66187
          -1.40272
          -1.50796
           0.19603
          -2.16368
           1.10913
          -0.85665
          -2.55722
          -1.94397
          -0.41299
          -1.11468
           0.34201
          -3.43879
          -0.42356
          -2.77780
          -1.69379
          -2.99605
          -0.35775
          -1.53630
          -3.26982
          -0.47167
          -0.12184
          -2.75555
          -0.00230
           1.11723
          -1.22902
          -2.55349
          -3.27904
           1.19105
          -0.59891
          -1.68997
          -0.54550
          -1.49948
          -0.22435
          -0.83116
               NaN
          -0.54575
          -1.61163
          -2.29557
          -3.06136
           0.43728
          -0.99202
          -0.46939
           2.25296
          -1.59028
          -1.82064
          -3.01001
           0.59316
          -0.70420
          -0.86306
          -1.92429
          -0.14639
           0.35100
           1.16799
           1.27508
           0.76280
          -1.05757
          -1.32260
          -1.14039
          -0.24913
          -0.61043
          -2.00301
          -0.48329
          -1.15736
          -1.95604
           1.44787
           2.54244
           0.15642
          -1.55396
          -0.94501
          -3.27023
          -0.56029
          -3.27345
          -0.86854
          -0.28637
          -3.10535
          -1.93893
          -0.69751
           0.56628
          -1.28042
          -1.67872
          -0.87350
          -0.70637
          -1.01956
          -0.76110
          -1.13206
           0.05857
           2.04108
          -1.83638
           0.94406
          -0.82957
          -0.30480
          -0.01815
          -0.33324
          -1.13454
           1.53622
           0.58261
           0.49837
          -2.05018
          -0.36106
          -0.02128
          -1.14017
          -2.53521
           0.15590
          -0.54498
          -1.48522
          -0.68351
          -1.58339
           0.39728
          -1.47201
          -0.35406
           0.65775
           0.97553
          -0.33046
           0.19222
           0.32816
          -1.21481
          -0.86731
           0.50356
          -0.13351
           1.45111
          -1.69102
           0.26165
          -0.99561
          -1.03184
          -1.37533
          -0.00048
          -2.50168
          -1.36275
          -1.00414
          -0.54788
          -1.30443
          -1.50314
           1.22130
          -0.48155
          -1.08501
          -1.99792
           0.21244
           0.16685
           1.57593
          -0.47221
          -0.84789
          -2.16682
          -1.37495
          -0.46724
          -2.78935
          -0.62203
          -2.71719
          -1.48640
          -1.02256
          -1.13402
          -1.23242
          -1.57987
          -2.46195
          -0.34976
          -2.79396
          -1.16372
           1.37687
           0.04791
          -0.75642
          -2.39186
          -1.08372
          -2.13150
          -0.71974
          -1.07786
           1.45351
          -3.20353
          -0.88889
           1.05008
           1.45281
           1.27484
          -0.33913
          -1.14365
           0.87158
           1.93556
           0.02784
          -0.80493
           0.90407
          -0.70976
          -1.55586
          -0.87569
          -1.16945
          -0.65197
           0.46283
           0.90121
          -2.07935
          -0.90381
          -0.14964
          -2.65914
          -0.48319
           0.42927
          -2.08288
          -1.03197
          -3.08744
          -1.11156
           0.80937
          -2.15999
          -0.93645
          -2.60224
          -0.75769
          -0.17530
          -4.03390
           0.90655
          -0.16172
           2.01564
          -0.42618
           0.92730
          -0.11146
          -0.58520
          -1.35046
           0.98995
           1.58789
          -0.96794
          -0.34008
          -3.69181
          -0.79541
           0.22564
          -2.21757
          -0.59783
               NaN
          -0.71728
          -1.97899
          -0.30312
          -1.20118
           1.29758
           0.14907
           1.04748
          -1.62143
          -0.00066
           1.39650
           0.03707
          -0.96146
           0.23038
           0.86736
           1.84410
          -0.69090
          -0.45201
          -0.69485
           0.33488
           1.40969
          -2.55576
           1.39735
          -2.08451
               NaN
          -1.35094
          -0.41841
           0.61661
          -1.27795
          -1.70390
          -2.42147
          -1.36494
          -1.77429
          -1.25347
          -1.55360
           0.35018
          -0.25189
           1.52859
          -0.95475
          -0.90862
          -1.95438
          -1.30560
           0.73483
          -3.24160
          -0.25652
          -0.78098
          -0.36797
          -3.28728
          -0.37470
           1.58227
          -0.17484
           0.20753
           0.63709
          -0.93631
          -0.86738
          -1.46599
           0.49087
          -2.62186
           0.37917
          -1.05753
          -2.32800
          -1.08431
          -0.64728
           1.69649
          -2.79274
           0.83367
          -1.40745
           0.63228
          -1.23622
          -0.64765
           0.97131
          -0.08927
          -1.49570
          -0.26317
          -1.44887
           0.63314
          -2.18482
          -2.22478
          -0.91526
          -0.52468
          -1.89711
          -2.25362
           0.84719
           0.67155
          -3.25495
           0.70927
          -1.00057
          -0.41810
          -1.09118
          -0.48444
           0.93767
          -2.63211
           0.55969
          -2.69161
          -0.35899
          -1.09761
           0.25120
           0.61921
          -2.56627
           0.51198
          -2.74213
           0.61021
           0.64940
          -2.52478
          -1.23893
           1.45525
          -1.18327
          -3.84995
          -0.70183
          -0.21619
          -0.11732
          -2.60419
          -3.07115
          -1.13606
          -0.78719
           0.43558
          -0.22225
          -0.68097
          -2.08256
           0.54095
          -1.01705
          -1.24264
          -0.57988
          -3.14036
           0.30351
          -2.23770
          -0.83982
           0.96158
           0.22384
          -0.30124
          -0.62127
           1.67048
           0.10307
           0.70173
           0.59491
           1.06292
          -1.53316
          -1.46620
          -0.86579
           1.16056
          -1.43225
          -1.76846
          -3.55212
           0.92447
          -1.46633
          -2.04951
           0.49952
          -2.29643
          -0.81000
          -1.37604
           0.36157
          -0.11738
          -0.29760
          -0.75482
           0.41552
          -1.04640
           0.29769
          -1.95959
          -1.26758
          -0.21133
          -2.80725
          -0.61011
          -2.57751
          -2.94985
          -0.50434
           1.32987
          -0.22213
          -0.23302
          -0.71834
          -1.90911
          -0.54084
           0.63133
           0.66316
           0.05684
          -2.47497
          -1.07082
          -1.54285
           1.94515
           1.64918
          -0.60973
          -1.08567
               NaN
          -0.71188
           0.87635
          -0.01739
          -0.22329
          -0.98150
          -1.23487
           0.52376
          -0.75443
           1.46162
          -1.52355
          -0.21827
           1.19723
          -0.37046
          -2.03303
          -1.66448
          -2.06899
           0.74963
          -2.46688
          -1.25992
          -0.83662
           1.24135
          -0.85684
          -0.21972
          -0.63936
          -2.02826
           0.22064
          -2.68144
          -1.40433
          -2.80249
          -1.21109
          -3.16296
           1.63126
           0.17577
          -0.47547
           0.94438
          -3.71108
          -1.53799
           0.49983
           0.01719
          -0.83131
          -0.89413
          -2.01375
          -0.65937
          -0.08949
           0.10562
          -1.61276
          -0.50853
           1.41825
           0.54627
          -1.59199
          -1.88128
          -1.83342
          -0.44139
          -1.05967
          -1.53843
           1.58123
           0.81066
          -1.94182
          -0.77128
           0.73451
          -0.20686
          -0.35045
          -0.09374
           0.32038
          -0.64759
          -0.73333
          -0.08382
           0.48970
          -3.61579
           0.95796
           0.65309
          -2.93136
          -1.07371
          -0.67263
           0.89122
           1.03605
          -0.51101
          -2.15023
          -2.88265
          -0.38519
          -3.22912
           0.11181
           0.93612
          -2.08958
          -1.69624
           0.19805
          -3.62022
          -2.84402
          -0.97879
          -2.76620
           0.68523
           1.08950
           0.42383
           1.24736
           1.78235
           0.36020
           0.27863
          -0.90108
          -0.41464
           1.60567
           0.85190
           2.84035
          -1.04453
          -3.42247
           0.01873
          -2.07414
          -0.59140
           1.39649
          -2.87696
           0.31245
          -1.15579
          -0.98752
          -0.60501
          -2.62668
          -0.47414
          -0.68806
          -3.17814
               NaN
           1.81838
          -3.97397
          -0.47405
          -0.22327
          -0.22560
          -1.00877
          -3.59979
           0.32927
          -0.92217
               NaN
          -1.27350
           0.88070
          -0.54552
           1.73709
           1.00159
          -2.61044
          -1.28141
          -0.79144
          -1.89895
          -0.05521
          -0.80250
          -3.17723
           0.10741
          -1.90015
           0.17980
           2.65829
          -0.63088
          -2.09295
          -0.50909
          -0.58058
          -1.90783
          -0.49084
          -0.65632
          -3.22686
          -1.43909
           1.34580
          -0.50286
          -0.34895
           0.31962
          -0.27801
           0.18735
          -1.44024
           0.55594
          -0.46116
           0.75798
           0.08696
          -0.60982
          -2.09007
          -0.11225
          -0.94941
          -0.08498
          -2.24149
          -0.00740
           0.15446
           1.59359
           2.22754
           0.07819
           0.56597
          -0.77834
          -1.17525
          -0.59941
          -2.51065
          -0.18607
          -0.59023
          -0.20524
          -3.05067
          -0.41459
           0.07813
           0.57430
           0.09304
           2.46138
          -1.40166
          -0.67569
          -0.59930
          -1.16808
           0.79934
          -1.19046
          -1.97667
          -0.92345
          -0.48839
          -1.05149
          -1.94885
          -2.05241
          -1.67171
           0.09087
          -1.90158
           0.59339
          -2.55886
          -2.59223
           1.25779
           1.61583
          -0.43115
          -3.45047
          -0.01704
           1.27779
          -3.21185
          -1.27285
           0.23060
          -1.20404
          -0.57235
          -2.49084
          -1.23642
           0.83437
          -0.74594
           1.63966
           0.72188
           0.79281
          -0.26823
          -1.29712
           1.98840
           0.05213
          -2.01475
           0.91483
           0.45301
          -1.75795
          -0.47236
           0.45041
          -1.34690
          -1.07089
          -0.72094
          -1.36229
          -2.22933
          -1.94375
           0.34851
           1.10830
          -0.34694
           1.28922
           0.04847
          -1.39856
          -0.89457
           0.79798
           0.89884
           0.12619
           0.13052
          -1.96690
          -2.97639
          -1.69606
          -3.53845
          -0.70431
           1.65802
          -3.08662
           0.17300
           0.22005
          -0.43111
          -1.49028
           1.92184
          -1.93467
           0.46500
          -1.60518
          -1.03762
          -1.82234
          -0.59761
          -0.81633
           0.06491
          -2.80939
          -2.39799
           0.18625
          -0.10445
           0.18275
          -1.53210
           0.13299
          -0.40623
           0.26642
          -1.89895
          -1.02446
          -0.95155
          -0.70333
          -0.81535
          -3.26307
          -3.80243
           0.38157
          -0.86114
          -0.89831
           0.79626
           0.75730
           0.96676
          -0.68427
          -0.40840
          -1.40937
          -2.69957
          -1.25018
          -0.99870
           0.92276
          -0.92817
          -0.80828
          -1.23069
          -0.37123
          -0.40175
          -0.80028
           0.47990
          -2.58461
          -1.55294
          -0.61975
          -1.49726
          -1.43006
           0.10764
          -0.94971
           1.16394
          -0.99872
           0.18850
           0.39290
          -1.07193
          -0.22294
           1.45706
          -1.77387
          -2.28805
          -1.41890
           0.32749
          -0.85447
           0.67891
           1.11329
           0.58514
           0.96808
           0.11106
          -1.66870
          -1.40200
          -1.04619
          -2.12110
           1.12985
          -2.97566
           0.07251
          -1.80901
          -0.14385
          -2.08120
          -1.00195
           0.77344
          -0.10976
          -4.02495
          -0.64324
          -3.03842
          -0.79529
          -1.53266
          -2.23578
          -0.93074
          -1.62643
          -2.26891
          -0.85017
          -2.83898
           0.47467
           0.12406
          -2.79713
           0.41286
           0.35365
           1.10060
          -0.31040
           0.28023
          -1.13436
          -1.32075
          -2.24576
           0.85389
           2.08555
          -3.32967
           1.59790
          -1.64961
          -1.31004
           0.07596
           1.38263
          -0.59648
          -2.79340
          -1.06107
           0.23579
          -2.34389
           0.30159
           0.89233
          -0.93518
          -0.32506
          -0.01267
          -1.43151
          -1.48643
           2.68925
           0.40876
          -0.27161
          -1.76529
          -1.16179
          -0.14517
           1.24811
           2.04428
          -1.86852
          -2.19407
          -0.65333
          -1.87908
          -0.88168
          -2.16958
          -0.29769
           0.57461
          -0.95062
          -1.02047
          -2.55368
          -2.38000
          -3.19656
          -0.03561
          -1.30641
           0.42315
           0.37035
           0.24668
          -1.70520
          -1.29005
           0.45190
           0.44514
          -2.36495
          -2.08913
          -1.66525
          -2.32295
          -0.37575
          -0.69134
          -1.08464
           0.83310
           1.13715
          -0.62129
           0.80359
          -0.86437
          -0.82269
          -2.20104
           0.84132
          -2.53466
           0.87388
          -0.32345
          -0.90113
          -0.14084
           0.14996
           0.28038
           0.21103
          -2.43460
          -1.05161
           2.03881
           0.93424
          -0.43064
          -1.39154
          -0.12912
          -0.10735
          -1.50510
          -0.88706
          -0.46606
          -1.39160
          -0.98818
          -0.43543
           1.13736
          -0.26119
           0.69771
           1.87837
          -2.60924
          -1.44516
          -1.68261
          -1.24395
           0.23294
           1.94708
           0.77599
          -1.54253
          -1.89591
          -0.72215
           0.01599
           2.02554
          -0.27665
          -1.72384
          -0.00056
          -1.74491
          -0.25808
          -1.42464
          -0.26390
           0.18901
          -2.40165
          -0.32972
           0.01910
           0.68530
          -0.71320
          -1.39311
           0.52334
          -0.95655
          -0.29691
          -3.89558
           1.68982
          -1.18128
           0.83728
          -1.33510
          -1.36526
          -1.18299
          -1.17481
          -0.66351
          -1.12715
          -0.84890
           0.12036
           0.20394
          -2.43276
          -0.15756
          -0.97441
          -1.26865
          -2.18885
          -1.01966
          -0.76738
           0.37563
          -0.87556
           0.11016
          -0.75235
          -0.33119
          -0.29513
           0.66642
           0.53357
          -0.65015
          -1.25705
          -1.46216
          -1.92320
           0.45797
          -1.35948
