           0.74206
           0.74347
          -0.29869
           0.98044
           0.57089
           0.78600
           0.18592
           0.88958
           0.97793
           1.00857
           0.49381
           0.04259
           0.63068
           0.78121
           0.79153
           0.35133
          -0.24077
           0.01569
           1.09679
           1.31857
           0.65242
           0.16881
           0.72780
           0.69557
           0.39634
           0.11938
           1.17327
           0.66980
          -0.32924
           0.20305
           0.52665
           0.82166
           0.95212
           0.82659
          -0.09807
           0.38733
           1.20542
           0.79636
           0.68289
           0.49182
           0.79028
           0.48070
           0.12036
           0.72529
           0.68949
           0.94722
           0.51093
           0.70557
          -0.06149
           1.01768
           0.57230
           0.52269
           0.66662
           0.70031
           0.92379
           0.59829
          -0.07368
           0.52629
           0.56528
           0.00784
          -0.03545
           1.34738
               NaN
           1.53839
          -0.15541
           0.37776
           0.70032
           0.68658
           1.02348
           0.44153
           0.49405
           0.80538
           0.76320
           0.40182
           0.16300
           0.78175
           1.03096
           0.61514
          -0.08872
           0.62502
           0.38573
           0.14674
           0.45478
           0.52185
           0.00886
           0.97244
          -0.28960
           0.21318
           0.49446
           1.35585
           0.85818
           1.37069
           0.36975
           1.12808
           0.54586
           0.68924
           0.81229
           0.88397
           0.25508
           0.41710
           0.65358
           0.34044
           0.07340
           1.38114
           0.04139
           0.32573
           0.80376
          -0.27652
           0.27136
          -0.25584
           0.26507
           0.62863
          -0.11826
           0.78481
           0.32126
           0.88145
           0.48784
           1.14973
          -0.51103
           0.46723
           1.62949
          -0.01391
           0.64331
           0.07333
           0.90173
           0.91409
          -0.17574
           1.45696
           0.31745
           0.77103
           0.61667
           0.48239
          -0.23039
           0.41352
           1.03781
           1.34723
           0.74334
           1.07502
           0.63588
           0.92133
           1.06529
           0.85309
           0.55382
           0.65074
           0.61532
           0.26509
           0.64140
           0.33192
           0.84795
          -0.26184
           0.81830
           0.11788
           0.87087
           0.57915
           0.64225
          -0.33674
           1.11223
           0.10974
           0.58008
           0.91290
           1.09492
           0.62142
           0.42422
           1.22573
           0.54048
           0.12622
           0.39954
           0.05350
           0.87872
           0.32561
           0.54484
           0.48806
           0.81555
           0.31319
           0.64425
           0.03173
           1.23407
           0.25353
           0.28083
           0.34583
           0.61979
           0.85502
           0.09288
           0.61815
           0.93817
           0.68379
           0.20229
          -0.03054
           0.34735
           0.57712
           0.91776
           0.58212
          -0.16083
           1.06469
           1.06913
           1.14657
           1.69901
           0.73827
          -0.03403
           0.81624
           0.48343
           1.12321
           0.35560
           0.46711
           0.76114
          -0.01082
           0.64914
           1.32329
           0.56282
           1.38806
           0.68724
          -0.11841
          -0.22036
          -0.13802
           0.74036
           0.54347
           0.84820
           0.08647
           1.00797
           0.61129
           0.79500
           0.22560
           0.64570
           1.06070
           0.88956
           0.87455
           0.26199
           0.89249
           1.29868
           0.53020
           0.84153
           0.89331
           0.37043
           0.62132
           0.50239
           0.43567
           0.34535
           0.43236
           1.03391
           0.13424
           1.06800
           0.21815
           0.24985
           0.49988
           0.80130
           0.88762
           0.23587
           0.90291
           0.78917
           0.36053
           0.63552
           1.04656
           0.56502
           0.28171
           1.67608
           0.77442
          -0.25234
           1.04289
           1.02614
           1.11950
          -0.23818
           1.12965
           1.04971
           0.76665
           1.13360
           0.79606
           0.89735
           0.18178
           0.29191
           1.14330
           0.44051
           0.67171
           0.77481
           0.90915
           0.61930
               NaN
           0.32687
           0.09587
           0.05427
           0.35080
           0.03890
           0.67392
           0.39951
           0.32126
           0.24255
           0.96708
           1.00940
           0.55406
           0.65411
           0.52362
           0.32821
           0.25506
           0.69417
           0.06296
           0.77802
          -0.05883
           0.45514
           0.75030
          -0.11151
           0.78236
           0.86025
           0.63372
          -0.16396
           1.29072
           1.29553
           1.07750
           0.42585
           0.83324
           0.75181
           1.14346
           0.67487
           0.12874
           0.33070
           0.76255
           0.86528
           0.81351
           1.09306
           1.11663
           0.74418
           0.40485
           0.91484
           0.19523
           0.67823
           0.56638
           0.70476
           0.28464
           0.33924
           0.81307
           0.71780
           0.99577
           0.22457
           1.04051
           0.82786
          -0.46041
           1.03688
           0.26632
           0.30157
          -0.12392
           0.59062
           1.35015
           0.38565
           0.30878
          -0.16065
           0.46637
           0.78630
           0.69325
           0.26749
           0.95847
           1.21151
          -0.13361
          -0.00901
           1.29618
           1.30240
           0.68505
           0.61553
           0.29581
           0.98331
           0.50361
           0.72460
           0.84822
          -0.24960
           0.75475
           0.45784
           0.71068
           0.64135
           0.95884
           0.35430
           1.07751
           0.16379
           0.59706
           1.17895
           0.31927
           0.36802
           0.34786
           0.45996
           1.16786
           0.05361
           0.12177
           0.59752
           0.19439
           0.79932
           0.89398
           1.02040
           0.07026
           0.47621
           0.27217
           0.01559
           0.14572
           0.58278
           0.86011
           0.55675
           0.69414
           1.16120
           0.88546
           0.61902
           0.37621
           0.70756
           0.40867
               NaN
           0.43125
           0.67319
          -0.21571
           0.28689
           0.66330
          -0.29267
           0.19436
           0.29541
           0.84620
          -0.13455
           1.52823
          -0.22359
           0.77917
           0.36483
          -0.08862
           0.50189
           0.70301
           0.62444
           0.13711
           0.75341
           0.45173
           0.24565
           1.18952
          -0.50716
          -0.04622
           1.25581
           0.19902
           0.60091
           0.76717
           0.39433
           1.05256
           0.24678
           0.78853
           0.38738
           0.20656
           0.18244
           0.38518
           0.84227
           0.70748
           0.82236
           1.12353
          -0.44551
           0.34894
          -0.04070
           0.77268
           0.73091
           0.84815
           0.33769
          -0.16916
          -0.02612
           0.10356
           0.30387
           0.36089
               NaN
           0.03436
           0.53167
           0.35031
          -0.19768
           0.78375
           0.26596
           0.42944
           0.63453
           1.16077
           0.29808
           1.26445
           0.52083
           0.98239
           0.60703
           1.13157
          -0.20437
          -0.20601
           1.00513
           0.44259
           0.74963
           0.33046
           0.12210
           1.05771
           1.02189
           0.58070
           0.54415
           0.50209
           0.64023
           0.57474
           0.14548
           0.54222
           0.70031
           0.93797
           0.23236
           1.07508
           0.26548
           0.67819
           0.05042
          -0.14302
           0.29715
           0.73303
           0.50122
          -0.25429
           0.88751
           0.34757
          -0.12912
           0.43734
           0.86891
           0.53874
           0.54221
           0.85352
           0.00376
           0.29345
           0.34276
           0.94077
           0.72934
           0.05505
           1.01404
           0.53737
           0.91187
           0.60248
           0.21238
           0.25816
           0.17450
           0.44416
           1.15851
               NaN
           1.43496
           0.25124
           1.11424
          -0.11536
           0.86692
           0.23333
           0.98506
           1.01831
           1.03607
           0.26576
           0.78297
           0.32185
           0.65941
           0.53278
           0.50319
           0.77586
           0.42355
           0.33627
           0.55742
           1.01436
           0.44231
           0.60586
          -0.30534
           0.74163
           1.36580
           0.59884
           0.65148
           1.25284
           0.21467
           1.17716
           0.88050
           0.95417
           0.54613
           0.66343
          -0.07564
           0.77190
           0.71282
           0.22235
           0.11739
           0.95401
           0.34618
           0.75703
           0.95199
           0.40484
           0.36497
           0.54577
           0.86043
           0.97465
           1.20548
           0.96543
           1.30061
           0.15211
           1.08280
           0.73557
           1.30660
           0.24544
           0.96261
           1.06720
           1.52394
           0.60207
           0.22332
           0.58489
           1.22649
           0.73184
           0.42985
           0.48952
           0.77772
           0.39368
           0.31827
           0.34441
           0.65846
           1.13676
           0.42192
           0.92919
           1.10556
           0.45556
           0.50973
           0.22819
           0.72023
           0.09879
           1.09295
           1.41584
           1.03457
           1.35323
           0.65056
           0.78921
           0.86936
           0.72487
           0.71268
           0.10934
           1.48254
           0.41880
           0.30200
           0.44660
           0.86639
           0.89639
           0.72843
           1.07896
           0.88945
           0.64703
           1.08813
           0.82068
           0.81839
           0.47370
           0.78436
           0.59450
           1.15847
           0.67452
           0.32754
           0.27941
           0.83628
          -0.08753
           1.00144
           0.66690
          -0.03746
           0.69247
           1.25547
           0.86394
           0.46394
           0.48157
           0.49034
           0.76413
           0.39134
           0.37983
           0.64346
          -0.53990
           0.07982
          -0.03784
           0.29801
          -0.06162
           0.31568
           0.77951
           0.23153
           1.23516
           0.16866
          -0.22757
           0.26912
           0.64858
          -0.07298
           0.66284
           0.76674
           0.57204
          -0.03359
           0.90651
           0.45081
           1.11674
           1.27641
           0.18579
           1.38027
           1.28129
           0.17517
           0.44601
          -0.04805
           0.64776
           0.77313
           0.38041
           0.55694
           0.47375
           0.98821
           0.76267
           0.71094
           0.96433
           0.43881
           0.72110
           0.62666
           0.35271
           1.00882
          -0.26676
           0.21043
           0.45572
           0.43531
          -0.51766
           1.09448
           0.79324
           0.37653
           0.56424
           1.21346
           0.09917
           0.08291
           0.78333
           0.86127
           0.02030
           1.07742
           0.68822
           0.39623
           1.11264
           0.53368
           0.43045
           0.62314
           0.78024
           1.17534
           0.31496
           0.37953
           0.44724
           1.20111
           0.58833
           0.46933
           0.50787
           0.44727
           0.51365
           0.20357
           0.67075
           1.32392
           1.33979
           0.57749
          -0.49292
           0.77731
           0.11438
           0.28430
           0.93703
           0.38251
           1.46842
           0.61526
           0.96784
           0.53976
           1.60978
           0.43420
           0.94333
           0.03518
           0.35886
           0.32942
           0.44086
           1.23584
           0.30992
           0.91377
           1.04007
           0.18763
           0.64936
          -0.28984
           0.01688
           0.41712
           0.48505
           0.34298
           0.94584
           1.24043
           0.90234
           0.33580
          -0.18179
           0.59897
           0.79231
           0.79263
           0.72853
           0.44421
          -0.07395
           0.76549
           1.23361
          -0.04254
           0.96485
           0.41560
           0.63130
           0.24215
           0.41486
           0.57645
           0.73092
           1.43174
           0.54780
           0.38516
           1.03380
          -0.29504
           0.69679
           0.62690
           0.77948
           1.61761
           0.26517
           0.32357
           0.67524
           1.08756
           0.96335
           0.24929
           1.33075
           0.72696
           0.37616
           0.62525
           1.09939
           0.63269
           0.31208
           0.71250
           0.30016
           0.79387
           1.24233
           1.42297
           0.27857
           0.01533
           1.01648
           1.22676
           0.68277
          -0.34888
           0.75148
           0.36181
           1.30934
           0.26453
          -0.03319
           0.90822
           0.38096
           1.02932
           0.70971
           0.43988
           0.55265
           0.36787
          -0.01831
           0.45895
           0.51962
           1.50208
           0.47302
           0.63912
           0.88910
           0.63210
           0.57473
           0.93256
           0.44592
           0.49349
           1.12397
           0.84475
           0.22876
           0.84441
           0.97263
           0.57646
           1.01942
           0.70937
           0.08544
           0.66131
           0.59933
           1.31671
           0.54168
           1.02101
          -0.22508
           0.38909
           0.78687
           0.46902
           0.03283
           0.04269
          -0.12208
           0.06247
           0.42714
           0.73713
           0.67451
           0.97559
           0.40999
          -0.26032
          -0.06822
           0.67780
           0.14465
           0.71067
           1.29260
           0.97385
           1.19063
          -0.28635
           0.41392
           0.52331
          -0.54157
           0.64160
           0.20540
           1.35903
           0.71868
           0.18417
           0.52823
           0.61407
           1.03157
           0.14045
           0.33338
           0.26425
           0.82698
           0.45121
           1.32668
           0.95327
           0.53721
           0.99469
           0.70071
           0.95526
           0.97000
           1.57800
           0.29710
           0.73513
           0.84046
           0.08288
           1.08346
           0.71403
          -0.16781
           0.51600
           0.23162
           0.53827
           0.03998
           1.06216
           0.44641
           0.34688
           0.89396
           0.44503
           0.17072
           0.00241
           0.59553
           0.40903
           0.42366
           0.59428
           0.08666
           0.44631
           0.54463
           0.91477
          -0.40749
           1.34384
           0.62552
           0.09294
           0.85874
           0.82480
          -0.14775
           0.77883
           0.72558
           0.89627
          -0.10990
           0.39797
           0.02818
           0.12095
           0.36282
           1.52909
           0.11102
           0.43439
           0.27000
           0.59555
           1.10093
           0.16680
           1.02454
           0.73087
           0.22397
           0.71160
           0.24605
           0.10192
           0.50841
           0.60892
           0.83736
           0.58901
           1.05984
           0.34545
           0.24357
           0.83576
           0.89611
          -0.26918
           0.61854
           0.88957
           1.33098
           0.45136
           0.64976
           1.67752
           0.30064
           0.33618
          -0.09038
           0.81713
           0.69807
           0.27631
          -0.03000
           0.32512
           0.99652
           0.21250
           0.35425
           1.13895
           0.49335
          -0.16373
           1.49839
           0.91406
           0.13309
           0.65104
           0.65863
          -0.11586
           0.65305
           0.39157
           0.83277
           0.87206
           0.44244
          -0.23221
           1.37304
           0.97024
           1.18526
           0.02266
           1.04731
           0.40061
           0.24479
           0.62610
          -0.00069
           0.45826
           0.63713
           0.35844
           0.69871
         -31.32972
         -31.57844
         -31.53666
         -32.38913
         -32.20373
         -32.94896
         -32.46151
         -32.55188
         -34.04312
         -32.58316
         -31.05253
         -31.38168
         -31.36782
         -31.39946
         -32.20915
               NaN
         -33.46095
         -33.14998
         -32.01712
         -31.90277
         -31.22897
         -32.34898
         -31.18282
         -33.14489
         -30.45927
         -31.31316
         -33.17014
         -33.11402
         -33.31432
         -32.78701
         -32.82945
         -31.74705
         -31.68194
         -32.63193
         -33.01721
         -31.42813
         -33.03122
         -31.56753
         -32.04289
         -32.94579
         -32.26950
         -32.69027
         -32.42900
         -32.24490
         -32.01044
         -32.96183
         -33.34042
         -33.38053
         -33.91092
         -32.48589
         -31.38305
         -32.53448
         -32.36627
         -31.82947
         -32.44540
         -32.54522
         -32.62099
         -32.18553
         -30.89993
         -31.64454
         -32.41514
         -32.35040
         -31.42758
         -32.36048
         -31.17426
         -32.50851
         -31.35845
         -33.30104
         -31.98313
         -32.74701
         -32.59629
         -32.71588
         -32.34118
         -31.82271
         -31.79550
         -31.59224
         -32.15813
         -32.20267
         -32.49830
         -31.82170
         -32.88469
         -30.97483
         -33.22181
         -32.34890
         -32.53627
         -32.14126
         -31.86008
         -34.03327
         -31.94385
         -30.43537
         -32.33924
         -32.88881
         -31.62575
         -31.13232
         -31.89811
         -32.91522
         -32.83872
         -32.92224
         -32.52536
         -31.08242
         -32.44070
         -32.77465
         -32.50315
         -32.09380
         -32.51958
         -32.15132
         -32.05143
         -32.38175
         -32.13284
         -33.00777
         -32.55045
         -32.79050
         -31.74224
         -30.92825
         -32.56249
         -32.16436
         -32.47724
         -33.14096
         -32.43423
         -32.39560
         -31.78613
         -33.83983
         -31.37759
         -31.89301
         -31.89900
         -31.12543
         -33.29065
         -32.28680
         -31.26766
         -32.29636
         -31.05170
         -32.34699
         -33.25270
         -32.54523
         -33.78728
         -33.94473
         -31.92071
         -33.15210
         -31.99377
         -32.21125
         -31.67504
         -32.97346
         -32.12062
         -31.01127
         -31.81474
         -32.52021
         -33.20582
         -33.25092
         -32.24155
         -32.37028
         -33.22840
         -30.58866
         -32.33568
         -31.03696
         -31.72086
         -31.57138
         -33.50626
         -32.80234
         -32.32542
         -32.64168
         -32.34504
         -31.87407
         -32.37497
         -30.50861
         -32.86712
         -32.80312
         -31.49643
         -33.77238
         -32.28245
         -32.24885
         -30.59408
         -31.70354
         -33.14577
         -31.66557
         -33.22839
         -30.72908
         -31.86270
         -31.42490
         -31.59522
         -32.52596
         -31.31264
         -33.37692
         -32.55212
         -32.97698
         -31.29079
         -32.89914
         -32.31598
         -32.16316
         -32.60082
         -32.23648
         -32.24058
         -32.20828
         -33.65212
         -32.25888
         -31.91415
         -32.42647
         -30.86026
         -32.90491
         -32.90574
         -31.80919
         -32.32954
         -32.71828
         -32.46877
         -30.80609
         -32.67075
         -31.95305
         -32.90912
         -32.38781
         -32.65762
         -30.59770
         -32.99509
         -32.47724
         -33.31060
         -31.95143
         -30.81268
         -32.25561
         -33.02166
         -33.36354
         -32.16838
         -31.65184
         -33.11170
         -30.89483
         -33.55639
         -33.03266
         -32.71546
         -31.02343
         -33.25181
         -30.74522
         -31.83230
         -31.51818
         -33.17193
         -31.75703
         -31.71713
         -32.48036
         -32.63255
         -31.77117
         -31.72311
         -31.06629
         -31.52179
         -31.90863
         -33.07743
         -31.66232
         -32.51828
         -32.24484
         -31.14034
         -32.82989
         -31.22318
         -32.88276
         -31.58664
         -32.74338
         -32.43157
         -31.57181
         -32.79546
         -32.16345
         -32.04206
         -32.26328
         -32.31482
         -32.60487
         -32.25686
         -32.11740
         -30.76571
         -32.11516
         -32.85419
         -32.75289
         -32.06032
         -32.76052
         -31.65961
         -31.64296
         -32.53511
         -33.00115
         -32.31468
         -31.71317
         -31.70402
         -33.44748
         -32.07411
         -32.45482
         -32.56685
         -32.03205
         -31.78724
         -32.28104
         -33.25931
         -32.67041
         -32.35943
         -32.28901
         -32.39783
         -32.78647
         -32.21053
         -31.37471
         -31.82901
         -32.10911
         -32.73034
         -32.85867
         -31.90602
         -32.76879
         -33.42304
         -31.87607
         -32.30778
         -32.49825
         -31.54187
         -32.80477
         -32.75571
         -32.98330
         -32.91340
         -31.29225
         -33.53554
         -31.65957
         -31.71046
         -33.04043
         -32.25324
         -33.08626
         -33.65572
         -33.33217
         -32.78880
         -30.60127
         -32.07744
         -32.29766
         -31.02132
         -32.51913
         -33.54906
         -32.89090
         -33.02426
         -31.86585
         -33.02012
         -31.60522
         -32.82335
         -32.60730
         -32.14167
         -32.07105
         -31.42524
         -32.64355
         -31.43936
         -31.87044
         -32.93830
         -32.90842
         -32.84395
         -31.97525
         -31.55068
         -32.39771
         -31.66105
         -31.52974
         -33.05140
         -32.21271
         -31.85158
         -31.85380
         -32.48046
         -32.72419
         -31.86503
         -31.50594
         -31.94584
         -34.01175
         -33.28550
         -32.34995
         -31.16305
         -32.75262
         -30.61352
         -31.61284
         -32.29570
         -32.53565
         -33.76709
         -31.97268
         -33.04724
         -31.41647
         -32.95362
         -32.12404
         -32.15623
         -32.17239
         -32.05631
         -32.07731
               NaN
               NaN
         -32.08775
         -32.88195
         -32.26438
         -32.03290
         -32.44541
         -30.57997
         -32.21657
         -31.96728
         -31.86118
         -32.20538
         -33.25324
         -31.90959
         -32.52631
         -31.97980
         -30.72299
         -32.21613
         -33.98830
         -32.13390
         -30.54690
         -32.31360
         -31.57311
         -32.31069
         -32.37616
         -31.41085
         -32.31037
         -32.05637
         -31.62728
         -33.22100
         -33.55820
         -32.98345
         -31.71219
         -31.21438
         -34.23413
         -32.50870
         -33.59416
         -32.07728
         -32.63146
         -32.11245
         -32.99194
         -32.76418
         -32.47302
         -32.25562
         -32.69960
         -30.91004
         -31.80074
         -31.80580
         -32.02895
         -31.74689
         -32.28175
         -32.19655
         -32.09732
         -32.61094
         -31.54750
         -31.93869
         -31.37390
         -33.01781
         -31.49511
         -32.90762
         -33.05877
         -30.34951
         -31.43866
         -31.36708
         -32.88317
         -32.85863
         -32.24784
         -32.20348
         -31.47363
         -33.00007
         -32.36222
         -30.36059
         -32.37012
         -32.85293
         -33.23487
         -32.17754
         -31.26757
         -33.10128
         -33.06250
         -31.85383
         -32.02356
         -32.77667
         -33.10843
         -32.72284
         -32.58541
         -31.00536
         -32.27599
         -31.97338
         -33.54115
         -33.54235
         -32.27557
         -31.75736
         -32.21982
         -32.46440
         -32.89022
         -31.40475
         -32.43235
         -32.29148
         -32.40161
         -32.25694
         -33.06464
         -32.75283
         -33.14392
         -32.16103
         -32.50995
         -31.42860
         -32.94989
         -32.59752
         -32.56353
         -32.86754
         -32.38482
         -32.26878
         -32.23499
         -31.92393
         -31.68260
         -31.98045
         -31.33183
         -32.33296
         -31.75930
         -31.53862
         -32.73144
         -31.62191
         -32.27245
         -33.23260
         -31.16508
         -32.81215
         -32.95108
         -32.00479
         -31.67561
         -32.52821
         -33.18202
         -31.51203
         -32.94957
         -33.21573
         -33.20758
         -31.68009
         -32.33907
         -32.81484
         -31.77955
         -32.95390
         -32.77011
         -32.45604
         -30.72386
         -31.03418
         -31.64531
         -32.28594
         -33.48851
         -32.37830
         -32.05572
         -31.82532
         -32.70624
         -32.36509
         -33.26489
         -32.30806
         -32.22445
         -31.18803
         -33.22406
         -31.37352
         -32.78131
         -31.25524
         -32.85202
         -32.35569
         -32.03669
         -32.67600
         -31.60609
         -31.57768
         -33.10351
         -31.73144
         -31.83405
         -32.36309
         -32.05424
         -31.72673
         -32.63393
         -31.92709
         -32.25331
         -31.78422
         -31.73144
         -32.06477
         -32.54024
         -32.84797
         -32.87216
         -30.95291
         -32.38032
         -32.21871
         -31.45699
         -33.91599
         -32.50910
         -32.10568
         -31.80063
         -32.28180
         -32.72518
         -31.09550
         -31.80154
         -32.11161
         -32.10855
         -32.48246
         -32.65562
         -31.29730
         -31.17592
         -31.57581
         -32.11423
         -31.01093
         -31.46282
         -32.14987
         -32.10882
         -32.08783
         -32.60589
         -33.90412
         -32.07354
         -32.64997
         -31.29197
         -33.24052
         -30.82683
         -32.50673
         -32.15026
         -32.20836
         -31.84361
         -32.28614
         -31.04792
         -33.81462
               NaN
         -32.53768
         -31.85069
         -31.09389
         -31.33218
         -31.72664
         -31.37850
         -31.43800
         -32.15659
         -31.88931
         -32.29137
         -33.32633
         -31.90589
         -32.67017
         -33.12259
         -32.32918
         -31.08570
         -31.84784
         -33.81129
         -31.70319
         -32.67543
         -32.90824
         -32.73473
         -33.54038
         -31.82334
         -32.34803
         -32.32153
         -32.81092
         -31.01366
         -33.34983
         -33.26996
         -32.08679
         -32.61553
         -33.27924
         -32.94323
         -32.26371
         -32.07866
         -32.54174
         -33.43091
         -31.83437
         -32.25873
         -33.18576
         -32.59359
         -32.68905
         -31.50229
         -32.88870
         -30.90353
         -31.74606
         -31.45144
         -32.57767
         -32.72249
         -31.83059
         -32.07722
         -31.22599
         -33.22818
         -32.10950
         -32.31307
         -31.93345
         -31.93931
         -31.87643
         -32.17084
         -33.42646
         -33.23630
         -32.17440
         -30.57852
         -33.05287
         -31.75828
         -33.20610
         -32.23636
         -31.54643
         -32.12575
         -30.99434
         -31.62477
         -31.94964
         -32.55365
         -33.58891
         -31.56890
         -31.78908
         -33.23956
         -32.57334
         -32.66336
         -32.52847
         -31.73627
         -31.55229
         -32.62043
         -32.12358
         -32.75761
         -31.49271
         -30.33889
         -33.35327
         -31.65089
         -32.79756
         -33.10536
         -32.67871
         -33.68089
         -31.57830
         -32.75648
         -31.65168
         -33.21374
         -31.82058
         -32.83018
         -31.58652
         -31.77959
         -33.38700
         -33.23245
         -31.73445
         -31.20831
         -32.87477
         -32.70785
         -32.25149
         -32.86142
         -30.98548
         -32.01764
         -33.85799
         -32.09233
         -33.14442
         -33.61100
         -31.92630
         -31.60400
         -32.60287
         -31.79198
         -32.00196
         -33.32775
         -32.46600
         -30.94637
         -32.25429
         -31.76528
         -32.28479
         -31.50658
         -31.76640
         -32.36341
         -32.77492
         -31.57852
         -32.29714
         -32.08354
         -31.01051
         -32.58241
         -32.37797
         -32.32021
         -31.72471
         -32.44382
         -32.44489
         -31.87948
         -33.12757
               NaN
         -32.56795
         -32.66310
         -32.85141
         -32.33483
         -31.93545
         -31.29134
         -32.26373
         -32.48783
         -31.63281
         -31.42842
         -31.38494
         -30.88386
         -32.00845
         -32.34043
         -32.59896
         -33.37681
         -31.19021
         -32.66499
         -32.35733
         -31.33071
         -32.34389
         -31.80497
         -32.79492
         -32.25749
         -32.15331
         -32.82027
         -31.92916
         -31.77727
         -32.02711
         -33.57563
         -32.72364
         -32.27655
         -32.93951
         -31.92081
         -32.96961
         -30.97143
         -33.52980
         -32.22526
         -32.42255
         -33.17080
         -32.62369
         -32.20500
         -31.58698
         -32.58812
         -31.67676
         -31.45378
         -33.15101
         -32.19173
         -32.45142
         -32.44107
         -32.38030
         -33.00439
         -32.86394
         -31.50142
         -33.60979
         -32.97198
         -32.40396
         -31.27552
         -32.23334
         -31.78653
         -31.79232
         -31.40538
         -31.13071
         -32.58222
         -32.68848
         -31.75500
         -33.46984
         -32.90165
         -31.53505
         -31.78847
         -33.70500
         -31.75542
         -33.04585
         -33.28448
         -31.57733
         -31.87725
         -32.40064
         -31.21944
         -32.60790
         -30.99724
         -32.51728
         -32.56963
         -30.58723
         -32.66943
         -32.78331
         -32.26831
         -31.67271
         -31.96167
         -32.85376
         -31.78285
         -32.21428
         -32.95831
         -33.71837
         -32.95624
         -32.63091
         -32.05058
         -32.09082
         -31.67788
         -32.96514
         -32.27163
               NaN
         -31.67425
         -31.66569
         -32.47042
         -32.99960
         -32.04922
         -33.61835
         -31.96743
         -32.67115
         -31.63924
         -30.71773
         -31.47074
         -31.77858
         -31.84066
         -32.18350
         -32.07150
         -32.77914
         -32.51358
         -32.10895
         -31.45876
         -32.14614
         -32.28139
         -32.05083
         -33.55748
         -32.41285
         -32.50187
         -32.85726
         -32.04043
         -31.70678
         -32.86408
         -32.90663
         -32.52118
         -33.01662
         -32.12927
         -31.66124
         -32.74602
         -32.36918
         -31.91697
         -33.05651
         -33.18895
         -33.72224
         -32.15517
         -31.60914
         -33.01395
         -32.11811
         -32.91812
         -32.48153
         -32.00881
         -31.07068
         -31.59616
         -31.84352
               NaN
         -32.85019
         -32.22866
         -31.40817
         -31.21013
         -31.39153
         -32.75304
         -31.95776
         -32.05775
         -31.03692
         -32.81676
         -33.78885
         -31.21392
         -31.75311
         -33.28631
         -32.79192
         -31.86988
         -32.08201
         -32.56052
         -32.15409
         -33.32725
         -31.93280
         -33.96125
         -32.59183
         -31.92512
         -31.80919
         -32.48197
         -32.52404
         -32.26307
         -33.77596
         -32.24216
         -32.54663
         -32.53620
         -33.11447
         -32.48905
         -33.72185
         -31.66444
         -32.48863
         -32.05262
         -32.09232
         -31.90325
         -32.47393
         -32.44175
         -33.14580
         -30.57476
         -31.99915
         -30.70793
         -32.39323
         -30.75467
         -33.29584
         -31.21081
         -32.10480
         -32.09814
         -31.56705
         -31.99122
         -33.34413
         -32.06955
         -32.14721
         -32.33578
         -33.39905
         -31.83441
         -31.70120
               NaN
         -32.40793
         -32.29895
         -31.67010
         -33.83972
         -31.87886
         -31.24636
         -32.52256
         -33.26939
         -30.97895
         -32.24996
         -32.24495
         -31.75976
         -32.41589
         -30.48211
         -31.52391
         -32.81647
         -32.57307
         -32.44221
         -32.51675
         -33.17371
         -32.54467
         -32.88981
         -33.16357
         -33.72407
         -32.23542
         -31.95504
         -32.46520
         -33.59530
         -30.53332
         -33.27802
         -32.98481
         -32.28483
         -32.51695
         -32.21035
         -32.51536
         -31.74330
         -30.40003
         -31.19944
         -32.50571
         -32.01532
         -33.30563
         -31.56877
         -32.12202
         -31.93081
         -31.59974
         -31.10209
         -33.17620
         -31.77041
         -32.45689
         -32.10177
         -32.21765
         -31.71469
         -31.61751
         -33.99302
         -34.23840
         -30.48231
         -35.88369
         -34.21956
         -35.70265
         -33.09785
         -35.70378
         -37.43936
         -36.12872
         -32.80619
         -31.49285
         -33.62038
         -34.17728
         -35.02366
         -31.39159
         -32.59295
         -33.19325
         -35.92125
         -36.65009
         -33.58256
         -32.92745
         -33.81970
         -35.58651
         -31.90526
         -31.72067
         -37.32366
         -35.46460
         -32.16730
         -33.49895
         -34.68469
         -34.70033
         -35.09103
         -35.56376
         -32.66478
         -32.78694
         -37.28635
         -34.43160
         -34.47721
         -34.67401
         -35.06984
         -34.38825
         -32.82637
         -34.79645
         -34.46351
         -36.27095
         -35.11735
         -35.84650
         -33.66904
         -36.09995
         -33.43797
         -34.36607
         -34.73634
         -34.33459
         -35.72746
         -34.64455
         -32.35897
         -34.02967
         -32.94052
         -31.67114
         -32.26997
         -37.16988
         -37.80194
         -37.89295
         -30.61689
         -33.84227
         -33.86627
         -35.70452
         -35.65745
         -34.29161
         -34.31298
         -35.55881
         -35.05125
         -33.25356
         -32.37510
         -34.36946
         -35.85383
         -34.35249
         -32.16334
         -34.03806
         -34.19908
         -31.50573
         -34.79133
         -34.19630
         -32.56566
         -35.59551
         -30.81907
         -34.74098
         -33.69436
         -35.39581
         -35.37902
         -37.76148
         -32.92169
         -35.21541
         -33.84126
         -35.32041
         -35.70927
         -36.03841
         -33.40904
         -32.58049
         -34.74389
         -33.96059
         -32.72169
         -37.05293
         -32.65390
         -33.26926
         -34.89786
         -31.39093
         -33.05970
         -32.09399
         -33.47833
         -34.97580
         -31.31281
         -33.74291
         -33.69394
         -35.29215
         -34.18054
         -37.16576
         -30.62495
         -34.05468
         -37.70888
         -33.77229
         -33.68100
         -32.15098
         -35.11101
         -34.42067
         -32.68635
         -37.53145
         -32.38777
         -35.04422
         -33.26905
         -34.04905
         -32.46019
         -33.99702
         -37.41204
         -38.65048
         -34.57668
         -36.93893
         -34.25321
         -35.49714
         -35.50808
         -35.97745
         -34.09005
         -33.35703
         -34.01265
         -33.42009
         -35.42553
         -34.37438
         -35.24076
         -31.42171
         -36.09688
         -31.01313
         -35.43163
         -33.11339
         -34.02430
         -30.34447
         -37.37077
         -33.17860
         -34.36580
         -35.87358
         -36.22873
         -34.07254
         -33.85532
         -35.02290
         -34.73119
         -33.21843
         -32.92639
         -33.95326
         -35.39567
         -33.38749
         -32.57039
         -33.43405
         -35.98347
         -32.77384
         -35.48635
         -30.83880
         -36.29957
         -32.32954
         -32.60201
         -33.73378
         -33.53842
         -36.37567
         -32.88316
         -35.14018
         -34.69344
         -35.29925
         -33.01767
         -32.03121
         -33.79514
         -34.27512
         -35.50936
         -34.25771
         -33.09353
         -36.04550
         -35.73251
         -36.50150
         -37.12701
         -35.51226
         -32.76905
         -34.71567
         -34.01622
         -36.69959
         -33.71077
         -32.49333
         -35.35760
         -31.89177
         -35.17300
         -37.12224
         -34.62870
         -35.70015
         -35.39440
         -32.05639
         -32.52959
         -31.47151
         -33.48394
         -34.16777
         -36.01382
         -33.65074
         -35.77482
         -33.81298
         -35.89453
         -31.70149
         -35.78722
         -36.78156
         -35.85644
         -34.19503
         -34.14400
         -33.95922
         -36.49811
         -33.41258
         -36.11747
         -34.96317
         -33.03810
         -34.67619
         -34.38868
         -33.32547
         -32.94473
         -32.57968
         -35.25492
         -32.36255
         -36.84911
         -32.42430
         -33.35745
         -34.00065
         -34.03158
         -35.95598
         -32.05746
         -36.06539
         -34.40380
         -34.00191
         -34.68090
         -35.35057
         -34.78180
         -33.15542
         -38.12000
         -35.00917
         -31.42525
         -36.28113
         -35.92649
         -36.11492
               NaN
         -36.16083
         -36.53729
         -35.44446
         -36.13099
         -35.56763
         -34.87073
         -32.28578
         -33.54628
         -37.01594
         -33.84473
         -34.11398
         -34.47787
         -36.62173
         -34.26645
         -30.14930
         -33.71574
         -32.37054
         -31.97580
         -33.45982
         -33.39663
         -35.03973
         -33.74651
         -33.40608
         -33.25044
         -36.21474
         -35.80462
         -33.36515
         -34.16590
         -33.96208
         -33.87734
         -33.70904
         -34.39384
         -32.96334
         -36.13510
         -31.65665
         -33.91236
         -35.15383
         -31.12525
         -35.56895
         -35.80567
         -35.19576
         -32.34684
         -35.97476
         -38.10512
         -35.52479
         -33.21822
         -35.96808
         -34.92844
         -37.08833
         -36.00943
         -33.75148
         -33.93024
         -33.37484
         -35.15966
         -35.19244
         -35.00754
         -36.50241
         -36.14349
         -34.31218
         -36.25724
         -32.55269
         -35.38245
         -33.61990
         -35.30741
         -33.59719
         -33.32755
         -34.95082
         -34.00113
         -36.18137
         -32.22018
         -35.60368
         -35.85885
         -31.30928
         -36.50893
         -32.91645
         -32.62710
         -31.92380
         -33.76870
         -36.41399
         -34.38945
         -33.28977
         -31.26482
         -33.50974
         -35.25824
         -35.14843
         -32.80429
         -34.96347
         -36.26115
         -33.54254
         -33.23337
         -36.97420
         -35.90163
         -35.15807
         -32.83788
         -32.65096
         -35.77867
         -34.30182
         -36.28812
         -34.98448
         -32.17585
         -34.10847
         -34.55632
         -34.65914
         -34.43582
         -35.57313
         -33.28006
         -35.92742
         -34.92348
         -36.42081
         -36.32235
         -33.96240
         -33.56404
         -33.24182
         -34.06329
         -34.86030
         -32.38974
         -32.39569
         -33.99513
         -32.89110
         -36.03884
         -35.11310
         -36.14206
         -32.21336
         -32.43139
         -33.16565
         -34.01337
         -32.63786
         -32.65062
         -35.38107
         -33.50982
         -34.75318
         -36.52873
         -34.60807
         -34.50242
         -33.37069
         -34.14440
         -34.63002
         -31.48292
         -34.49626
         -34.11924
         -30.43123
         -35.21353
         -34.85709
         -32.57543
         -32.74016
         -33.65629
         -35.11976
         -32.49413
         -38.21166
         -31.67362
         -35.01226
         -33.97736
         -30.57519
         -33.59948
         -34.31340
         -34.23664
         -32.23281
         -34.95615
         -33.80013
         -32.97384
         -36.84949
               NaN
         -31.75082
         -35.93701
         -33.71757
         -33.64217
         -35.60217
         -34.42386
         -34.19088
         -32.32600
         -34.18319
         -34.23326
         -33.55326
         -32.88653
         -33.56710
         -34.51362
         -35.48609
         -35.28248
         -34.50150
         -30.80351
         -34.06029
         -33.06675
         -34.91177
         -33.89112
         -36.06933
         -34.20508
         -31.25944
         -31.93565
         -33.10730
         -34.16568
         -33.94898
         -30.43386
         -31.10892
         -34.15145
         -33.21537
         -32.82415
         -36.28490
         -33.17813
         -33.27255
         -34.44908
         -36.60216
         -33.92491
         -35.98817
         -34.25643
         -35.78127
         -34.51339
         -36.31589
         -32.34474
         -32.03623
         -36.67836
         -33.71679
         -35.11310
         -32.60261
         -33.36540
         -36.34149
         -36.17465
         -34.90323
         -34.29696
         -34.02441
         -34.51364
         -33.96825
         -32.18749
         -33.89298
         -33.83628
         -35.63196
         -32.58774
         -35.37684
         -33.66297
         -34.06112
         -32.44061
         -32.71130
         -32.23119
         -35.39925
         -34.70536
         -31.06470
         -34.85763
         -33.74657
         -32.70183
         -33.06095
         -36.02283
         -35.10476
         -35.09512
         -34.75021
         -32.35311
         -33.83893
         -32.99661
         -36.25999
         -35.34700
         -32.63307
         -34.40139
         -32.96675
         -34.93314
         -34.41532
         -34.20745
         -33.26175
         -32.64796
         -33.40929
         -36.83164
         -30.07809
         -38.35058
         -33.17875
         -36.19534
         -30.75779
         -36.26876
         -32.20496
         -36.25646
         -34.91054
         -36.49048
         -33.26211
         -34.82650
         -33.80735
         -33.96356
         -33.45387
         -34.84447
         -34.48779
         -33.33588
         -33.52920
         -34.02421
         -35.37321
         -34.16641
         -34.06967
         -31.17830
         -34.43747
         -36.68474
         -34.19919
         -34.83690
         -37.24482
         -33.57240
         -35.23543
         -35.50813
         -35.61703
         -33.37270
         -36.20918
         -32.21221
         -34.81646
         -34.35300
         -33.06020
         -33.11109
         -34.55582
         -33.01186
         -34.79127
         -35.51517
         -33.89044
         -33.93139
         -33.25035
         -34.28187
         -35.09291
         -36.41158
         -34.48003
         -36.13812
         -32.69208
         -35.96611
         -34.67858
         -37.27447
         -34.75683
         -35.51790
         -36.43258
         -36.82669
         -35.35122
         -31.61838
         -34.55046
         -36.54756
         -34.80792
         -33.35876
         -34.02611
         -33.81991
         -35.15749
         -31.32740
         -33.74969
         -34.19379
         -35.21331
         -32.83135
         -35.07381
         -35.35461
         -33.06546
         -33.96500
         -32.68558
         -34.83689
         -33.64173
         -35.80980
         -37.71886
         -36.75517
         -37.16909
         -33.40939
         -34.64479
         -36.81068
         -34.26835
         -35.17033
         -33.28809
         -38.03862
         -34.97637
         -32.87610
         -33.91955
         -35.38132
         -35.97974
         -33.64347
         -37.14665
         -36.38404
         -34.37403
         -36.44570
         -36.13564
         -35.79912
         -33.90605
         -34.86057
         -34.61390
         -37.49663
         -34.19944
         -33.41890
         -34.09726
         -35.54983
         -32.37135
         -35.11764
         -35.22263
         -30.76491
         -34.19129
         -36.01626
         -35.62367
         -34.32875
         -33.54986
         -33.78954
         -33.96907
         -34.59099
         -33.45478
         -34.59257
         -29.98831
         -32.20009
         -31.74809
         -33.20701
         -33.19624
         -34.33069
         -34.94641
         -31.38939
         -37.43480
         -32.35388
         -32.40526
         -33.17835
         -33.85950
         -31.81508
         -33.38233
         -34.34643
         -33.98028
         -32.41102
         -36.74665
         -33.18749
         -35.79631
         -37.75061
         -33.21198
         -37.57138
         -37.10081
         -32.34530
         -33.14134
         -32.45065
         -34.42751
         -35.47156
         -32.85613
         -32.33050
         -35.00736
         -35.18720
         -35.45050
         -35.59222
         -36.10398
         -35.18344
         -34.15113
         -34.94471
         -32.90164
         -36.71960
         -30.86518
         -33.55734
         -33.20971
         -33.31775
         -31.60415
         -37.07597
         -34.57564
         -32.53424
         -34.83682
         -37.01882
         -32.56038
         -33.14697
         -33.82811
         -35.08393
         -33.90590
         -35.95638
         -35.51654
         -34.96822
         -35.90590
         -33.51643
         -34.11393
         -34.00998
         -34.79182
         -37.47823
         -33.55205
         -32.31320
         -33.83546
         -36.10717
         -34.35987
         -33.16706
         -33.53002
         -33.94898
         -34.58478
         -32.30100
         -34.66730
         -36.85741
         -35.91366
         -34.60302
         -30.63385
         -35.05254
         -32.11610
         -33.41843
         -35.75918
         -33.22852
         -38.35334
         -32.19258
         -36.00826
         -34.54786
         -38.58878
         -33.82950
         -35.28774
         -31.41377
         -33.52968
         -33.64566
         -33.19872
         -35.89031
         -32.48970
         -34.19842
         -35.73366
         -32.96315
         -34.88477
         -32.37224
         -31.24499
         -34.11677
         -34.05109
         -32.52835
         -35.71950
         -36.27760
         -35.96482
         -33.42103
         -31.49683
         -34.92325
         -34.76805
         -34.61265
         -34.61964
         -35.12086
         -32.46329
         -34.97882
         -37.31551
         -31.73397
         -36.38370
         -32.45516
         -35.72892
         -33.06782
         -33.87742
         -35.16960
         -35.18652
         -37.35281
         -33.54126
         -33.91357
         -35.39026
         -30.39484
         -35.59458
         -34.39105
         -35.21961
         -38.26162
         -33.30253
         -34.12868
         -35.24245
         -35.43562
         -36.95839
         -33.82251
         -37.16440
         -33.90062
         -33.56258
         -34.01090
         -35.75392
         -33.66390
         -32.22433
         -35.10427
         -33.73287
         -34.58314
         -37.80160
         -37.94804
         -32.52772
         -31.83224
         -37.26380
         -36.13808
         -35.44292
         -32.05547
         -34.27273
         -33.14826
         -37.07747
         -32.13964
         -32.48171
         -34.27668
         -33.86036
         -36.18544
         -33.16581
         -34.21413
         -34.72268
         -33.56012
         -31.59376
         -33.57627
         -34.67701
         -37.18906
         -33.88036
         -35.17059
         -36.80453
         -35.16989
         -34.65301
         -35.37720
         -33.65889
         -33.43177
         -36.93765
         -35.25850
         -30.78860
         -34.69146
         -35.12470
         -34.49203
         -36.59233
         -34.56552
         -33.91315
         -34.31293
         -34.74769
         -36.40777
         -32.68822
         -35.15071
         -30.96301
         -33.22173
         -34.96847
         -33.70374
         -32.87907
         -32.64169
         -31.63988
         -31.67908
         -33.65462
         -34.89217
         -34.40348
         -36.96534
         -33.85761
         -31.55218
         -32.62205
         -34.46149
         -32.21349
         -35.35596
         -37.50053
         -35.96323
         -37.23474
         -31.09853
         -33.11521
         -34.56818
         -30.45859
         -34.20095
         -33.73902
         -38.01344
         -36.19912
         -32.80292
         -33.49568
         -35.15524
         -35.82141
         -33.39613
         -33.65078
         -32.93314
         -34.07233
         -33.20010
         -36.63195
         -33.43270
         -34.72743
         -35.76611
         -33.92434
         -34.65710
         -34.85339
         -38.37552
         -33.00886
         -34.68350
         -34.08328
         -33.11066
         -37.56812
         -33.78344
         -31.13496
         -35.07178
         -33.57438
         -33.78763
         -32.22277
         -36.34343
         -33.70476
         -34.50574
         -35.12995
         -35.48427
         -33.16844
         -31.89948
         -33.93787
         -33.92484
         -34.01029
         -34.36067
         -34.06705
         -33.80228
         -34.46804
         -35.76755
         -31.70427
         -37.28606
         -35.87268
         -31.98594
         -35.52184
         -34.99365
         -31.55783
         -34.66449
         -35.04075
         -35.60853
         -32.74913
         -32.00346
         -32.07930
         -31.11016
         -33.66956
         -36.38005
         -33.67961
         -32.74954
         -33.05629
         -34.21198
         -35.48856
         -32.56078
         -36.94091
         -34.66508
         -32.90623
         -34.83583
         -34.25403
         -32.18308
         -33.50947
         -36.67392
         -35.36935
         -34.38622
         -35.49351
         -35.01166
         -32.72894
         -34.27078
         -35.68981
         -32.33602
         -33.17193
         -35.39585
         -37.01863
         -33.37569
         -34.69337
         -36.67165
         -32.59325
         -33.98792
         -32.23575
         -35.31582
         -34.96166
         -34.10069
         -32.42176
         -34.01327
         -36.65018
         -34.45844
         -33.48054
         -36.04892
         -34.20463
         -33.02740
         -36.02771
         -36.47769
         -33.41927
         -34.59445
         -34.83276
         -31.77911
         -34.81589
         -33.12066
         -33.42409
         -34.33742
         -34.06496
         -31.18034
         -38.16038
         -35.04281
         -36.38196
         -32.01656
         -35.37568
         -32.53833
         -34.00119
         -34.01595
         -32.44008
         -33.72435
         -34.48281
         -32.99496
         -34.12805
         -30.71479
         -30.96428
         -31.78010
         -31.58227
         -31.73829
         -32.31316
         -32.31459
         -31.82413
         -33.25897
         -31.76453
         -30.64763
         -31.35601
         -30.84772
         -30.75809
         -31.55930
         -29.81180
         -33.66136
         -33.13999
         -31.11570
         -30.80667
         -30.68555
         -32.21542
         -30.57399
         -32.58114
         -30.12540
         -31.21907
         -32.21113
         -32.57129
         -33.57916
         -32.62263
         -32.40109
         -31.06517
         -30.89482
         -31.95500
         -33.09858
         -31.11439
         -32.04876
         -30.90624
         -31.48083
         -32.54676
         -31.62292
         -32.29822
         -32.33725
         -31.65577
         -31.44405
         -32.19779
         -32.93014
         -32.81116
         -33.96677
         -31.65143
         -30.90858
         -32.11158
         -31.81904
         -31.25107
         -31.68761
         -32.06050
         -32.68149
         -31.75974
         -30.42877
         -31.63840
         -32.44865
         -31.23763
         -29.95580
         -31.08309
         -31.30295
         -32.20056
         -30.77941
         -32.74610
         -31.13477
         -32.39038
         -32.19993
         -32.05947
         -31.71545
         -31.49234
         -31.66168
         -30.95101
         -31.30483
         -31.70630
         -32.57564
         -31.30996
         -32.58122
         -30.85225
         -32.85942
         -31.92236
         -32.52949
         -31.34371
         -32.10044
         -33.86987
         -31.53968
               NaN
         -31.63739
         -31.76375
         -31.32653
         -30.18958
         -31.44945
         -32.35989
         -32.17594
         -32.20275
         -32.32133
         -30.73653
         -31.90892
         -32.50082
         -32.45268
         -30.94879
         -32.48857
         -31.89320
         -31.39422
         -32.61052
         -31.91883
         -33.21876
         -32.33621
         -32.28593
         -31.84139
         -30.27838
         -32.30124
         -31.44219
         -32.08396
         -32.21168
         -32.85197
         -32.01253
         -30.41863
         -33.85542
         -30.84575
         -31.83345
         -31.15737
         -30.36459
         -33.43018
         -31.07586
         -31.00903
         -31.66190
         -30.53974
         -31.95400
         -33.43569
         -32.21002
         -32.95036
         -32.85822
         -31.30747
         -32.27776
         -31.47209
         -31.45258
         -30.79004
         -32.27986
         -31.66589
         -30.46965
         -31.30727
         -32.31243
         -32.69331
         -32.99152
         -31.54907
         -32.58930
         -32.56610
         -30.49066
         -31.62086
         -30.55753
         -31.18902
         -31.85465
         -32.61398
         -32.71546
         -31.85431
         -31.89547
         -31.44833
         -31.36646
         -32.03317
               NaN
         -32.43672
         -32.70722
         -31.16626
         -33.73061
         -31.56364
         -31.98596
         -30.13776
         -31.30398
         -32.49057
         -31.40968
         -32.70705
         -30.70375
         -30.83826
         -31.21603
         -31.36276
         -32.24709
         -30.79873
         -32.68454
         -32.47569
         -32.47752
         -30.50515
         -32.34498
         -32.15396
         -32.19363
         -32.32506
         -31.76578
         -31.48586
         -31.73508
         -33.78109
         -31.38458
         -31.03253
         -31.48558
               NaN
         -32.30289
         -32.93730
         -31.13811
         -31.94010
         -31.79904
         -32.18200
         -30.41652
         -32.05038
         -31.96720
         -32.38641
         -31.29468
         -32.20251
               NaN
         -32.44112
         -32.57440
         -33.49092
         -32.06224
         -30.19591
         -31.81411
         -32.33080
         -33.29723
         -31.33569
         -31.15285
         -32.46917
         -30.70857
         -33.04131
         -32.16707
         -31.99024
         -30.29114
         -33.04581
         -30.00313
         -30.75500
         -31.08078
         -32.49183
         -31.01677
         -31.41213
         -31.97336
         -32.22708
         -31.41229
         -31.44105
         -30.71686
         -30.65985
         -31.80383
         -32.20659
         -31.48638
         -32.32452
         -31.83944
         -30.47278
         -32.10811
         -31.03055
         -32.14792
         -30.93618
         -32.45279
         -31.91222
         -30.69933
         -32.33683
         -31.93441
         -30.63872
         -31.62928
         -32.52021
         -31.75605
         -31.40958
         -31.19441
         -30.96301
         -31.18106
         -32.00379
         -32.13143
         -31.12044
         -32.11238
         -30.91819
         -31.49453
         -32.30164
         -32.07417
         -31.96141
         -31.15885
         -31.06357
         -32.71458
         -31.56792
         -32.98715
         -32.30159
         -31.95390
         -31.74370
         -32.00887
         -33.22760
         -32.12336
         -32.03917
         -32.03109
         -32.20097
         -31.99492
         -31.38068
         -30.91514
         -31.28944
         -31.68128
         -32.46551
         -32.66233
         -31.33161
         -32.72387
         -32.79686
         -31.92674
         -31.93730
         -31.88511
         -31.63806
         -32.16655
         -32.05151
         -32.47246
         -33.04421
         -30.21110
         -32.48047
         -30.76712
         -31.36234
         -32.36447
         -31.63556
         -32.16222
         -33.11227
         -33.23535
         -32.52525
         -29.96088
         -31.36578
         -31.62929
         -30.10094
         -31.59943
         -32.95003
         -32.56274
         -32.27780
         -31.70726
         -32.47468
         -31.14005
         -32.24980
         -32.37874
         -31.86786
         -31.40614
         -30.83049
         -31.82671
         -31.25908
         -31.00847
         -32.26398
         -33.27765
         -31.99774
         -31.75794
         -31.30214
         -32.50713
         -31.17441
         -30.40202
         -32.74245
         -31.96402
         -31.98706
         -31.47146
         -31.83910
         -32.16446
         -31.64817
         -30.70764
         -30.94948
               NaN
         -33.29754
         -31.28225
         -30.06895
         -32.19722
         -30.09994
         -31.37315
         -31.49152
         -32.12785
         -33.18501
         -31.27729
         -33.24844
         -30.79491
         -32.58358
         -31.53872
         -31.62990
         -31.38719
         -31.77376
         -31.18836
               NaN
         -33.92131
         -31.11002
         -32.63249
         -31.96430
         -31.75377
         -32.07186
         -29.59168
         -32.17659
         -31.86837
         -31.36847
         -32.04706
         -32.61007
         -31.16993
         -31.69146
         -31.92588
         -30.32854
         -31.99690
               NaN
         -32.01754
         -30.06117
         -31.60535
         -31.12595
         -31.74675
         -31.41737
         -30.67265
         -31.80424
         -31.75291
         -31.04610
         -32.89567
               NaN
         -32.63416
         -31.15642
         -31.39520
               NaN
         -31.96648
         -33.82937
         -31.92422
         -32.39484
         -31.41809
         -33.10688
         -31.50641
         -32.65759
         -31.61914
         -32.40458
         -30.98735
         -31.38543
         -31.22682
         -31.51922
         -31.63470
         -31.66426
         -31.82629
         -31.89495
         -31.63230
         -31.96356
         -31.98207
         -30.32033
         -32.85624
         -30.99937
         -32.28547
         -32.74358
               NaN
         -31.23379
         -30.71687
         -32.57145
         -32.69825
         -32.10037
         -31.88863
         -30.77173
         -32.42607
         -31.68796
               NaN
         -32.73184
         -32.57416
         -33.27369
         -31.54624
         -30.66182
         -32.41599
         -32.79869
         -31.99107
         -32.04386
         -32.70033
         -32.86432
         -32.43974
         -33.08218
         -30.98145
         -31.84296
         -31.68662
         -33.70670
         -32.90912
         -32.06718
         -31.40752
         -31.70511
         -31.50903
         -32.65132
         -30.34649
         -32.01118
         -31.48572
         -31.91403
         -31.31976
         -33.23085
         -32.91828
         -32.32786
         -31.80182
         -31.90891
         -31.15753
         -32.85395
         -31.73307
         -31.72976
         -32.39752
         -31.94332
         -31.86342
         -31.70887
         -31.45191
         -31.56602
         -31.53886
         -30.75358
         -31.57126
         -31.56802
         -30.65241
         -32.51636
         -31.05873
         -32.23362
         -33.35296
         -30.91893
         -32.21482
         -32.54603
         -32.22185
         -30.94092
         -32.24690
         -33.29289
         -31.15440
         -32.23999
         -32.77958
         -32.77177
         -30.97123
         -32.33583
         -32.57839
         -31.49854
         -32.19056
         -32.17513
         -32.41516
         -29.87476
         -30.58796
         -30.88618
         -31.79428
         -33.32251
         -32.17432
         -31.91898
         -31.45960
         -31.75373
         -32.89314
         -32.09066
         -32.10702
         -31.30761
         -31.28737
         -32.52107
         -31.18155
         -31.97893
         -30.41127
         -32.01194
         -32.14640
         -31.39254
         -32.41478
         -31.06178
         -31.14449
         -32.70154
         -31.09503
         -31.48729
         -32.09384
         -31.59939
         -30.88479
         -32.28009
         -31.43238
         -32.50151
         -31.17162
         -30.58777
         -31.57195
         -32.00996
         -31.83278
         -32.71048
         -29.96412
         -31.65814
         -31.43407
         -31.01467
         -33.38652
         -32.57765
         -31.47979
         -31.21131
         -32.10207
         -32.63607
         -30.29655
         -31.52208
         -31.49291
         -31.32199
         -32.15737
         -32.36106
         -30.84636
         -30.45879
         -30.76375
         -31.12202
         -30.20995
         -30.38334
         -32.02468
         -31.21820
         -31.48965
         -31.52796
         -33.70724
         -31.27827
         -31.77660
         -30.01406
         -32.75317
         -30.64407
         -32.03486
         -31.13497
         -31.60815
         -31.49377
         -31.88439
         -30.40789
         -33.50457
         -29.94500
         -32.25784
         -31.30969
         -30.14276
         -30.98603
         -30.95382
         -30.46045
         -31.06224
         -31.73905
         -31.70546
         -31.70364
         -33.25351
         -31.00452
         -31.50448
         -32.28386
         -31.21169
         -30.54918
         -31.20205
         -33.11876
         -31.11092
         -32.09939
         -32.82054
         -31.51011
         -33.20883
         -31.58026
         -31.98518
         -31.61506
         -32.07927
         -30.40647
         -32.47318
         -32.55095
         -31.55869
         -31.73118
         -32.61973
         -32.28383
         -31.88452
         -31.43635
         -32.06329
         -32.49217
         -31.28830
         -31.99086
         -32.97530
         -31.91103
         -32.76240
         -30.66754
         -32.34982
         -30.93553
         -31.18148
         -30.39747
         -31.87438
         -32.35163
         -31.43363
         -31.68187
         -30.59264
         -32.91352
         -31.79888
         -31.78676
         -32.38256
         -31.87910
         -31.90606
         -31.93160
         -33.47962
         -32.98361
         -31.53438
         -30.39130
         -32.04113
         -31.62076
         -33.39100
         -32.01886
         -31.01236
         -32.19748
         -30.44298
         -30.99636
         -31.48078
         -32.58658
         -32.85982
         -31.19519
         -30.86385
         -32.19801
         -32.42589
         -31.53014
         -31.47276
         -31.59565
         -31.18540
         -32.65963
         -31.59163
         -32.13099
         -31.17791
         -29.87905
         -32.97136
         -30.83439
         -32.18502
         -32.53117
         -31.88785
         -33.33396
         -30.98425
         -32.25124
         -31.36308
         -32.40427
         -32.04117
         -32.66229
         -31.21174
         -31.42445
         -33.79865
         -32.34502
         -31.07845
         -30.90216
         -32.42175
         -31.71249
         -32.18018
         -32.79549
         -30.32915
         -31.30966
         -33.84693
         -31.20016
         -32.59672
         -33.29763
         -31.00745
         -31.16244
         -32.25398
         -31.27986
         -31.35780
         -32.36945
         -32.21525
         -30.63078
         -31.88921
         -30.76278
         -31.80568
         -31.12319
         -31.35920
         -31.99731
         -32.35704
         -31.41171
         -31.74990
         -30.98130
         -29.87842
         -32.11587
         -32.78067
         -31.68934
         -31.63434
         -32.21879
         -31.67966
         -31.56800
         -31.92099
               NaN
         -31.77362
         -32.22792
         -31.52671
         -31.98973
         -31.16145
         -31.26308
         -31.97144
         -32.22049
         -31.27126
         -30.39822
         -31.12986
         -30.11856
         -31.14833
         -32.19665
         -32.07119
         -33.60875
         -31.17756
         -32.32979
         -31.96626
         -31.05419
         -31.56449
         -30.77229
         -32.06302
         -31.98884
         -32.30489
         -32.33471
         -31.27369
         -31.12261
         -31.42852
         -33.21885
         -32.78375
         -31.65262
         -31.92913
         -31.96395
         -32.18133
         -30.62885
         -33.02204
         -32.03072
         -32.08663
         -32.70929
         -32.03195
         -31.01642
         -31.13576
         -32.28209
         -30.81935
         -31.69828
         -32.58681
         -31.68393
         -31.81227
         -31.09717
         -32.16736
         -32.74481
         -32.31476
         -30.59305
         -32.83663
         -32.77560
         -31.30482
         -30.66941
         -31.92643
         -31.27294
         -30.87762
         -30.88391
         -30.87820
         -31.99991
         -32.44734
         -31.10201
         -32.46968
         -31.73648
         -31.30586
         -31.77837
         -32.88331
         -30.74351
         -32.49239
         -33.56825
         -30.95500
         -31.58379
         -31.32081
         -31.00697
         -32.63703
         -30.24005
         -32.20718
         -31.73478
         -29.99187
         -32.31277
         -32.33553
         -31.97004
         -31.69094
         -31.58888
         -32.43279
         -30.53462
         -31.82960
         -32.44752
         -33.00580
         -32.44513
         -32.16402
         -31.28249
         -31.72877
         -31.27292
         -32.04793
         -31.58199
         -29.76135
         -30.97760
         -30.86704
         -32.00365
         -32.17007
         -31.46824
         -33.55028
         -31.42588
         -32.19170
         -30.53824
         -30.26276
         -30.62106
         -31.96688
         -31.52179
         -31.54048
         -31.69463
         -32.75606
         -32.48400
         -32.21725
         -31.40789
         -31.79784
         -31.67859
         -31.50762
         -32.77064
         -32.07927
         -32.72114
         -32.91156
         -31.48143
         -31.58978
         -32.28873
         -31.84595
         -31.72645
         -32.04270
         -32.36725
         -31.32553
         -32.32530
         -32.81031
         -31.38962
         -32.89892
         -32.07502
         -33.15036
         -32.00561
         -31.17355
         -32.51955
         -31.26306
         -32.80775
         -32.21156
         -31.79540
         -30.37763
         -31.22582
         -30.73792
               NaN
         -32.41676
         -31.41190
         -30.82722
         -30.41426
         -30.59222
         -31.45486
         -31.71508
         -31.45149
         -30.33354
         -32.74890
         -32.91626
         -30.62065
         -31.89584
         -32.87406
         -32.61126
         -31.42709
         -32.04951
         -31.68708
         -31.79606
         -33.05515
         -31.19461
         -33.60960
         -32.45870
         -31.93104
         -31.31769
         -32.14883
         -32.18088
         -31.77876
         -33.70874
         -31.88194
         -32.10299
         -31.79011
         -33.44007
         -31.38146
         -33.22524
         -31.59021
         -31.78829
         -31.37356
         -32.21573
         -31.26571
         -31.88128
         -31.71056
         -33.23739
         -30.24488
         -31.98065
         -30.61506
         -32.09853
               NaN
         -33.20723
         -30.85553
         -31.88511
         -31.61007
         -30.66162
         -31.85971
         -32.51368
         -31.47027
         -31.97197
         -31.75855
         -33.20165
         -31.75391
         -31.28368
               NaN
         -31.72417
         -31.81702
         -30.78731
         -33.56913
         -31.68258
         -30.54805
         -31.79128
         -33.48489
         -30.47261
         -31.52360
         -31.14275
         -31.38665
         -31.89005
               NaN
         -31.27701
         -32.54599
         -32.65095
         -31.77872
         -31.95225
         -32.95968
         -32.57305
         -32.63041
         -32.35854
         -33.55451
         -31.94794
         -31.00980
         -32.06358
         -33.72643
               NaN
         -32.53925
         -32.88450
         -31.75156
         -31.98225
         -32.30991
         -31.98419
         -31.42529
         -29.70180
         -30.47491
         -32.14570
         -32.20811
         -32.18472
         -30.76665
         -31.13844
         -31.91101
         -30.72791
         -30.77048
         -32.98571
         -31.25194
         -32.46077
         -31.72714
         -31.69465
         -31.41908
         -31.03785
