           2.98181
          11.98041
          -8.85453
          -6.25197
          -6.39253
          14.95900
          -2.50593
          14.95556
               NaN
           0.39894
          11.30508
          -5.27374
          10.81928
           6.25784
          -0.36745
           1.42846
          -8.35336
         -13.33151
          -1.46420
           9.58672
           8.79475
           5.74122
           2.38457
          -2.61640
          19.43863
           7.01996
          13.08056
          -3.84810
          11.14050
           9.46635
          -6.30966
          -3.18777
          -2.88087
           2.35183
          11.11803
           9.32364
          -0.24273
         -10.33859
           5.83407
          -0.78002
         -10.15204
           2.16987
           4.78413
          -7.63824
           2.51173
         -12.76125
           4.36653
           0.60318
          14.69708
          12.27683
          17.11218
          -2.41426
         -11.76221
         -18.42566
           0.20452
           5.69062
           3.72575
          -1.08340
          11.27635
          -2.69386
          -7.13524
          -7.61443
           7.05911
          17.41012
           4.97881
          -8.10451
           3.61356
               NaN
          -0.78575
         -11.15461
          21.03328
          -5.93577
          -7.12956
           6.29397
          -7.02703
           1.17533
          -9.44165
          -3.65584
          -0.83562
          -2.86500
          -3.75897
          -6.73874
          -1.89431
           2.08162
          -9.60260
          -1.30261
           5.57399
          -1.55093
          -4.58044
           6.64385
           1.68194
          -5.50174
          -5.52539
           9.08433
           4.86681
          -2.71750
           4.16179
           8.35284
           8.13434
          -7.53747
          -5.72796
           4.98245
          -0.55815
           0.56538
           9.90303
         -10.21368
          -5.71723
         -12.65587
          -5.09923
          -4.65240
          10.38128
           1.85625
          -7.74628
          -1.14604
           3.77847
          -4.61816
          -6.68714
          -1.48922
           5.12615
          13.69902
          -2.29566
          13.98764
           7.96222
          -0.06740
          -6.30213
          -6.22851
          -2.54248
          10.02207
         -14.84437
          -8.05670
          -0.74385
           1.78301
          20.86570
          -8.22533
         -14.52500
          -2.15162
          -7.72384
          12.09057
           8.14682
          -5.13905
          24.93721
          11.49843
         -17.05059
           9.39245
           3.80283
          -3.38983
         -10.79078
          11.82761
           0.86235
          16.41220
          -6.45180
           3.19321
          13.48807
          -7.45879
           6.69765
          -1.55795
         -16.25784
           2.91760
           5.68252
           9.20856
          -5.94578
          -3.28648
          -4.88412
          -0.42437
          -2.15892
           4.14458
          -0.27656
           5.04023
          -3.93654
           0.02597
           7.11960
           3.63908
           6.54859
           0.39390
          -7.75116
           9.69095
         -14.62573
          17.66275
          12.60340
           4.53950
          -5.51577
           3.70374
         -10.15789
          16.54325
          -5.49344
         -15.29601
           2.20875
           7.60955
          10.31713
          13.17659
           6.84512
           4.88797
          -7.46077
         -17.82377
           8.05821
           4.00375
           1.07606
           4.39051
         -14.11858
          -3.46788
           1.66738
          -8.98817
           2.85258
           0.23419
           4.65147
           0.93757
          12.12382
          15.85826
          26.58085
           5.36719
          -4.18724
          -5.38917
          -0.26278
          -2.71283
          -2.37275
          12.53466
          10.60292
          11.60589
          -8.03703
         -10.51335
         -15.49689
          14.51673
           2.38126
         -12.10647
           2.63701
          -4.81453
           1.89095
          -8.72739
         -10.70698
           2.65400
          -9.88541
          12.47678
          -9.29128
          13.00671
          -8.53543
               NaN
           6.42088
          12.53150
          16.47311
         -14.51665
          -6.09069
           3.55784
          -4.09110
          10.87813
           5.06008
          -9.25317
           7.53790
          -4.17299
           9.84443
           1.18968
          14.18611
          -3.77770
          -3.49012
           7.54735
          -8.56168
          -8.96028
          -6.91097
           8.55958
          -5.17485
          16.82155
           5.18053
          15.13663
         -11.48876
          12.72786
           1.64704
          -6.64213
          -7.47198
         -13.29082
           1.07603
           4.33673
         -11.17032
          -1.70838
          -2.85260
           9.75697
           0.56843
          12.35497
          -0.42425
          24.79044
           4.88974
         -13.37209
           4.80861
          -7.66674
          -9.47909
          -5.73514
          -0.46590
           4.38959
         -13.62232
         -11.22390
           5.58389
          -6.06173
          -3.69938
          -0.42569
          -4.68338
          -5.26964
          -4.82807
           2.57505
           4.64266
           6.47234
          14.49691
          -5.10355
          -4.20390
           7.01355
           8.28154
         -12.91274
          -2.33975
          -3.99338
          -1.31002
          -2.10441
          -7.24662
           7.39252
          -1.37685
         -21.97080
          12.57260
          -7.21493
           1.78582
          20.71083
          -0.76385
           8.41632
          15.47976
          -8.29212
          -7.36906
           2.10594
           5.87955
          -8.90398
           0.50883
           1.62861
           2.84803
           4.14721
          -1.58264
           2.32270
         -16.24239
         -10.06479
          -3.98915
         -20.81965
          14.27997
          21.39498
          13.67093
           6.49599
          10.89216
           6.98874
           5.25959
           9.49892
          -2.48527
          -2.87840
           3.13869
           7.78439
           8.91231
           5.39500
          20.97287
           8.31243
           7.32403
          11.32527
          -1.02768
           2.62210
          15.43302
          10.88445
           4.41299
         -16.08139
          -0.83679
          -3.38818
           7.59983
          17.66218
          17.99416
           6.91072
           3.53949
          18.62356
           3.27627
          -6.41136
         -12.61581
           0.62264
          -0.21905
           4.62265
          13.38318
          -3.38389
           4.57263
           6.46075
          -2.62998
           3.83526
           0.25277
          -9.48087
           2.23114
         -11.15220
          -3.52222
          -1.91571
          -1.50341
           6.25415
           2.02403
           3.73866
         -12.83190
           7.92924
           7.62988
           6.38925
          -4.92947
          -7.73368
           4.96228
           6.89448
         -12.58616
          -9.85612
          -0.09520
           7.55122
          19.97361
           2.38704
          -9.51798
           5.14991
          13.58622
           9.04649
          -1.30448
           8.10515
           8.11420
           1.04661
          14.51213
           4.04167
          -2.02487
           5.48452
           5.64550
           1.60282
          -7.11112
          13.70548
          -0.79852
          -1.94748
          -6.12308
         -11.62798
          -3.32925
           8.92327
           1.70259
          -6.68515
          -0.44145
          -6.56561
           5.65792
          11.65394
           0.76921
           9.39918
          -4.33792
          12.21526
           8.07829
         -12.47912
           5.45924
          -7.69043
          -0.99368
         -13.09782
           2.80473
           2.61341
           6.89346
           2.01277
          -1.35534
           1.53410
          -8.55808
          20.95427
           0.51122
          -5.72311
          12.07553
           5.67673
          -0.93293
         -11.26695
           7.24658
         -11.87554
           8.39480
          -7.09799
           1.15269
           4.27331
          18.25071
          11.55933
          -4.88319
          -0.93166
          -0.39527
          14.66463
           9.18663
           1.79771
          -0.43799
         -11.19840
          -1.52253
          -0.26672
           2.88857
           5.68060
           9.91112
          11.43026
          16.16005
          -9.35873
          12.51929
          14.66672
           2.92621
          -2.98715
           4.39562
           9.19937
         -17.33636
          15.46137
         -12.75884
          17.23862
           3.58805
           6.81382
           0.75915
         -10.75581
           7.38867
          -4.66190
          12.81653
           0.48277
           5.36505
           1.00825
           7.36342
          12.65502
          24.40919
          -7.32329
           6.07403
          10.00268
          10.97762
          16.01396
          -0.00757
           5.54771
           6.12808
          -3.20637
          10.01831
         -13.13985
           2.79582
          10.07752
          -8.07727
           8.50162
           6.77504
           3.01301
           0.61803
          -5.12351
          -3.65425
           1.96179
          13.93834
           7.73831
         -15.59500
           6.58572
         -16.84633
           0.18022
         -12.82024
           9.34211
          -7.66070
           5.49252
         -11.42288
          19.72422
           7.46180
           2.15277
           0.26663
           3.43025
          -9.95276
           1.13130
           3.58555
         -20.02232
          10.72499
          -3.01106
           4.73749
          -3.67774
          -1.44687
          -4.48512
           6.37517
          -7.40081
           4.19762
          -0.55916
         -13.91645
           5.77836
          -3.39836
           7.39132
           0.75426
         -17.16555
          -3.15752
          -5.85691
          16.98256
          10.43606
           7.70301
           2.10520
           0.70461
         -15.16940
           1.76482
          -6.24728
           2.53550
          20.43955
           5.27008
           6.14128
          -4.59129
          -3.00914
          -9.45188
           2.48082
           0.99329
          -6.00989
          -1.74341
         -11.29626
          11.78863
         -10.76262
           8.52385
          -6.80881
           5.41217
           0.91354
         -19.70125
           2.58486
          -9.96920
          -1.83164
           0.16551
          -7.10471
          -3.53442
          -8.71854
           2.23877
          11.72674
           3.12753
          11.28604
           6.89524
         -10.28841
          21.91373
           6.32886
         -17.04865
           0.85844
           3.51832
          13.77428
           8.15531
           7.65125
         -17.67473
          10.02831
          13.22606
         -13.24045
          -8.53965
          -7.18789
         -10.10948
           4.02049
         -11.61142
          -5.47416
          -4.67315
          -5.73041
          -9.16249
          12.24044
          16.50317
          -7.98400
          12.47677
          17.77394
          18.01504
          -9.42440
          -0.61334
          -6.00917
           2.72059
           8.87765
          -4.13054
           7.60326
           5.58119
         -13.63215
          -3.49980
          -0.33585
           7.04541
          -4.28347
           0.61991
          -1.37088
           1.42418
          10.65556
          -6.97852
          -0.75576
          -3.49033
          -4.15562
          -3.57506
          -0.52597
          -8.72556
          12.68455
           4.68205
          -2.47488
           2.75257
          -3.70465
          15.62653
          12.94486
          -5.08415
           0.58808
         -21.13578
          10.84135
           2.39712
          -5.87471
          10.20085
          14.53541
          10.11505
           7.92129
           1.54591
          -2.70662
           3.80343
          14.57368
          -7.35142
           8.96781
           9.51896
          -6.97719
          -4.21288
           3.09316
          10.53474
           0.81617
           1.86162
          -5.57438
          -5.56198
          -5.78990
          -3.25202
           7.04260
          15.70093
          -1.15773
          12.23432
         -12.52463
           3.76402
           5.44647
          -3.34577
          -7.70952
          15.92821
          -4.74157
          -3.22620
          -2.02495
           1.76425
          22.72953
          11.05280
          -7.77244
           9.96164
          -0.15421
          -8.06382
         -11.08081
          -4.06449
           4.52784
          -6.02145
           8.49761
           3.96439
          -4.90322
         -11.05179
          -7.59974
          13.13865
           2.55017
          17.66044
          -9.88261
          -8.19830
         -17.54613
           9.84177
           0.38506
           9.62979
          -8.86484
           3.58520
               NaN
           0.22690
          -7.60578
           9.30514
          -4.54550
          -6.40288
           3.33238
           6.27071
          -9.03398
          13.39563
          -1.41894
          -7.82400
           3.47938
          13.61287
          -6.54249
          11.74540
           4.31524
           2.91040
          -3.61142
           7.16624
          -4.79162
          -0.91197
          23.22122
          10.88849
          19.48208
          -4.53607
          -7.35705
          -4.71865
           8.47801
          -1.29525
          -2.53457
           2.86955
          -0.01484
           5.88863
          -2.09633
          12.55997
          -6.96951
          -3.32607
         -14.80908
               NaN
           3.41062
          -3.57631
           2.70291
           1.93894
          -0.77643
           4.98114
          21.94926
          -1.43772
           8.61827
           8.54724
           1.60288
          13.30344
          -2.42597
          -0.45140
          -8.48749
           2.21354
          10.18482
          -1.12608
           5.37585
         -13.10434
           2.14901
          -0.02018
          13.24009
         -16.00081
          -2.73658
          -4.81299
          19.63389
           7.91586
          -8.49640
          -7.38639
           3.93744
         -12.32269
          -3.79361
           7.46904
          11.66924
          -6.00982
           2.13827
           4.85798
          -0.82845
         -10.59788
           5.43664
           8.87530
           7.02246
           9.06409
          -6.61719
          17.65316
           9.74409
          17.79789
          20.22986
          -7.12588
         -16.41806
          -4.10649
           6.77320
          -4.40798
          11.24052
           1.63160
          -7.70948
           2.37226
          10.97086
         -14.32580
           8.52852
         -13.91052
          13.86210
           8.57680
           0.05724
          14.87453
          -1.24829
           6.84300
           3.05713
           7.13609
           8.08593
           0.18269
          -4.11095
           3.54739
          -1.99711
         -22.79979
          -0.55229
          -4.66313
          -0.83700
           8.47083
          -6.09060
          -7.04119
          10.00836
          -7.56170
           3.53732
          13.59692
          -1.04676
           3.39999
           1.14805
           3.78447
          -6.45968
          -7.84378
           7.41164
           2.34826
          -6.55841
          -5.69291
           6.24737
               NaN
           5.41944
          -7.41132
         -20.25809
          -0.49891
           9.78645
          -7.69628
          11.98024
           6.87623
           4.17406
          -3.38414
           7.83813
           3.96558
           4.98808
          -4.60871
          -2.42254
          -1.55534
         -10.09192
          15.86695
          -9.80238
           0.32955
          10.05528
          12.13249
          -2.46859
          -3.53376
          19.91521
           7.41627
          13.05354
         -13.32096
           5.80509
           4.38736
          -1.57833
          16.98320
          -3.96612
           3.82928
          -2.20398
          10.06913
           9.21347
          11.05194
           3.85122
          -3.82175
         -15.99966
           7.65977
           6.01534
          -7.75097
          -4.75689
          -6.99027
           1.75762
           5.16379
         -10.15124
          -5.93239
          -0.49926
          12.69434
          13.77131
          -3.29260
          12.19078
          -0.74159
           0.49788
           2.34495
           3.38614
           1.38006
          -1.30616
          16.10207
           9.34929
           6.67093
           7.11139
           6.50564
          13.51185
          -0.17877
          -5.20125
          -4.74230
          22.61832
          -6.36330
         -10.70661
          -2.88787
          -6.92998
         -10.51866
          21.12601
          14.78516
          -8.26042
           3.47797
          -3.33887
           5.69094
          11.25528
           7.03563
           7.75023
               NaN
          -2.11252
          11.86375
          14.94402
          13.41998
          -1.76399
          -3.58670
          12.12943
           8.72494
          -1.25896
           7.72474
           7.77092
          10.18866
           1.88333
          -0.73909
          -0.92778
           8.98872
           3.10027
         -10.61945
           4.12887
           5.40328
         -11.27495
          13.03653
          -6.42282
          -5.43915
          13.02223
           3.57395
          -0.32780
           3.31027
          10.46388
          13.74328
           3.61863
           1.88795
           1.87471
          11.35435
          -4.03286
           8.63002
         -15.76530
          18.90531
          15.57416
         -11.28850
         -13.29258
           2.91552
          -9.20603
          17.50777
           5.85015
          -1.44142
         -15.89137
          -9.05851
           3.49364
          18.15498
          -0.39998
           0.26001
           0.62296
           0.19471
          -0.66088
           0.61650
           0.87290
          -0.36822
           1.52425
           0.87999
          -1.68771
          -1.47666
          -1.07410
          -1.51550
          -0.60197
          -0.07805
           0.92933
           0.39198
           0.62171
          -2.32664
           0.30761
          -1.16098
          -2.28968
           0.75432
          -0.68035
           0.61266
          -3.32525
          -2.35499
          -1.94751
          -0.57491
          -2.26877
          -1.26721
          -1.05498
          -1.54563
          -2.02004
           1.14924
           0.91310
           0.57517
          -0.28917
           0.60850
          -1.47957
           0.29901
          -1.64419
          -1.48214
           0.41489
          -0.82373
           0.52453
          -1.98608
           0.15135
          -1.81346
          -0.37698
           1.53492
           0.06350
           1.19870
          -0.41504
          -1.34820
          -1.39605
           1.36415
           0.65435
          -3.08719
          -0.75886
           1.71839
           2.32452
          -0.88025
           0.21857
           1.47758
           1.63078
           0.74408
           1.25929
           1.55743
          -0.66673
           1.31858
           1.51021
           0.70757
          -2.46620
           0.07137
          -0.51966
           0.48767
           1.30281
          -1.19324
           1.06674
           0.03116
          -2.70417
           0.27049
          -1.04475
           0.52772
           1.96701
          -1.82259
           0.14466
           0.45709
           0.47919
          -1.90848
          -1.51955
          -2.28891
           0.25919
           1.35408
          -0.27251
          -0.55978
          -0.93889
           0.89345
          -0.25704
           0.11116
           2.32090
          -0.69034
          -1.75792
           0.66370
          -0.42035
           0.37040
           0.47900
           0.68903
          -0.30027
          -0.70712
           0.58023
          -1.33399
          -0.87878
          -0.25718
          -0.67222
           0.62342
           1.88834
           1.24020
          -1.37565
           1.03001
           0.53849
          -0.17662
           1.47535
           0.05900
          -0.47739
           0.15794
          -0.93757
           0.57459
           1.34532
          -2.07928
          -2.11095
          -0.74056
          -0.05707
          -0.56416
          -2.37700
          -1.86854
          -0.06564
          -0.09570
          -0.21255
           1.54644
          -0.94142
          -0.68353
           1.49794
           0.68144
           0.61244
          -0.74020
           3.10992
           0.19385
           0.93268
          -0.01244
          -0.00949
           0.45049
           0.22135
          -0.07953
           1.60027
           2.36885
          -0.06189
           1.39611
           0.20835
           0.46586
          -2.58492
           0.56610
           1.92397
           0.48070
          -0.21707
           0.12609
          -0.36567
               NaN
          -1.22545
           1.21197
          -1.53181
          -0.46101
          -0.13573
           0.45353
          -1.47879
          -0.69402
           0.40752
           0.32467
          -1.07928
           2.12193
          -0.20564
          -0.14760
          -2.09460
           0.08217
           0.59842
          -2.37037
           0.42682
           0.10153
          -0.97090
           0.64394
          -1.56356
           0.84695
          -0.37073
          -0.33346
           2.44024
           0.66224
          -0.37921
          -1.24404
           1.65527
          -1.21598
           0.94319
          -1.52842
           1.37313
          -0.36775
          -1.79156
           1.72979
           1.48811
          -0.38017
          -1.04682
           1.15737
          -0.48490
          -0.03272
          -3.47768
          -1.56053
           0.36519
          -1.74201
          -0.12620
          -0.13900
           0.42143
          -1.95072
           0.62615
          -0.12929
           1.40093
           0.79186
           1.61881
          -1.47355
           2.11813
          -1.25089
           2.03620
           0.36925
          -0.48904
           0.96273
          -2.16883
           0.20780
          -0.46506
          -1.41371
           0.73957
          -0.09307
          -1.98277
          -1.24783
           0.24277
          -1.09364
           0.51589
           0.47999
           1.88499
           0.18265
          -1.56690
           2.46657
          -0.72732
           0.17872
          -0.63717
          -1.48545
          -1.05747
          -1.09765
          -0.59125
          -0.73082
           0.55496
           0.41916
           1.32119
           1.80618
           0.26342
          -1.16168
           0.49959
           0.72288
           0.68221
           1.13750
          -0.58900
           0.17519
           1.95944
          -0.47679
          -0.54511
           1.56468
           1.51398
          -0.59292
           2.49707
           0.10031
          -0.92585
           1.14874
           1.20134
          -1.07339
           0.14993
           1.17467
          -2.96789
           1.04140
           0.20677
          -0.52236
          -0.01209
          -0.08229
           1.59294
           1.51180
           0.86608
           0.93687
           0.64236
           1.28882
           1.63814
          -0.86372
           0.07683
          -2.81684
          -2.40662
           0.72854
          -1.80390
          -0.89006
          -0.69060
          -0.08465
          -1.74084
           0.38735
          -1.87226
          -0.39062
           1.14487
          -1.82452
          -0.72817
          -0.38424
          -0.79194
          -1.18015
          -1.48292
          -0.29117
          -0.59911
          -0.66573
          -0.71153
           1.02386
          -1.08059
          -1.27656
          -1.85878
          -1.53700
           2.65891
          -0.52620
          -1.32059
          -1.30860
           0.23990
           0.62856
          -0.64971
          -1.14357
          -1.37311
           1.26538
          -2.46380
           0.89981
           0.34307
          -0.82267
          -2.29962
          -0.39360
           0.56288
           2.15097
          -1.51397
           1.91531
           1.40664
          -0.37182
          -0.27916
           0.19833
           0.30517
           0.73498
          -0.68255
          -1.12529
           1.39561
           0.50111
           1.95735
          -0.54344
          -1.45627
           2.36436
          -0.10197
          -0.09645
          -1.75036
          -0.55042
           0.24485
           0.18076
          -1.72610
          -0.28101
           0.77041
          -2.43809
           1.54366
           0.60225
          -0.27846
           0.16000
          -0.15124
          -1.74754
           0.29947
          -2.20385
          -1.35674
           0.16198
           0.38493
          -2.27857
           1.40588
           1.23558
          -0.51759
           1.78251
          -0.63786
          -1.72062
          -1.29549
           1.20120
           0.72584
          -1.92347
           1.42321
           0.64287
          -2.03589
          -2.67605
           0.21797
           1.04802
          -0.47181
          -1.52097
          -2.65105
           0.74689
           1.13089
           0.14682
          -0.47318
          -1.03652
           0.05388
           0.46063
          -0.52110
           0.40267
          -0.80425
           0.14584
           1.29435
          -1.47259
           0.15360
          -0.45623
          -1.73316
          -1.21620
           2.37172
           1.92232
           2.16135
          -0.57051
          -1.69440
          -2.15872
           0.59114
           1.28184
          -1.43657
           1.80942
           1.68065
           0.34660
           0.09643
           0.85682
          -0.15185
           0.77431
          -2.04602
          -1.18169
          -0.10218
           1.37319
          -0.89689
           1.59482
          -1.61893
           0.31438
          -0.95445
          -0.75910
           0.22224
           0.91221
          -0.89759
           0.26285
          -0.93110
          -0.44314
          -1.05255
           0.53873
           1.29954
           1.93087
           1.30335
          -0.64670
          -1.30081
          -1.61807
           0.05670
          -2.35193
           0.08758
           0.41359
          -1.98254
           1.42870
          -0.44811
           0.84860
          -1.89367
           3.20998
          -0.61937
          -1.92566
          -1.72652
          -1.71860
          -1.35615
          -0.01067
          -0.57934
          -0.29516
          -0.53560
           1.19594
           1.89672
          -0.28145
           1.43882
           0.75325
          -1.00707
          -0.37650
           1.12635
           0.91690
          -0.29027
           0.22179
           0.26120
           0.31380
          -0.68391
           0.82261
           0.41216
          -0.92975
          -0.89015
          -0.40700
          -1.72394
          -2.18490
           1.42127
          -1.68227
          -0.12114
          -0.38228
           0.02666
           1.07527
          -2.14501
          -2.13158
           0.08106
          -2.38771
          -0.00648
           1.29816
          -1.05904
          -1.13895
           1.50800
          -0.50260
           0.85216
          -0.99108
          -0.55970
          -1.32598
           0.57128
           0.39699
          -0.87548
           0.06575
          -0.23730
          -0.68271
           0.13227
          -1.21833
           1.40980
          -1.37637
           2.00401
           1.07423
           1.21689
          -1.73172
          -0.16760
          -3.09093
          -0.72222
           2.06887
          -0.01323
           1.84966
          -1.43451
           0.14792
           1.08614
           1.09078
          -1.20977
          -2.25050
           2.33563
           0.50221
          -0.40334
          -0.47555
          -0.60680
           0.47798
          -0.96360
           1.78112
          -0.84740
           0.67923
          -0.24028
          -0.64914
           1.50899
           2.05039
           1.86158
          -0.59725
          -0.36826
           0.73928
          -1.62349
           1.32656
          -2.17763
           0.29798
           0.13843
          -0.40119
          -0.98023
          -1.81016
          -0.69301
           0.29036
           1.98914
           1.08392
           2.75984
          -2.03464
           0.68838
          -0.57259
           0.25601
          -0.50197
          -0.02395
           1.22625
           0.45222
          -0.23623
          -2.27236
          -1.77657
           2.84822
          -3.57601
          -1.33193
          -0.22510
          -2.60283
           0.00005
          -0.17791
           3.32141
          -0.30189
          -0.41436
           1.04880
           0.98291
           0.43124
          -1.20523
          -0.00910
          -0.58137
          -0.66889
           1.85580
           0.70363
           0.49709
           0.16369
          -1.20470
           0.29300
          -1.52278
          -1.12413
          -0.47561
          -1.46638
           0.12788
           0.22469
          -0.85312
          -0.72851
          -2.27245
          -1.64645
           0.67494
           0.53009
           0.88345
           0.37964
          -0.31479
          -0.35025
          -0.39763
          -2.19355
          -1.34197
           1.30388
           2.57741
           0.83749
          -0.92334
           0.97158
           0.29525
           0.95637
          -0.79353
          -0.76383
           1.13622
           1.74617
           0.01361
           0.03142
           1.25479
          -1.40700
           2.27331
           3.17239
           0.21349
           1.39293
           0.53816
          -1.37469
           1.95690
               NaN
           1.58756
           0.41750
           0.71041
           0.24545
           0.25437
           0.16786
          -2.71882
          -0.16964
           1.86014
           1.42114
          -0.89264
          -0.65182
           0.58002
           0.86433
          -1.13775
          -0.79974
           1.43373
           1.09121
          -0.07455
           1.95982
           0.34286
           0.27752
          -0.84406
          -0.42899
           1.42907
           0.45783
           0.49244
          -1.63724
           0.50946
           1.83525
          -1.05168
           0.03346
           0.89485
           1.54209
           1.33335
          -0.22717
           0.83489
           0.32654
           0.72142
           0.41944
          -0.91814
          -0.26012
           0.70156
           1.98308
           0.55650
          -1.10699
           0.80243
          -0.72495
           0.78610
          -1.12834
           0.90737
           0.36489
          -0.83016
          -0.72823
           2.32406
           1.82861
          -1.01792
           0.03425
          -2.62285
           0.15848
           1.00196
          -1.00444
          -0.17201
           2.18066
           0.35590
          -1.17980
           1.02827
           0.52784
           1.50068
           0.49427
           0.72976
          -0.10742
          -0.66691
          -1.19884
          -1.78846
          -1.03265
           1.35729
           0.01235
          -1.74273
           1.13408
          -0.80865
          -0.61946
          -2.06944
          -0.56250
           1.23812
           2.19731
           0.06310
           2.80131
           2.26894
          -1.23645
           2.16260
          -1.38711
          -2.00121
           0.14474
           2.30072
          -0.55801
          -1.87507
          -0.23632
          -0.75347
           1.76959
          -1.98005
          -1.56269
           1.36550
           3.01452
           0.97891
           1.60096
           0.54491
          -1.07124
           1.52704
          -0.33909
          -2.22931
          -0.99114
          -1.11838
          -0.77130
           0.24339
          -1.18833
          -1.72355
           1.69999
          -1.72719
          -2.70179
          -0.37958
          -0.72171
          -1.97293
          -0.57546
           2.22778
           2.37096
           1.82499
          -0.43399
          -0.80742
           0.43069
           2.26764
          -2.10267
           0.51421
          -0.40994
           0.28553
           0.26472
          -1.26263
           0.11570
          -0.72726
          -1.12406
           2.18272
           1.70739
          -0.35360
           3.07725
          -1.13076
           0.04057
           1.86364
          -2.81700
           1.46229
           2.72739
           0.53441
          -0.33858
           1.02776
           0.11330
           1.02668
          -0.08581
           2.25873
          -0.44666
           1.43933
          -0.84975
          -1.21158
           0.54477
           1.28538
          -0.91639
          -0.11473
           1.51016
           0.05284
           0.24308
           1.71883
           1.59463
           1.58379
           2.79337
          -0.18749
           0.75766
          -0.90027
          -0.99598
           2.75619
           1.35839
          -1.26683
          -2.01505
           0.53077
          -0.39641
          -0.35206
           0.45847
          -2.39478
          -0.69585
           2.22655
          -1.92747
          -0.20862
           0.36612
          -0.24673
           1.32513
          -0.12310
          -0.51582
          -1.65643
           1.18652
          -0.85461
          -0.81532
           0.01320
          -0.59288
           0.37101
          -0.78050
          -1.50482
          -0.68607
          -0.88980
           0.87293
           2.19430
          -2.09427
          -0.96595
           2.42210
           1.44910
           1.42996
           0.09415
          -2.26019
           2.75143
          -0.27922
          -0.98893
           1.52973
           1.43066
           1.84417
          -1.98143
           0.16611
          -0.24165
           0.27762
           0.40688
          -0.75024
          -2.49076
          -2.97942
          -3.28106
          -1.40226
           0.43259
          -1.87727
          -1.04408
          -1.62269
           1.19687
          -0.20265
           1.09345
           0.06494
           1.18704
           0.28839
           1.32678
           2.30629
          -0.66959
          -1.45268
          -1.11026
           0.23145
           0.16266
          -1.87945
           2.06737
          -0.88823
           2.76038
           0.18407
           0.84938
           0.08846
           0.80779
          -2.59902
           0.89276
           0.69121
          -2.75963
           0.70748
          -3.35355
          -1.15153
          -1.39714
           0.91591
          -0.80767
          -1.16566
           0.11827
          -1.65388
           0.42176
           0.72320
           2.20287
           1.44922
          -0.70400
           1.41314
           0.44599
           0.53327
           0.93144
           1.65951
          -1.57427
          -0.00629
           0.47467
          -1.43414
          -0.95424
          -0.19737
           0.72103
          -0.49599
          -0.87507
           1.64462
          -1.94381
          -0.40855
           0.32846
           0.78885
          -1.22045
           1.37006
          -0.11240
          -0.46138
           0.87101
           0.66254
           0.35468
           2.09472
           0.95820
           2.22574
          -0.81244
           0.91350
           0.99016
           0.59350
           2.46098
           0.65872
           0.11184
           0.54428
           0.12296
           0.01488
          -1.16729
           0.73681
           0.36340
           0.22007
           0.65759
          -0.02394
          -1.36886
           0.45566
           0.62018
          -0.86856
           2.33559
           0.43128
          -0.06091
          -0.37247
           1.73505
          -0.01319
          -1.30724
           1.39473
          -0.21839
           0.32515
           3.35454
          -1.09081
           1.29706
          -1.19368
           1.90170
               NaN
          -0.34306
           1.74693
          -0.63088
          -0.00862
           1.93376
           0.07017
           1.77111
           2.58814
          -1.11730
          -0.65544
          -0.58420
           0.56641
          -0.98709
          -1.17548
           1.26406
           0.70735
           1.83894
          -1.17290
           0.16701
          -0.47186
               NaN
          -1.30858
          -3.25317
          -0.50058
          -2.72493
          -1.83113
           1.11617
           1.24696
           1.39577
           2.36548
          -1.63810
          -0.84078
          -2.31945
          -2.46474
           0.20124
           0.17923
          -1.53497
          -4.22417
          -3.70932
          -0.80987
          -1.96743
          -3.55961
          -0.67852
           0.06524
          -1.42387
          -2.47922
          -1.26644
          -0.40772
           0.38871
           0.05317
          -0.83904
          -0.83681
           1.37940
          -2.47364
          -2.79022
           1.74893
          -2.00589
           1.46411
          -1.64595
          -0.02236
          -3.76378
          -1.42510
          -0.84184
           0.01478
           1.99750
           1.42905
          -0.82301
          -2.38924
           0.04451
           1.05943
          -4.79662
          -0.61986
           3.09933
           3.95684
          -1.94126
          -2.70002
           0.74930
           3.43762
           0.39336
               NaN
           1.68220
           0.21514
          -0.77778
           2.21532
           1.94696
          -3.84323
           0.75672
          -0.42744
           1.03581
           1.87248
          -1.30363
           1.72451
          -0.25432
          -2.53169
           0.37072
          -1.04131
           1.59709
           2.30957
          -2.78487
           0.36354
           2.22353
          -0.51653
          -2.98782
          -0.39712
          -1.34689
          -1.57440
           0.68427
          -0.31218
          -0.70653
          -2.35626
          -0.26427
           0.62652
           0.45709
           1.16498
          -1.15985
          -1.20465
          -0.37191
           1.06495
           1.02981
           2.83283
           1.15980
           1.37263
          -1.84063
           0.09508
          -0.17097
           0.50119
          -0.58788
          -0.48503
           0.83913
           1.95158
           1.77789
          -3.21383
           1.06307
          -1.15711
          -0.41322
           1.35408
           0.09769
           0.92800
          -0.19427
          -3.02830
           2.21308
           3.00952
          -2.26615
          -2.51980
          -3.05787
           1.16835
           1.02478
          -1.90005
          -0.90833
          -1.64898
          -0.96045
           0.28482
          -0.94884
          -2.67359
           1.41790
           0.28283
          -0.04548
           0.53533
           0.24455
           1.42568
          -0.45151
          -1.39390
           1.06345
          -0.14406
          -1.28034
           0.64437
          -0.30276
           1.41279
               NaN
          -0.92014
           1.17630
          -0.38716
           0.92232
          -2.03648
           0.03527
           2.29881
           0.80290
          -0.87057
           1.47585
          -0.88205
          -3.53033
          -1.72636
           0.81707
          -2.47876
          -1.33319
           1.25455
           1.98033
          -3.00918
           1.51755
          -1.94815
          -1.41604
          -1.70428
           2.78838
          -0.85403
           0.93418
          -4.36930
           0.83578
           3.33879
          -2.58394
          -0.69873
          -1.35805
          -2.48217
           0.09811
          -0.99429
           1.87701
           1.94601
          -1.04929
           1.05098
           1.27961
          -1.03357
           0.52825
           2.43890
          -1.95911
           1.61462
          -1.76143
           2.04276
          -1.49623
          -1.72310
          -0.23886
           0.11958
          -5.05164
          -1.80677
           1.73131
           1.32293
           0.86805
          -3.25944
          -0.47177
          -1.28147
          -1.71842
          -1.81489
           1.22018
           1.75125
           1.05631
          -1.27746
          -0.11595
           3.27562
           1.75302
           1.99236
          -1.02947
           4.10953
           0.21982
           1.91227
           1.96455
          -2.18359
           3.12151
          -4.32682
           1.05050
           3.14167
          -1.89396
          -1.29549
          -2.41992
          -0.18442
          -0.42891
          -0.62890
          -0.36998
          -1.90754
          -0.25756
           3.10594
          -0.48580
          -1.91392
           0.77611
          -1.42342
          -2.12695
          -0.10987
          -1.15904
          -1.62194
           1.25831
           0.77197
           0.68788
          -0.27397
           1.05762
          -0.69410
           0.93831
          -2.32856
          -0.00408
          -1.81847
          -0.14300
           2.19284
           1.60016
           1.23043
          -0.39753
           0.57262
           0.28078
          -0.59046
           1.37745
          -0.11063
           0.19745
           0.20923
           1.64263
          -4.65358
          -0.44126
           3.06809
          -0.58509
           1.10105
           2.96910
          -2.26880
           2.63527
          -0.68653
           1.43707
           2.17687
          -0.42920
           2.08364
           2.26471
           1.43063
           2.07268
           1.58398
           1.82447
           1.16119
          -0.56475
          -1.44374
          -5.03308
          -1.39636
           1.18585
          -3.03577
          -1.76086
           1.26004
           0.19704
          -0.86117
           0.45597
          -1.92674
           0.11936
          -0.27571
          -1.64425
           2.48666
          -1.92857
          -0.15861
          -2.07694
          -4.44459
          -0.09547
          -1.24729
          -2.52201
           0.14376
           2.70968
          -0.75635
          -2.68760
          -0.97857
          -1.22866
           2.05744
          -0.72437
          -2.40547
          -0.36738
          -0.19806
           3.40684
           0.26974
          -1.03137
           0.72838
          -1.06724
          -4.98391
          -0.80429
          -0.75424
          -2.10053
          -3.18723
          -1.79220
          -0.53939
           2.42850
          -0.13289
           1.79249
           1.11686
          -1.81580
          -1.33320
          -1.96872
          -0.37820
          -1.10064
          -2.14124
          -1.75594
           1.10215
          -1.55060
           0.45145
          -0.64123
           1.44422
           2.83679
           0.68563
          -1.17341
          -2.99044
          -3.13053
          -0.49583
           0.87654
          -4.95251
          -0.81366
           2.50280
          -0.17017
           1.82129
           0.03203
          -1.51081
          -1.28945
          -0.01320
          -1.83096
          -1.22732
          -2.41890
          -2.82809
           0.70629
           1.69359
          -2.76355
           2.42112
           1.51549
          -0.18836
           1.69723
          -0.95660
          -2.23225
          -1.10610
           2.63347
           0.62004
          -2.94087
           0.76859
           1.78001
          -1.29367
          -3.04415
          -0.77330
           2.12911
           0.87973
          -2.37839
          -3.87885
          -2.06283
           0.58052
           0.98423
          -1.20658
          -1.79070
          -1.34961
           0.47081
          -1.84891
           0.30754
          -0.95850
          -0.10785
           0.12160
          -1.06460
          -1.20139
          -1.40070
          -0.41241
          -0.08010
           0.60803
           1.57719
           1.89101
          -0.38395
           0.36179
          -1.76722
          -1.20931
           0.52595
          -0.23128
           1.41234
           2.44496
          -0.37350
          -1.23569
           0.22464
          -0.98591
           0.27698
          -3.53885
          -2.19785
           1.64417
           1.29771
          -0.63329
           2.08303
           0.63570
           0.19178
          -1.08700
          -1.87739
          -0.34261
           0.38445
          -1.11556
           1.45694
          -3.74171
          -1.00685
          -0.15466
          -1.36378
           0.99311
           1.89078
           2.13123
          -1.83222
          -0.15075
          -2.00732
           1.45621
          -2.87036
          -0.90108
          -2.40055
          -4.44551
           2.01263
           0.30922
           0.46607
          -3.41734
           2.69590
          -1.38008
          -2.55676
          -0.10484
          -1.56650
          -1.28365
          -0.49244
          -1.73957
          -0.43984
          -1.56682
          -1.28572
           3.35025
          -2.04532
          -0.69973
           0.31890
          -0.35502
          -0.45374
           0.51326
           2.99789
          -2.39261
           1.63104
          -2.01912
          -0.34941
          -2.10894
           1.28186
           2.54571
          -1.58534
          -0.49372
          -2.29199
          -0.80471
          -2.66617
           0.79819
          -2.31878
          -0.91779
          -4.31419
           0.60012
          -0.06624
          -4.24132
          -3.22330
          -1.71729
          -2.11788
          -0.59525
           0.02829
          -0.52631
          -3.64410
           3.87211
          -1.19565
           0.11209
           0.30147
          -1.99189
          -2.85012
          -0.41237
          -0.34369
           0.93004
          -0.21128
           0.20486
          -2.44624
          -1.53335
           1.01862
           1.16974
           0.55032
           1.83350
           2.95594
           0.29050
          -0.27246
          -1.02570
          -1.73375
          -3.11898
           0.81989
           1.04583
           1.96914
          -1.07174
           1.64809
           0.55322
          -0.11932
           2.18397
          -2.84130
           3.92246
          -0.28854
           0.76776
          -0.39273
           0.24602
          -0.78102
           1.18081
           1.23003
          -1.10601
           3.47516
          -1.54592
           0.25815
           1.55998
           1.70651
           4.15726
          -0.68057
           0.59064
          -1.68571
          -1.58071
          -0.52009
          -3.68271
          -0.28244
           2.17506
          -1.28552
           1.10299
          -2.75349
          -3.70332
           0.30747
           1.18233
           2.14822
           3.21560
          -0.16697
           0.77877
          -0.91292
           0.36877
          -0.15454
           2.28069
           0.33771
           1.49286
          -1.31382
          -1.52354
          -2.73618
           3.51455
          -1.31715
          -1.53644
           1.87340
          -2.10709
           0.78356
           0.43336
           3.12652
           0.61155
          -0.35605
           0.28362
           0.55615
          -1.10491
          -2.97501
           1.38475
          -3.41675
          -0.31960
           3.88873
           0.82250
           0.07714
          -1.75029
          -1.81017
          -1.71428
           0.74662
          -3.07217
          -1.68545
           0.91309
           0.88729
           1.45876
           0.38968
          -0.72860
           0.05564
          -0.51058
           0.87230
           0.88906
           2.93750
          -1.83616
          -2.84818
           0.22779
          -2.39468
          -4.95735
          -4.04456
           1.87665
           2.82960
           1.53874
          -0.71909
           0.31226
           0.63574
          -0.29020
          -2.33216
           1.23103
           2.21960
           1.40590
          -0.98949
           0.20078
           1.29363
          -0.44132
           1.60645
           1.47279
           1.74073
           1.09815
           1.20674
          -0.49932
           4.05533
          -4.38457
           3.32824
          -0.77499
           0.35680
           0.79209
           0.32203
           1.04181
          -4.51951
          -1.44330
           2.35531
           1.30982
           1.94884
          -0.45614
          -0.17263
           3.61775
          -3.00680
          -1.11610
           0.21137
          -0.09472
          -0.28982
           2.52125
          -0.35115
          -1.46506
          -0.10858
          -1.62194
           0.01446
           1.90652
           0.64365
          -2.36429
          -0.28411
           1.89762
          -1.68616
           1.39053
           1.30802
           2.63178
           1.61321
          -0.99301
          -2.03289
           0.12305
          -2.25021
           2.55208
          -1.13916
           0.69439
           2.07125
           3.54893
          -1.51844
          -0.46513
           1.78242
          -0.12901
           0.27187
          -3.92298
          -0.38825
           2.17962
          -2.07872
          -0.63198
           2.91453
           3.25942
          -0.65676
          -0.01109
          -2.43054
          -0.77998
           0.84850
          -0.81625
           1.51020
           3.17730
          -1.37644
          -1.70716
          -0.81915
           0.94567
           2.74140
           2.41449
           0.47323
          -0.08016
          -1.46831
          -0.25077
          -2.50313
               NaN
           1.48558
           0.75705
          -2.69427
           1.51396
           0.11097
          -0.07842
          -3.15019
           0.19968
           0.10711
           3.43775
           0.94773
           1.68762
           0.16216
          -0.34385
           1.13344
          -1.91118
          -1.76680
           0.33494
           2.06434
           0.74708
          -0.31469
          -3.49098
          -2.60134
          -1.05054
          -0.34524
          -0.37406
           2.47052
           1.55381
           1.67809
           1.70534
           0.18412
          -1.39792
           1.16623
           0.93512
          -3.77389
          -0.64719
          -0.91835
           1.72138
           2.97309
          -1.48038
          -0.53759
           1.16578
          -2.15587
          -3.44910
          -1.28536
          -3.68501
          -2.03123
          -2.12861
           0.77626
           3.69894
           0.48778
          -0.14336
          -1.43793
           1.49726
           2.04164
          -4.14730
           1.53764
          -1.39985
           2.66962
          -0.76664
          -1.50671
          -1.80085
           1.35304
          -0.73575
           2.99704
          -1.15086
          -1.25141
           4.63373
           0.87543
          -0.70332
           3.62267
          -1.96983
           0.40749
           0.57085
           0.98009
          -0.39309
           0.46110
           0.21880
           2.97372
          -0.74227
           0.77621
          -1.67892
           0.37261
           0.48438
          -4.11947
          -0.54731
          -0.61055
          -4.12414
           1.87986
           3.55623
           1.58437
          -0.41947
           1.81062
          -0.05683
           0.93661
           4.26646
          -0.78843
          -0.83888
           0.68855
          -2.10144
           3.86103
          -0.74524
          -2.34656
          -1.66264
          -1.06006
          -0.19240
          -1.10412
           0.47756
          -2.63973
          -1.78347
           2.32525
          -1.15331
          -0.71913
           0.55155
           2.83261
           1.43273
           0.57583
           0.87571
          -2.36414
           2.21285
          -0.59353
          -2.57684
           0.73956
          -1.09736
          -1.94871
          -1.49345
          -1.44118
          -0.67733
          -1.32523
           2.16200
           3.57108
          -3.70312
          -0.76302
           2.76418
           1.50496
           0.49117
           3.76544
          -2.91183
           3.48432
           2.70172
          -0.95668
           0.45910
           2.88417
           0.93513
          -3.31950
          -0.78997
           0.39693
          -0.97519
           0.28233
          -1.61757
          -2.08885
          -2.23800
          -3.15583
           0.81856
          -1.71846
          -0.73652
          -1.54436
          -3.43472
          -1.37009
           0.66366
           0.80555
          -2.89289
          -0.52641
          -1.16871
           3.46759
           1.31926
          -0.56274
          -1.60922
          -3.45573
           1.61037
          -0.52389
          -1.50742
           1.11451
          -2.33226
           1.21729
          -0.04465
           1.01488
           4.20000
          -0.11367
          -4.25820
           2.42664
           2.27950
          -1.20880
           0.49061
          -4.18317
           0.15091
          -0.64418
           2.14830
          -2.32217
          -3.49527
           0.86246
          -3.40554
          -0.05580
           0.44066
           2.19614
           1.55971
          -1.57179
           2.00232
          -1.61179
          -1.43849
           0.67489
           0.41517
          -2.65860
          -2.45096
           1.06196
          -0.57726
           0.15482
          -4.04385
           1.74517
           1.85261
          -0.68185
           2.54994
          -0.64400
          -3.78433
          -2.03739
           1.51401
          -2.00944
           1.02315
          -0.32233
          -1.32098
           0.04666
          -0.25098
           3.90314
           2.25748
          -0.94649
          -0.39552
          -2.00903
           1.10155
           2.02560
          -0.59010
           0.92323
           0.59548
          -1.09292
          -0.56560
          -1.73876
          -0.59634
          -0.29718
           1.68838
          -1.10112
           1.27805
           1.38976
          -0.43165
          -1.92880
           1.45463
          -1.44938
          -0.42822
           2.85792
          -1.59378
           0.06436
          -1.08612
           0.47012
          -1.90084
          -3.12488
           0.46995
           0.47233
           0.19140
           0.93479
          -0.32439
           0.46311
           0.48009
          -0.89759
               NaN
           0.64123
           3.17147
          -0.11015
           1.30282
          -0.30512
          -0.40709
           1.94972
           4.23802
          -0.28098
          -1.74887
          -3.55661
           1.39757
           2.07921
           3.24643
          -1.36522
          -2.65677
          -1.16672
           3.85721
          -1.14899
           4.43608
          -5.56445
          -2.24075
           1.11483
          -1.91074
           0.24877
           1.19106
          -1.82013
           0.46600
          -1.07228
          -1.92200
          -3.33105
           1.98281
           0.52894
          -2.03433
           1.56113
          -1.93426
           3.74552
          -2.01397
          -0.37938
          -3.60705
           1.45643
          -0.38577
          -2.12597
          -2.68910
          -1.72324
          -1.35022
           4.67311
           2.83986
           0.84716
          -0.78855
           2.72009
          -2.41718
          -1.27701
          -0.43423
           0.42603
          -1.53113
           0.90074
          -0.84609
          -2.48223
           0.40475
           1.03156
           1.15195
           5.00202
           0.13457
           0.03345
          -3.10510
          -2.11431
           0.05275
           3.28917
           0.06343
          -0.59357
          -0.96163
          -0.29606
          -0.05662
           0.66749
           4.47607
           2.53996
          -1.00494
           1.25568
          -5.06628
           1.37543
          -1.95317
           4.37663
           0.48162
          -1.10038
          -0.45747
          -0.92840
          -0.65418
          -0.31192
           0.47180
          -1.03219
           0.10723
           0.44760
          -2.95578
           0.12428
          -1.04977
          -1.03223
           1.46731
          -0.41887
          -0.17464
          -2.11970
           1.93170
          -0.33400
          -3.15689
          -3.66308
           2.93393
           2.33117
          -0.21465
          -0.34572
           1.12869
           2.58228
          -1.54592
          -0.39346
           4.00710
          -0.00545
          -2.56500
           2.17438
          -2.58703
          -0.59151
          -2.95464
           0.00229
          -2.74061
           0.94637
           1.28795
          -3.03055
          -2.89181
           0.22523
          -0.94528
           0.30876
           1.79610
           0.45584
           1.30578
           0.98177
           3.01194
           0.16853
           1.65226
           0.00257
          -2.52749
           0.67174
           2.11228
          -1.81556
          -1.08234
          -1.80669
          -1.51455
           2.63981
          -1.84463
          -2.88202
          -3.07274
          -3.26924
           2.24406
           1.16574
          -0.93810
           5.18642
           1.58539
          -3.74898
           3.27048
           1.74182
           0.72493
          -2.17670
           5.56680
           1.13528
           4.32657
          -1.58189
           0.18680
           2.97533
          -0.39574
           0.24610
           1.87375
          -1.95405
           1.19009
           1.71677
           1.07705
          -0.20000
          -3.38495
           1.34045
           1.37718
           0.01070
           0.73621
          -1.84286
           0.38761
          -5.67765
          -0.49476
           1.78804
          -0.15045
           0.81130
          -2.16379
          -1.77367
           0.75366
          -3.92014
           3.84386
           2.86393
          -0.16756
           1.14974
           0.74021
          -1.72565
           1.22362
          -1.01716
          -3.39909
          -2.05883
           2.06872
           2.23068
           1.23366
           1.44018
          -2.39398
          -0.65565
          -3.75028
           0.71077
           4.46681
          -0.23836
           0.57534
          -3.82937
           0.51215
          -0.13194
          -0.03627
          -1.18852
           0.39631
           1.27841
          -1.89143
           4.60154
           3.48444
           6.43434
           0.06175
           0.32014
          -3.12206
          -1.34672
          -3.79604
          -3.14875
           2.76726
          -1.77641
           2.33717
          -2.12171
          -1.51845
          -6.33721
           3.40304
          -0.14875
          -1.33378
          -0.61022
           1.07390
          -2.12135
          -0.78682
          -3.39628
           2.21699
          -1.95788
           1.98289
          -2.18640
           0.97913
          -1.02149
          -5.72638
          -0.71316
           3.70821
           3.30121
          -4.60611
          -2.44243
           1.51432
          -2.14927
           4.05106
           1.55590
           0.10395
           1.15776
          -1.06068
           4.93252
           0.28811
           3.54211
          -1.40639
          -1.96158
          -0.23404
          -4.53439
          -2.57986
          -2.80036
           1.76416
          -0.51219
           4.26098
           3.07219
           4.04446
          -2.85032
           3.88104
           1.98598
          -1.52143
           0.46261
          -3.24309
           1.01063
           3.98246
          -1.58189
          -0.47897
           1.83781
           3.88388
          -1.74587
           5.83447
          -2.14955
           4.51196
           3.46816
          -1.52178
          -1.78569
          -1.23751
          -1.44295
          -3.98769
          -1.28365
           1.50986
          -3.38068
          -3.20524
           0.42376
           0.87712
           0.41350
           0.04253
          -0.71999
          -0.73123
           0.50744
           2.33389
          -1.29984
           2.29497
           0.41610
          -3.88034
           0.06145
          -0.00691
           0.38022
          -3.53610
          -0.49556
          -3.02406
           0.28725
          -1.79277
          -1.13454
           3.21713
          -2.08749
          -5.41779
           1.86854
          -1.71581
           0.12804
           2.83741
          -0.57666
           0.34642
           2.04211
          -1.95919
          -1.43532
          -1.55358
           0.78179
          -3.14279
          -1.98678
           3.53631
          -0.23713
           0.26197
          -2.68159
           0.87876
          -3.42425
          -1.99095
          -1.30725
          -4.43866
           4.66808
           1.21241
           3.38566
           1.94377
           1.04139
          -1.00480
           1.64660
           2.17081
           1.74612
          -3.52862
           2.09447
           1.82936
           1.73457
           1.25842
           3.35950
           1.30205
           3.41270
           1.44531
          -0.20533
           1.82369
           3.49403
           4.15408
          -0.40079
          -5.68735
           1.67519
          -1.25087
           1.47456
           0.05861
           3.21331
           1.32530
          -0.83420
           2.98041
           0.49599
          -1.75671
          -5.74641
           1.13867
           1.43407
           1.51923
           2.27438
          -0.35260
          -1.62586
           2.52667
          -1.89015
           0.78959
          -0.63204
          -1.52408
          -1.57110
          -0.07510
           0.82727
          -0.99785
           1.90691
          -0.17291
          -0.97428
          -1.57176
          -0.88812
           0.88018
          -0.43935
           2.37813
          -1.01593
          -3.11861
          -2.13908
           1.66398
          -0.52901
          -2.44338
          -0.27021
          -0.86000
           4.84557
           1.93373
          -1.07475
           0.59666
           0.06363
           2.10123
           0.44578
           1.41585
           0.54146
          -0.57924
           0.51591
           3.00509
          -2.06773
           2.13019
           0.92151
          -3.65981
          -2.87347
           4.94450
           2.42579
           2.55572
          -0.84264
          -4.69386
          -2.72982
           3.21753
           2.38450
          -3.19478
           2.38866
           0.56571
           1.39703
           2.03966
           1.77902
           1.06484
           1.49980
           0.13164
           0.30064
          -2.64967
           1.48329
          -1.28142
           0.88264
          -4.90786
           0.49321
          -0.76110
           0.87221
           1.04621
           1.68209
          -0.57962
          -1.47902
           3.16888
           0.37917
          -2.36234
           3.31401
           1.74653
           1.98935
           0.09568
           1.08268
          -2.97847
          -1.05025
          -1.98482
          -1.59569
           1.52977
           4.51870
           1.61031
           0.57691
          -1.55286
           1.40661
           0.32898
           3.95990
           0.49032
          -1.00505
          -4.09215
          -1.94047
          -1.46191
           0.69211
           1.11315
          -0.08410
           0.96870
           4.81607
          -0.22361
           2.29159
           4.55843
           1.38687
          -1.95825
          -0.26383
           2.02069
          -2.11873
           2.77650
          -1.83394
           3.58761
           1.28126
           1.39485
           0.15270
          -2.70015
           0.02660
          -1.46845
           2.34273
          -3.06486
          -1.48285
           2.33017
          -0.75376
           1.04097
           5.35338
          -0.80988
           2.74044
           0.91297
          -0.53903
           2.70441
          -2.78133
           0.85238
           3.15058
          -1.83617
           2.51543
          -1.94065
           0.50840
           1.93173
          -2.87659
           1.52950
           0.89736
           2.00618
           1.47746
          -3.50929
           0.46988
          -0.88231
           1.88984
           2.56200
          -4.48147
           1.75998
          -4.18693
           2.25274
          -1.67071
           2.56825
          -3.86041
           1.08414
          -5.07069
           2.77404
           3.89082
          -1.55814
           1.67536
          -1.96369
          -2.04045
           1.86354
           2.85603
          -6.16038
          -1.38868
           0.02085
           1.65573
          -2.11167
          -0.59638
          -1.85086
           2.31456
          -4.09176
           2.58502
          -0.47016
          -3.39933
           1.66432
          -1.97264
           1.43462
           2.55202
          -1.48723
          -0.47571
          -1.76705
           4.27672
          -1.68589
           4.02036
           0.01790
           1.14467
          -2.83250
           0.88884
          -4.01912
          -0.43409
           3.69828
           0.26541
           3.16607
          -0.46862
           2.09500
          -4.75909
           0.55652
          -0.07614
           0.09152
          -1.00879
          -3.38583
           2.52242
          -1.06581
           1.33570
          -3.36471
          -0.37674
           1.87622
               NaN
          -1.03359
          -3.28628
          -3.32598
          -1.14289
          -1.06961
           3.60570
          -1.63437
          -0.49942
           2.16501
           1.60544
           2.67210
           1.37644
          -2.04239
           3.55474
          -1.17843
          -1.10972
           0.53023
           1.10969
           2.95571
          -0.32148
           3.22111
          -4.83327
           1.71756
           1.28924
          -4.93743
          -0.97992
          -1.57550
          -2.66606
          -0.72839
          -5.66854
          -3.30339
           0.38703
           0.00644
          -2.11287
           3.61194
           3.38078
          -1.19348
           2.51556
           1.83815
           2.60045
           0.46836
           2.20954
          -0.18547
          -1.22129
           1.93336
          -0.20143
           2.77481
           1.45093
          -3.67382
          -0.44416
           2.24253
           1.47688
          -0.21562
           1.19814
          -2.81569
           3.24608
           5.65168
          -2.01438
           1.82294
          -0.43714
          -2.65162
          -1.10418
          -3.19986
          -0.95167
           2.15705
           1.22623
          -0.55195
           0.15568
          -1.10702
          -0.09207
           1.68830
           1.13781
           1.58352
          -5.03766
          -0.93727
           1.67796
          -3.15222
           1.58872
          -0.33826
           3.21684
           2.82118
           0.23948
           1.14083
           1.35524
           2.81951
          -1.91694
           1.31121
           3.49263
          -1.65544
           0.27186
          -0.57667
           1.66710
           1.74427
          -0.12613
          -1.94616
           0.29214
          -0.04748
           0.92510
           0.89000
           5.01825
           0.62339
           5.05626
          -2.69154
          -0.59572
          -1.65252
          -1.29647
          -0.30109
           3.58332
          -2.04331
          -0.62713
          -1.59429
           1.53623
           2.94832
           2.79734
          -2.28234
           0.99117
          -0.86864
           1.46273
          -0.25858
          -1.54476
           0.10039
          -2.90337
           1.52746
           1.22582
          -1.27897
          -2.62594
           0.72682
           2.88295
          -0.41052
           3.72319
          -0.08166
          -0.30921
          -2.30684
           1.10398
          -0.14718
           0.50212
          -2.58184
          -0.74594
           5.89769
           1.17014
          -1.07397
          -0.35466
           0.57993
          -2.15015
          -1.40869
          -0.49291
          -1.67432
           2.88798
           0.38782
          -1.22735
           4.42590
           5.34221
          -2.53854
           3.66389
          -0.62261
          -2.34316
          -0.13272
           2.64553
          -2.46181
          -4.15127
           4.51141
           1.94211
           5.88344
          -4.36483
          -3.29660
          -0.24644
           5.14533
          -0.04102
           1.44870
           1.07121
          -0.59469
           2.05338
          -2.19785
           0.02385
          -1.49288
          -1.41016
          -4.40750
          -3.73854
          -0.76230
          -3.45358
           2.47928
          -1.10187
          -1.61166
           0.94172
           3.60099
          -1.88789
           1.69018
           4.34519
           0.43376
           3.77565
          -0.85795
           0.11233
          -1.12517
           2.59730
           0.87992
          -0.97872
           1.03410
          -3.19226
           1.76922
          -0.90659
           2.91146
          -3.76190
          -1.69050
           0.99483
           5.87686
           0.95606
           0.80673
          -4.05729
           1.12573
          -0.70234
          -4.05280
           3.00099
           5.87323
          -0.11571
          -0.25905
           1.85438
          -0.04059
          -1.81357
           0.87181
           4.42136
           1.35090
           2.99540
          -2.79589
           3.03030
           2.13783
           4.05105
           3.76290
          -3.02434
          -1.47453
          -2.18129
           1.20957
           1.58493
           4.00370
           2.52787
           0.64449
           0.68914
           3.08661
          -3.21797
           0.61660
           1.14451
           4.42705
           0.30822
          -2.52914
           2.85139
          -0.69400
           0.74501
           0.43062
          -2.03747
           0.89070
           2.08256
          -3.05676
           0.53609
           0.09562
          -4.73871
           1.16817
          -1.14267
          -2.54573
          -0.62406
          -0.31064
          -1.23546
           1.75428
          -1.04639
           0.14303
           3.75490
           0.25951
          -1.59766
          -0.69883
          -0.25463
          -1.00749
           0.18591
           0.25263
          -1.26196
           1.92309
           1.36762
           2.79942
          -5.26135
          -1.30961
           1.68233
          -4.62767
          -1.03597
           3.09151
          -0.68966
           3.17024
          -0.02952
           1.56081
          -1.17319
           2.10517
           0.58856
           0.51498
          -3.07703
          -4.06095
          -3.46375
          -4.64189
           3.57043
          -3.54134
          -0.31430
           1.02062
           4.94141
          -1.46638
           1.51342
           4.37966
           3.68653
           2.41393
          -1.79611
           3.74613
          -0.82546
          -1.22433
           2.31118
          -1.78004
           1.16415
          -2.42215
           3.45736
           1.21825
           5.01136
           0.51771
           0.60795
          -5.90923
           2.15197
          -0.17870
          -1.34478
          -1.62570
          -5.02191
           1.02383
          -2.14334
          -3.05145
          -2.49553
          -0.88184
           1.40160
           2.23265
          -0.96733
           0.90136
           1.11841
           1.13534
           2.21269
           1.28805
           0.56188
           0.55368
           3.44778
           3.40958
           1.30569
           3.47469
           0.00750
           3.55988
          -0.38204
          -2.68411
          -2.57207
           5.41369
          -0.77294
          -3.92201
          -1.15692
           0.32399
          -3.83992
           4.51587
           3.77964
          -0.26897
          -0.06951
           1.87611
           0.19384
           0.79256
           2.07351
           1.99513
          -4.82163
           1.85730
           3.73665
           6.04949
           0.93308
           0.63918
          -0.52028
           2.32007
           4.70418
           0.75098
           1.86928
           2.16331
           2.83873
           0.90650
          -2.43655
          -0.65130
           2.49977
          -1.32327
          -0.41047
           0.57080
          -0.55205
          -1.00159
           3.63915
          -1.51089
           1.57364
           3.38534
          -0.24365
           0.66858
           3.58025
           2.74040
           1.34424
           2.74376
          -1.22599
           0.52026
               NaN
          -2.20883
           2.51357
          -3.63528
           5.98515
          -1.27490
          -1.77890
          -0.33111
          -1.39049
          -1.92167
           5.19972
           0.76637
           1.51055
           0.18139
          -2.33728
           0.93960
           3.75178
          -0.64605
