         119.14911
         149.62271
         116.97326
         116.10367
          92.19056
          92.85110
         122.15249
         118.13537
         114.53477
         121.41748
         106.43019
         139.22150
         121.63606
         102.44422
         135.91851
         103.20736
         115.45135
         108.99856
         124.17706
         121.01772
         100.01356
         133.18341
         106.78219
         118.47791
         143.84134
         111.95398
         129.44323
         134.27377
         107.93328
          98.28853
         112.26210
          99.15962
         118.24954
         101.51689
         108.96437
         114.56776
         148.83875
         106.04732
          88.98668
         100.99595
          93.87227
         108.20542
          88.63980
          91.19439
         120.81933
         120.14242
         132.29549
         124.69133
         109.18702
         112.79688
         116.94026
         134.85760
         113.89865
         132.19328
         122.44496
         122.59218
         134.84941
         103.36345
         146.99368
         122.93439
         124.38643
         131.30054
         135.86501
         100.13514
         137.69848
         117.28180
         144.32236
         119.07430
         126.59616
         121.97552
         113.21597
         104.39086
         112.85839
         122.18661
         146.13351
         115.53116
         104.64641
         128.31812
         105.31871
         120.21743
         113.77778
         115.16175
         105.35197
         111.26251
         111.67473
         123.50085
         144.37308
         145.40815
         122.18228
          92.25931
         139.38138
         108.01002
         133.86966
          98.88371
         100.44234
         130.27658
         105.35976
         133.29796
         137.88221
         132.79913
         134.62810
          79.97214
         110.38612
         120.39944
         118.66758
          91.74844
         120.14273
          84.51639
         116.60238
         132.80079
         138.76479
         105.96538
         106.69874
         119.06087
          89.38475
         132.44073
         109.85642
         123.10697
         114.12101
         109.47401
         109.50449
         107.00145
         115.65533
         129.64225
         113.46649
         131.56308
         134.09298
         128.93802
         121.72909
          91.54882
         144.15451
         111.60120
         123.40689
         104.87428
         136.64816
         127.37117
         107.02729
         110.04658
         147.09258
         129.35383
         118.45917
         117.44283
         135.10052
         128.21973
          78.68118
         103.40857
         103.60685
         100.03043
         109.33052
         130.77241
         135.31388
         129.39062
         122.74755
         117.96000
         107.50361
         141.66378
         118.03509
         112.74399
         127.05749
         111.55354
         102.23731
         124.23441
         116.91641
         114.99156
         110.49988
         125.13301
         118.85711
         121.17175
         109.87809
         124.39848
         138.71674
         122.90707
         135.76422
          87.26446
          91.16002
         121.83231
         120.87242
         112.58217
         116.62796
         110.54992
         127.18205
         110.94223
         106.63674
         108.66520
          96.88018
         123.07815
         132.78867
         136.27747
         112.62706
         122.74313
         147.54437
         106.82450
         123.71613
         132.29191
         157.42342
         126.27838
         110.60846
         146.05443
          91.05768
         142.08010
         115.45252
          93.78088
         112.60674
         130.95487
         123.66919
         104.04291
         117.70136
         126.41365
         103.72020
         102.17153
         112.54173
         121.68812
         106.14133
         138.32389
         117.57957
         131.41753
         123.36805
         131.98312
          92.62642
         123.98719
         111.23934
         118.29023
          91.39881
         115.67445
         120.50083
         125.69043
         125.14128
         133.09430
         108.27244
         112.45746
         118.53017
          94.83680
         121.64703
         114.49919
         112.88424
         100.08755
         115.75459
         123.85461
         116.89737
          99.03551
         130.68719
         107.76056
         112.76968
         128.12499
         134.74564
         117.42794
         110.06270
         109.66620
         109.79170
         127.38967
         116.02979
          98.71203
         119.98996
         104.11992
          96.13762
         130.50382
         130.97646
         135.85949
         110.56561
         127.48863
         112.35505
         142.90565
         111.53422
         105.53659
         130.08804
         134.50339
         142.26980
         121.24323
         138.31835
         118.16031
         116.23573
         102.05968
         108.77200
          97.00720
         119.09555
         106.01783
         109.62124
         117.98853
          92.47856
          96.75984
         105.76134
         118.22592
         135.65548
         128.78160
         129.72753
         113.22214
         122.36152
         108.74111
         112.12375
         108.60667
         120.62049
         105.93598
         127.59402
         119.23225
          85.79833
         134.39411
         117.79198
         119.68343
         131.22105
         128.24342
         121.94521
         133.16280
         121.66634
         131.88785
         158.32138
         119.11359
         117.14055
         116.10409
         104.99480
         134.33529
         110.02974
         135.22446
               NaN
         119.22827
         109.01644
         121.01155
          87.93908
         119.35697
         116.73965
         113.65865
         137.07700
         117.24910
         110.21312
          96.32482
         126.73776
         127.71713
         105.16103
         116.38066
         125.03402
         110.25255
         142.58491
         114.57656
         108.51782
          99.18237
         103.51189
         105.61249
         128.48485
         120.39531
         129.02409
         125.87891
         111.40020
         121.46638
         142.42311
         113.26958
         149.46260
         111.96659
         120.19344
         133.81739
         105.10789
         135.68101
         128.54128
          91.13267
         109.48838
          94.47472
         128.95830
         120.50022
         113.53793
         103.39878
         116.03496
         112.11521
         124.24409
         117.69248
         138.60301
         125.30311
         110.14541
         102.87178
         101.65578
         133.49117
         117.96228
         130.54985
         122.34504
         127.99306
         110.14084
         127.77055
         116.16049
         132.31448
         105.92408
          95.63352
          99.58769
         139.31800
         141.56113
         144.88969
         114.34996
         128.57433
         109.43513
         110.35939
         106.48790
         130.19437
         120.71316
         118.23742
         109.85147
          99.21782
         121.94464
         128.80089
         117.12831
         122.53471
         106.60110
         150.89163
         139.83694
         123.92481
         116.08295
          90.60360
         122.54059
         126.41028
         106.91476
         104.52517
         102.28189
         108.01175
         106.87112
         122.77553
         117.49233
         106.72977
         140.11144
         135.38140
         114.46196
         128.25044
         134.36651
         132.13812
         120.32076
         117.33681
         113.31371
          96.62861
         125.01058
         128.25969
          91.14647
         119.94457
         125.43656
         141.56085
         118.86342
         136.31214
         121.61724
         109.25450
         110.59935
         144.39835
         116.63398
         108.97460
          97.39902
         119.86069
         114.11291
         118.63447
         108.44683
         123.96170
         115.60578
         126.23003
         132.31091
          92.19355
         124.31522
          84.36657
         108.46289
               NaN
         104.86276
         114.42397
         132.94178
         123.63226
         113.96144
         103.58012
         129.55346
         123.19745
         117.35953
         120.13747
         118.54767
         118.10081
         134.29899
          98.05547
         118.66710
         116.51092
         137.45891
         105.74102
          81.96867
         123.53184
         128.90200
         133.25674
         122.31300
         138.72982
         115.34105
          98.88771
          97.49248
         126.07697
         121.62565
          97.44354
         108.98596
         120.50689
         126.64347
         104.56655
         131.29698
         113.37147
               NaN
          92.76632
         111.66278
         153.06512
         103.88496
         142.69296
         110.15277
         120.87520
         130.34859
         113.59325
         119.65769
         135.68600
         119.07243
         121.31217
          98.60046
         107.11902
         141.93704
         107.26989
         109.19663
         103.17184
         117.90377
         136.01633
         108.38589
         108.12861
         101.79304
         128.56922
         118.66129
         116.83996
         125.84846
         116.87966
          96.78745
         138.42698
         144.75475
         127.32871
          96.31191
         105.00664
         100.04866
         126.72750
         105.80685
         107.01111
         118.68591
         116.08892
         131.83093
         115.77877
         118.96175
         123.11426
         138.74688
         103.98505
         116.21907
         123.68544
         110.59933
         124.42391
         142.01406
         119.86024
          96.84767
         105.46017
         138.81878
         131.01225
         106.16675
         111.63114
         101.36497
         116.31306
         133.00154
         123.20814
         124.28116
         119.86299
         118.53218
         106.42100
         123.71622
         102.24909
         118.35415
          81.24804
         138.98053
         138.67691
               NaN
         123.59280
         129.17930
         136.43058
         129.46906
         108.52400
          92.82365
         125.42997
         117.23267
         117.11207
         121.76780
         126.20612
         116.10875
         136.51862
         104.48922
         109.31596
         120.62378
         113.70973
         110.91245
         101.29125
          93.25409
         117.54627
         127.96578
         105.01979
         116.44990
         133.31947
          91.81152
         129.23957
         114.69431
         120.11708
          96.77950
         103.79151
         109.14996
               NaN
         114.68943
               NaN
         139.14589
         115.82000
         101.31813
         124.12422
         106.27336
         113.78200
         113.97990
         156.11899
         137.79470
         128.66758
         127.12762
         105.57118
         111.55783
         117.40283
         125.47071
         122.98879
         118.62776
         139.26371
         113.68976
         117.47443
         109.17770
         120.53628
         128.57111
         135.52292
         108.95262
         130.94891
         110.17048
         135.17080
         125.35700
         139.30850
         127.00261
         116.31336
         118.83757
         105.38345
         137.02123
         108.04179
         104.08815
          93.20011
         144.91785
         137.45343
         120.77529
         107.38485
         145.46023
         111.60091
         100.36486
          91.66713
         107.83317
         107.39035
         137.88641
         113.58447
         153.99087
         113.61163
         105.31856
         130.52900
          88.57002
         101.82750
         124.54251
         103.99881
         147.28315
         124.29442
         112.07939
         137.24666
         106.77841
         115.50619
          90.85534
         114.27078
         110.01893
         121.69516
         122.18455
         140.29722
         139.16728
         119.93763
         121.11054
         133.04003
         117.54993
         112.13874
         145.85595
         102.63039
          97.56889
         123.65949
         114.08545
         105.13227
         135.35943
         110.76227
         152.91765
         133.79430
         113.51232
          93.06497
         115.76709
         109.32080
         138.74674
         133.81835
         113.87884
         136.30153
         114.95088
         103.06573
         108.64117
          93.45044
         136.10514
         107.25354
         137.35263
         116.64301
         106.68797
         113.70595
         108.47581
         109.99363
         123.16504
         140.59707
         120.37719
         128.61901
         106.26139
         101.78889
               NaN
         108.39995
         116.05252
          96.71136
               NaN
         129.00089
         110.83799
         130.79360
         113.67396
         105.65667
         124.37574
         118.03857
         108.77186
         115.90961
         148.24639
         118.89373
         106.16331
         130.57803
         134.21594
         120.43874
         101.74952
          94.27593
         106.72289
         130.61393
         142.80700
         121.78820
         130.12051
         101.25269
         102.60851
         126.44901
          91.06288
          97.57118
         127.54113
         131.73556
         110.98275
         148.17323
         110.65852
          85.68128
         100.70202
         111.21267
         129.42422
         111.59777
         114.22431
         117.90568
         133.81811
          97.51399
         146.08088
         117.97817
         115.75205
         108.46785
         136.89097
         119.65069
          99.92213
         121.67050
         121.51522
         108.09725
         129.06451
         121.03225
         100.83393
         101.91588
         121.54307
          87.14110
         104.88190
         109.83748
         127.27251
         143.56446
         113.01342
         127.83775
         116.56996
          87.98403
          96.06121
         111.15213
         102.48334
         107.85547
         121.08462
         117.33760
         113.18094
          92.68559
         119.52665
         129.78263
         118.81762
          97.46447
          83.78896
         121.81739
         100.30700
         129.06792
         125.12536
         109.72785
         101.14890
         122.65152
         104.91172
         134.58386
         120.99878
         114.12064
          95.39394
          98.66735
         109.02631
         113.82043
         121.08345
         112.66413
         140.40028
         116.86573
         121.68558
         134.00269
         109.14163
         116.52946
         113.28144
         115.39071
         125.75871
         100.36173
         125.12130
         111.34948
         119.84781
         139.96502
         139.32406
         130.70738
         143.65908
         119.48342
         120.09015
         134.30754
          87.60021
         111.64144
         141.66664
         134.36308
         113.29028
         121.11239
         141.21610
         111.06082
         121.43466
         144.00459
         102.68615
         121.78897
         125.38580
         113.86323
         142.76633
         135.93869
          95.07821
         117.91496
         129.22824
         100.31221
         120.86611
         130.70641
         102.03997
         142.10305
         120.16181
         133.12190
         104.37154
         112.50337
         114.63008
          96.83732
         125.36328
         132.26253
         144.31301
          84.06743
         135.18561
         113.86445
         133.82638
         111.22254
         126.21807
         132.23116
         132.87130
         117.01394
         104.59411
         120.47890
         120.33153
         116.82280
         108.02804
         109.58245
         116.74083
         124.75027
         132.59869
         111.37443
         141.41600
         135.62361
         131.27103
         114.78625
         130.82668
          90.90332
         123.02363
         127.69936
         142.49175
         123.53545
         123.69009
          98.81851
         111.77217
         133.13771
         115.50753
         106.56298
         139.34891
         131.03256
         121.50155
         116.86471
         109.24584
         121.61218
          95.10983
         111.22060
         102.47981
         115.60062
         125.33288
          99.83247
         114.71302
         147.75799
         110.89988
         132.25430
         101.35013
         117.87011
         136.99858
         130.83541
         120.69786
         133.80817
         139.35890
         102.62657
         106.36050
         140.37737
         112.65703
         106.82930
         115.70931
         126.96020
         101.05924
         131.08380
         109.29661
         129.44031
          86.90507
         145.91666
         149.32529
          98.79800
          92.35990
         122.72092
         134.44091
         120.68372
         132.80807
          97.18918
         119.43651
         122.22659
         120.37825
         130.40430
         120.63739
          97.46454
         123.27192
          99.84349
          93.87457
         120.40671
         106.94744
         139.11471
         112.66822
         101.17922
          91.83049
         122.70534
          91.64913
         112.12368
         114.85970
         126.37277
         125.23473
         109.46799
         106.56777
         115.76896
          93.23432
         118.12196
         113.15574
         150.63927
         116.17871
         100.46815
         145.74243
         104.12332
         102.68005
         134.29762
         122.00414
         130.98112
         136.37498
         125.36735
         145.70018
         158.67454
         116.00278
         126.36642
         109.55048
         115.06123
         119.65007
         117.22852
         113.20181
         116.38069
         121.74297
         139.99017
          85.44091
         121.46843
         116.95641
         149.02126
         106.68603
         120.93327
         126.43237
         112.16510
         128.80043
         125.92619
         -54.71189
         -55.61816
         -54.96153
         -55.33876
         -55.85152
         -55.81969
         -55.94033
         -56.07776
         -55.78273
         -56.00458
         -55.44545
         -55.34854
         -55.73533
         -56.31382
         -55.86049
         -55.38484
         -55.55255
         -56.36823
         -55.34193
         -55.66855
         -55.68244
         -55.64209
         -56.01699
         -56.69811
         -56.36098
         -55.79543
         -55.77300
         -55.52113
         -55.65458
         -55.11201
         -55.66002
         -56.09678
         -55.25273
         -55.57928
         -55.43454
         -56.03423
         -56.05870
         -56.01962
         -55.55111
         -55.65502
         -56.50193
         -55.18599
         -55.58153
         -55.89038
         -56.02318
         -56.70187
         -55.90562
         -56.09504
         -56.55381
         -55.09543
         -56.12731
         -55.49978
         -56.33059
         -55.56157
         -55.53721
         -55.56581
         -55.65379
         -55.28850
         -56.45184
         -56.13095
         -55.75848
         -55.00555
         -55.42644
         -55.77039
         -56.16441
         -55.95097
         -55.92604
         -55.66284
         -54.78083
         -56.37978
         -56.06625
         -55.43905
         -54.96411
         -55.81462
         -54.98671
         -55.75572
         -55.88811
         -56.59655
         -55.49995
         -56.55707
         -54.99320
         -55.89585
         -55.20643
         -55.26099
         -56.52568
         -56.37286
         -56.43930
         -55.25987
         -55.45647
         -55.10700
         -54.94640
         -55.61994
         -56.29761
         -54.92597
         -55.79626
         -56.08278
         -55.89291
         -55.74921
         -55.90156
         -55.36713
         -54.61736
         -55.05890
         -55.87757
         -55.60062
         -55.84695
         -55.71268
         -56.15197
         -55.04158
         -56.17471
         -55.03686
         -55.62816
         -56.21744
         -55.70945
         -55.82116
         -56.03864
         -55.88661
         -55.57787
         -55.95551
         -56.00814
         -56.23024
         -54.94677
         -55.67696
         -56.13306
         -55.28027
         -55.35041
         -55.23765
         -55.59393
         -55.73399
         -55.61623
         -54.81403
         -56.40232
         -55.64526
         -55.99316
         -55.77742
         -56.15825
         -55.90914
         -56.29784
         -56.37074
         -56.01169
         -55.29250
         -55.14973
         -56.08669
         -55.55494
         -55.14149
         -55.22231
         -55.61137
         -56.33013
         -55.32760
         -55.48585
         -56.80974
         -55.60491
         -55.90511
         -55.21455
         -55.05922
         -55.71307
         -55.41660
         -55.33352
         -56.02113
         -56.30838
         -55.45973
         -55.51821
         -56.07633
         -55.86138
         -56.53446
         -56.67845
         -55.62305
         -55.79469
         -55.61284
         -55.69482
         -56.31350
         -55.09321
         -55.73330
         -55.76660
         -54.83881
         -55.93735
         -55.90569
         -55.01764
         -55.70838
         -55.82832
         -55.51993
         -55.29329
         -55.15785
         -56.39626
         -54.82469
         -54.89429
         -55.69536
         -55.48927
         -56.36783
         -55.47802
         -55.15884
         -55.59997
         -55.43347
         -56.45557
         -55.88235
         -55.47046
         -55.19926
         -56.05090
         -55.83851
         -56.00946
         -56.76881
         -56.01823
         -55.82065
         -56.40735
         -55.85131
         -55.97457
         -56.18568
         -54.90333
         -56.60023
         -55.46084
         -55.70802
         -55.83806
         -56.21282
         -55.74242
         -55.35927
         -56.17398
         -55.99641
         -55.80209
         -55.61050
         -55.82289
         -54.72986
         -55.57043
         -55.63337
         -56.76637
         -55.37996
         -55.03291
         -56.01817
         -56.40026
         -55.51149
         -55.85037
         -55.63129
         -56.32983
         -56.30504
         -56.21649
         -55.77970
         -56.14835
         -56.20256
         -55.91214
         -56.57769
         -55.41846
         -55.93433
         -55.76535
         -56.38154
         -55.87997
         -56.03958
         -55.76492
         -56.41299
         -55.54092
         -55.65511
         -55.87147
         -55.23687
         -55.34712
         -56.03775
         -56.20722
         -55.48668
         -55.91063
         -55.54824
         -56.85786
         -56.37028
         -56.02990
         -54.69969
         -54.80860
         -55.69433
         -55.32798
         -55.78122
         -55.29859
         -55.33020
         -55.34069
         -55.82967
         -55.27898
         -55.35786
         -55.55003
         -55.47595
         -56.11989
         -56.13457
         -55.76033
         -55.84348
         -55.92137
         -54.63873
         -55.73549
         -56.05648
         -56.43021
         -55.09251
         -55.92131
         -56.37435
         -54.54697
         -55.40301
         -56.03723
         -56.43355
         -55.20453
         -55.35201
         -55.86491
         -55.72635
         -56.31208
         -55.35701
         -56.22891
         -55.85007
         -55.41055
         -55.09906
         -56.25893
         -55.96473
         -55.98994
         -55.49803
         -55.27785
         -55.92998
         -55.47192
         -55.18255
         -56.67619
         -55.57624
         -56.46848
         -55.99811
         -55.09036
         -55.68886
         -54.95883
         -55.31091
         -54.79850
         -55.32258
         -55.75150
         -56.62853
         -54.83532
         -55.68464
         -55.11324
         -55.15660
         -55.86409
         -55.58478
         -56.27953
         -55.33784
         -55.72974
         -56.22487
         -55.90646
         -56.30499
         -55.86340
         -56.44892
         -56.23405
         -55.61031
         -55.71408
         -56.11660
         -55.39984
         -55.44351
         -55.37223
         -56.09886
         -55.98940
         -56.18438
         -55.25235
         -56.37658
         -56.75998
         -56.01461
         -56.02100
         -55.29234
         -55.67338
         -55.41050
         -55.99504
         -55.96436
         -55.63424
         -55.44197
         -55.85812
         -55.24752
         -55.09432
         -55.88749
         -55.99481
         -55.59381
         -55.35740
         -55.65109
         -54.72545
         -55.76935
         -55.53144
         -56.48975
         -55.35100
         -55.86973
         -55.83076
         -55.98108
         -55.52903
         -55.27638
         -55.74927
         -55.49676
         -55.65400
         -55.65502
         -55.57104
         -56.08632
         -55.80442
         -55.82319
         -54.98135
         -55.72109
         -55.59582
         -56.50501
         -55.71778
         -55.53361
         -55.78579
         -55.93411
         -56.19647
         -55.91273
         -55.35113
         -54.99954
         -56.36193
         -56.01266
         -55.84510
         -55.78725
         -55.74728
         -55.22644
         -55.50937
         -56.48975
         -56.59953
         -55.14776
         -55.88767
         -55.23664
         -55.77939
         -56.25305
         -55.82202
         -56.29277
         -55.25527
         -55.08163
         -55.97419
         -56.13951
         -56.14007
         -55.37585
         -55.41458
         -56.38835
         -56.41020
         -55.87445
         -56.28531
         -55.95566
         -55.46260
         -55.10536
         -55.46151
         -55.39012
         -55.48152
         -55.43137
         -56.20850
         -54.72331
         -54.97622
         -55.72677
         -55.86809
         -54.95378
         -55.59104
         -55.10618
         -56.12149
         -55.58261
         -56.07481
         -55.66657
         -56.02843
         -55.52006
         -55.91107
         -55.87981
         -55.58898
         -55.46953
         -55.69418
         -56.36126
         -55.49623
         -55.60304
         -55.87812
         -56.27231
         -55.77079
         -55.38198
         -56.18916
         -55.87561
         -56.15419
         -55.48191
         -55.10409
         -56.82047
         -55.19072
         -55.48243
         -55.44795
         -55.69484
         -54.57941
         -56.48937
         -56.52057
         -54.87398
         -54.61733
         -55.85692
         -55.87773
         -56.15458
         -55.07906
         -56.28622
         -55.89301
         -56.11154
         -55.98186
         -55.51588
         -55.90749
         -55.83467
         -55.32034
         -55.65326
         -56.01019
         -56.25768
         -55.38161
         -55.77288
         -56.52631
         -56.22626
         -54.84937
         -55.25932
         -56.15578
         -55.95373
         -56.03526
         -55.85052
         -56.83992
         -55.10784
         -55.79540
         -55.36308
         -55.48702
         -56.14667
         -56.07766
         -55.71700
         -55.23105
         -55.50084
         -56.18011
         -55.47871
         -55.70236
         -55.51262
         -55.25411
         -56.31912
         -55.51365
         -56.46960
         -55.87790
         -55.90481
         -54.59827
         -55.77396
         -56.27833
         -56.29070
         -55.62682
         -55.86146
         -55.80003
         -55.62148
         -55.34449
         -55.39107
         -55.19208
         -55.08960
         -55.70014
         -55.67165
         -54.85603
         -55.83723
         -56.12333
         -55.25127
         -56.27853
         -54.96212
         -54.99526
         -55.88538
         -55.85748
         -56.72134
         -55.75239
         -55.56285
         -56.53959
         -54.83450
         -56.86633
         -56.00126
         -54.71126
         -56.25836
         -55.87489
         -55.26230
         -56.09790
         -55.95411
         -56.56226
         -56.25467
         -55.37797
         -55.73107
         -55.37555
         -56.49494
         -56.03022
         -56.07453
         -54.86838
         -55.30042
         -55.70996
         -54.93723
         -55.89071
         -56.10752
         -55.66452
         -55.83714
         -56.40302
         -55.60193
         -55.57274
         -56.24566
         -56.19916
         -55.55819
         -56.76316
         -55.58496
         -55.08765
         -56.40872
         -56.10255
         -56.08264
         -55.93718
         -55.71884
         -55.57598
         -56.06006
         -56.18589
         -54.95787
         -55.40888
         -55.21547
         -55.61727
         -55.50324
         -56.04639
         -55.03649
         -55.81448
         -56.28640
         -55.50884
         -55.06005
               NaN
         -55.72259
               NaN
         -55.38584
         -55.54906
         -54.71612
         -55.79248
         -56.47945
         -55.51850
         -55.40987
         -55.40930
         -55.75542
         -55.43799
         -55.29411
         -55.72872
         -55.53287
         -55.69978
         -55.85548
         -56.51757
         -55.62103
         -55.12808
         -55.27590
         -55.28608
         -56.23574
         -56.08151
         -56.00997
         -56.31175
         -55.76140
         -55.74540
         -55.14163
         -56.13948
         -56.06130
         -56.16944
         -55.42545
         -55.92873
         -56.07196
         -56.30279
         -55.23180
         -55.93169
         -55.09047
         -55.65142
         -55.84360
         -55.43187
         -55.97603
         -55.53124
         -56.70480
         -56.51454
         -55.29853
         -55.46714
         -55.11255
         -55.91821
         -55.66796
         -55.82766
               NaN
         -56.58839
         -56.00040
         -56.40547
         -54.98271
         -55.31495
         -56.06899
         -55.54834
         -56.10260
         -55.88750
         -55.18434
         -55.77795
         -55.37665
         -56.28407
         -55.62990
         -56.26250
         -55.44926
         -55.86270
         -55.83413
         -55.68767
         -55.29274
         -55.76128
         -56.14616
         -56.08338
         -55.75377
         -55.85441
         -56.14207
         -55.39543
         -55.51674
         -56.35181
               NaN
         -56.17549
         -55.24089
         -55.32428
         -55.78027
         -55.00628
         -55.60976
         -56.78855
         -55.14353
         -55.54211
         -55.77048
         -55.92898
         -54.62758
         -55.32256
         -56.66878
         -55.55849
         -55.08552
         -55.65389
         -56.06524
         -55.48214
         -55.91638
         -55.72164
         -55.59316
         -55.68557
         -55.35412
         -55.65295
         -54.75678
         -55.70341
         -56.03119
         -55.79339
         -55.43794
         -55.23834
         -56.40419
         -55.71377
         -56.08785
         -56.56952
         -56.13975
         -55.83341
         -56.50968
         -56.25087
         -55.76434
         -55.12884
         -55.94811
         -55.70293
         -55.72194
         -56.14940
         -55.82719
         -56.24773
         -56.10177
         -56.16133
         -55.50427
         -56.83118
         -55.49746
         -56.47616
         -56.34780
         -56.07203
         -55.62128
         -55.63277
         -56.40508
         -55.84235
         -55.54487
         -55.45807
         -54.67465
         -56.69118
         -55.57570
         -55.98216
         -55.86747
         -56.47988
         -55.58051
         -54.67295
         -55.65795
         -55.62718
         -55.08681
         -56.08010
         -55.35848
         -55.22317
         -55.36587
         -56.40704
         -55.28813
         -55.77040
         -55.80052
         -55.47060
         -55.35936
         -56.26575
         -55.05196
         -56.27933
         -56.01111
         -55.61490
         -55.58272
         -56.55180
         -56.88501
         -55.89199
         -54.80198
         -55.42089
         -55.51596
         -55.91280
         -55.88062
         -55.49175
         -55.90971
         -56.08394
         -55.69284
         -55.79657
         -56.38765
         -56.07646
         -55.12666
         -55.04051
         -56.14074
         -56.03811
         -55.84265
         -55.77252
         -55.65948
         -55.47661
         -56.16567
         -55.91581
         -55.63269
         -56.67516
         -55.76627
         -55.64872
         -55.52228
         -55.95582
         -56.72763
         -55.34415
         -55.44340
         -55.71941
         -55.74018
         -55.47481
         -56.15796
         -56.50483
         -55.70496
         -56.14084
         -56.06041
         -54.98076
         -55.76836
         -55.72238
         -56.05568
         -55.59825
         -56.44454
         -55.77174
         -55.68752
         -54.77695
         -56.16248
         -55.37647
         -55.78138
         -55.60567
         -56.46419
         -55.33833
         -55.72482
         -54.92285
         -56.67801
         -55.62240
         -55.90349
         -55.71464
         -56.02249
         -56.72164
         -55.44418
         -56.46094
         -56.26757
         -55.56182
         -55.36673
         -55.83777
         -55.60586
         -55.64444
         -55.61242
         -55.63127
         -56.39460
         -56.39231
         -54.92833
         -55.75177
         -56.04113
         -54.83790
         -55.91606
         -54.99720
         -55.18851
         -55.32039
         -55.62920
         -54.69671
         -55.39384
         -55.81022
         -56.06351
         -56.14878
         -55.52276
         -56.21031
         -56.37087
         -55.81248
         -56.27167
         -55.48114
         -55.23783
         -54.94331
         -56.26129
         -56.41365
         -54.78396
         -54.67836
         -55.95061
         -55.49401
         -55.35360
         -56.51268
         -55.45840
         -55.87782
         -56.38707
         -56.58218
         -56.30721
         -56.23788
         -55.85823
         -55.26921
         -55.99508
         -55.95807
         -55.48326
         -54.95863
         -55.40852
         -56.27347
         -55.58687
         -54.75744
         -56.68940
         -55.35165
         -56.03222
         -55.69794
         -55.91795
         -56.06848
         -55.56798
         -55.98464
         -56.53590
         -55.67431
         -55.46262
         -56.43820
         -55.55392
         -55.96570
         -56.10844
         -55.47344
         -55.74174
         -55.33924
         -55.93110
         -55.58926
         -56.55578
         -55.91946
         -55.75441
         -56.49236
         -56.18279
         -55.60613
         -55.12081
         -56.19647
         -54.89332
               NaN
         -55.95822
         -55.01394
         -55.73446
         -56.20920
         -55.27412
         -55.30649
         -55.68323
         -56.37726
         -56.23581
         -55.78119
         -55.38284
         -55.15446
         -55.54585
         -56.57973
         -55.58476
         -55.95577
         -55.89080
         -56.14147
         -56.24778
         -55.31364
         -55.58514
         -55.72550
         -55.51872
         -56.64850
         -55.88045
         -56.10185
         -56.59494
         -55.42202
         -56.42227
         -56.26027
         -55.49189
         -55.37517
         -55.16416
         -55.34802
         -55.46741
         -56.77525
         -55.24308
         -55.39181
         -55.84086
         -55.52689
         -55.82980
         -55.75021
         -56.16406
         -55.41311
         -56.02487
         -56.02686
         -55.67600
         -55.70374
         -55.90132
         -55.43894
         -55.45304
         -55.50690
         -56.00662
         -55.39415
         -55.19217
         -55.24756
         -55.67280
         -55.57065
         -55.93869
         -55.94975
         -55.04397
         -55.74566
         -54.50387
         -55.28386
         -55.63160
         -55.66876
         -56.33096
         -55.55320
         -55.97014
         -56.49521
         -55.72694
         -55.57273
         -56.16558
         -55.81664
         -55.90041
         -56.12274
         -54.97405
         -55.03777
         -55.68145
         -56.18817
         -55.62693
         -55.94005
         -55.25569
         -57.99965
         -59.48719
         -58.17063
         -58.46391
         -58.08023
         -58.42034
         -58.90979
         -59.08625
         -58.84817
         -59.28903
         -58.06465
         -59.20538
         -58.87590
         -58.87376
         -59.69022
         -58.18918
         -58.29792
         -59.47740
         -58.50489
         -58.89578
         -58.31807
         -58.52195
         -58.38911
         -59.51400
         -60.02378
         -58.75845
         -58.93280
         -59.18978
         -58.39548
         -57.45882
         -58.65421
         -58.50686
         -58.20836
         -58.13132
         -58.23632
         -59.00260
         -59.89681
         -58.47130
         -57.81138
         -58.12101
         -58.87144
         -57.58742
         -57.25682
         -57.96733
         -59.06863
         -59.88450
         -59.17845
         -59.51410
         -59.44385
         -58.05071
         -59.05856
         -59.08002
         -59.15870
         -59.41011
         -58.36582
         -58.70354
         -59.25969
         -57.91573
         -60.18435
         -59.07504
         -58.88653
         -58.22021
         -59.16111
         -58.48900
         -59.60441
         -58.91513
         -59.58911
         -58.67917
         -58.10549
         -59.11585
         -58.88842
         -58.29655
         -57.90000
         -58.92483
         -58.96458
         -58.72173
         -58.21665
         -59.73246
         -58.04329
         -59.52266
         -57.61020
         -58.76127
         -58.02812
         -58.20219
         -59.20858
         -59.59070
               NaN
         -59.28388
         -58.50873
         -57.36663
         -58.35713
         -58.78911
         -59.83569
         -57.59416
         -58.40911
         -59.55967
         -58.68966
         -59.06128
         -59.54862
         -58.06964
         -58.36859
               NaN
         -58.53110
         -58.77488
         -59.02632
         -58.12755
         -59.08206
         -57.31825
         -59.35711
         -58.35326
         -59.06462
         -59.02139
         -58.29484
         -59.17812
         -58.25534
         -59.12494
         -58.57023
         -59.10431
         -58.89143
         -58.46179
         -57.86218
         -58.59509
         -59.21278
         -58.48108
         -58.44370
         -58.94454
         -59.20925
         -59.25231
         -59.00274
         -57.24663
         -59.84650
         -58.57992
         -59.34151
         -58.48416
         -59.50378
         -58.90055
         -59.40317
         -59.33370
         -59.84788
         -58.59895
         -58.20819
         -59.13627
         -59.21171
         -58.37266
         -57.29916
         -58.33229
         -58.97762
         -57.78675
         -58.50016
         -59.81644
         -59.12724
         -59.00641
         -58.63777
         -57.83191
         -58.61368
         -59.13477
         -58.35574
         -59.09278
         -59.47892
         -58.36095
         -58.16631
         -59.02777
         -58.54394
         -59.03379
         -59.44719
         -58.80981
         -58.88562
         -58.94657
         -58.38617
         -59.43125
         -58.53449
         -58.81255
         -59.17202
         -57.17235
         -58.30016
         -59.28063
         -58.26587
         -58.54473
         -58.55857
         -58.45479
         -58.46982
         -58.05485
         -58.77746
         -57.87185
         -57.31680
         -58.76329
         -58.96259
         -59.27061
         -58.43510
         -58.13700
         -59.49836
         -58.16490
         -59.34495
         -59.27491
         -59.94821
         -58.65326
         -58.58359
         -59.54950
         -58.24854
         -59.99239
         -58.72386
         -58.17505
         -59.22737
         -59.07204
         -59.13814
         -59.00601
         -57.80821
         -59.76574
         -57.91920
         -58.30868
         -58.33545
         -59.15384
         -58.54759
         -58.98289
         -59.19231
         -59.45868
         -58.73237
         -59.07308
         -57.85481
         -57.50229
         -58.30250
         -58.77901
         -59.13343
         -58.43074
         -58.08762
         -59.22390
         -59.76011
         -59.12758
         -58.31978
         -58.33851
         -59.21473
         -59.02135
         -59.42480
         -58.74400
         -58.92498
         -58.52038
         -58.84825
         -59.55372
         -58.50155
         -58.32616
         -58.86453
         -59.21601
         -58.59936
         -59.25225
         -59.35047
         -59.41644
         -58.39025
         -58.36311
         -58.64192
         -58.72747
         -58.53613
         -58.57650
         -59.01463
         -58.45308
         -58.20994
         -58.80457
         -60.05547
         -60.05380
         -58.46827
         -58.11734
         -57.86173
         -59.27204
         -58.31862
         -58.22826
         -58.71725
         -58.93995
         -59.25947
         -58.95847
         -58.99303
         -58.64601
         -58.47774
         -58.26133
         -58.81748
         -58.57033
         -58.87755
         -58.38334
         -58.45083
         -57.64292
         -58.47156
         -58.63638
         -58.93197
         -58.18660
         -59.30128
         -59.70325
         -57.81320
         -58.28299
         -59.01472
         -59.11129
         -58.25962
         -58.09703
         -58.99178
         -58.42272
         -59.51984
         -58.65865
         -58.41022
         -59.64468
         -58.24617
         -57.92973
         -59.64006
         -58.92918
         -59.19262
         -58.75453
         -58.72333
         -58.68694
         -59.78152
         -58.26694
         -59.38605
         -58.52836
         -59.23358
         -59.56626
         -57.73138
         -59.18129
         -59.37826
         -58.37950
         -57.63485
         -58.30845
         -58.02078
         -59.66191
         -57.93974
         -58.44661
         -58.61015
         -58.39920
         -58.58096
         -57.96142
         -59.58318
         -58.49294
         -58.27008
         -59.16326
         -59.03154
         -58.95739
         -59.47181
         -59.21127
         -58.89212
         -57.90353
         -57.92833
         -58.55387
         -58.77947
         -58.44455
         -58.72098
         -59.17333
         -59.20672
         -59.10226
         -58.94029
         -59.36512
               NaN
         -58.94764
         -59.03032
         -58.57964
         -58.42340
         -58.99976
         -59.11871
         -58.54726
         -58.64831
         -57.77405
         -58.92543
         -58.35458
         -58.38536
         -58.37317
         -58.83179
         -58.45355
         -58.73927
         -58.69955
         -58.36317
         -58.95598
         -58.31018
         -58.86964
         -58.01346
         -59.43511
         -59.17789
         -59.29564
         -58.65594
         -58.78770
         -58.39706
         -58.70576
         -58.87341
         -58.80299
         -58.41816
         -58.45019
         -58.60860
         -59.24897
         -58.69627
         -59.37530
         -58.52972
         -59.58262
         -58.10619
         -58.38212
         -58.57158
         -58.95951
         -59.09866
         -59.08641
         -58.17611
         -57.44994
         -59.37207
         -59.03771
         -58.78834
         -58.82980
         -58.71925
         -59.02005
         -58.98299
         -59.93803
         -59.38762
         -57.35814
         -58.81981
         -58.74868
         -58.44224
         -58.76682
         -58.71030
         -59.25792
         -57.87785
         -58.21011
         -59.07403
         -58.77044
         -59.55999
         -58.85750
         -58.58035
         -59.67937
         -59.69483
         -59.40214
         -59.43220
         -58.75429
         -58.40024
         -57.44702
         -58.43478
         -58.75404
         -57.92931
         -58.63060
         -59.14633
         -58.58737
         -57.99241
         -59.24468
         -58.95167
         -57.57636
         -58.06792
         -58.68497
         -58.85287
         -58.41834
         -58.91904
         -58.94714
         -58.81963
         -58.66259
         -58.55982
         -59.15242
         -58.83320
         -58.94721
         -58.63894
         -58.89016
         -58.66972
         -57.69285
         -58.17285
         -58.18769
         -58.60404
         -58.30605
         -59.46173
         -58.74293
         -58.96584
         -58.22221
         -58.36995
         -60.01720
         -58.34041
         -58.39126
         -58.49082
         -58.91031
         -58.29048
         -59.04989
         -59.55940
         -57.99042
         -58.39809
         -58.55019
         -57.94608
         -59.47205
         -58.15097
         -59.43415
         -59.10378
         -59.81742
         -58.93010
         -58.24861
         -58.58083
         -59.25065
         -58.46365
         -57.92281
         -58.60891
         -59.19314
         -58.73270
         -58.41020
         -59.84768
         -59.12868
         -59.45431
         -57.20473
         -58.75946
         -59.93684
         -58.93637
         -59.63033
         -59.64817
         -58.14199
         -58.98061
         -58.23924
         -58.57404
         -59.70695
         -59.23247
         -58.77987
         -57.73285
         -58.13285
         -59.89065
         -58.08618
         -58.48481
         -58.03579
         -58.72870
         -59.74786
         -58.33860
         -59.46158
         -58.37547
         -59.33884
         -57.42367
         -58.63730
         -59.45292
         -59.36961
         -58.13911
         -59.42606
         -59.67070
         -58.77012
         -57.78306
         -58.18892
         -58.06290
         -58.31086
         -57.89906
         -58.43124
         -57.92366
         -59.01425
         -59.43717
         -57.95349
         -59.22439
         -58.29401
         -58.38931
         -58.40954
         -58.92223
         -59.60925
         -58.66043
         -58.83188
         -60.06696
         -58.09380
         -59.30273
         -58.76362
         -58.36070
         -59.68786
         -58.38777
         -57.99298
         -58.75121
         -59.18629
         -60.03190
         -59.58833
         -58.80609
         -58.80029
         -58.49510
         -58.93656
         -58.90608
         -58.72777
         -58.03590
         -57.38739
         -59.25881
         -58.95391
         -60.23240
         -59.18069
         -59.22315
         -59.24449
         -59.63370
         -58.10877
         -57.92879
         -59.37540
         -59.11503
         -58.29646
         -59.87993
         -58.89249
         -58.18553
         -59.78876
         -58.26787
         -58.66644
         -58.81688
         -58.23360
         -58.26291
         -58.69062
         -58.64419
         -58.04051
         -58.68388
         -57.83537
         -58.20310
         -59.04049
         -58.21923
         -58.36050
         -58.78318
         -59.31745
         -58.01830
         -57.61543
         -60.01481
         -60.12042
         -59.95374
         -57.21875
         -58.56109
         -57.60367
         -58.31790
         -59.54867
         -57.92421
         -58.31649
         -58.27018
         -59.86931
         -58.85503
         -58.80560
         -58.86475
         -58.15952
         -58.42236
         -59.01805
         -59.58761
         -58.87214
         -58.12670
         -58.83337
         -58.49712
         -59.26490
         -58.77335
         -58.43318
         -59.51363
         -58.97243
         -58.46062
         -58.55775
         -59.04937
         -59.33608
         -59.23503
         -58.74415
         -59.42114
         -58.90280
         -59.23119
         -57.81930
         -59.59830
         -57.70418
         -58.36939
         -57.89061
         -59.39279
         -59.49590
         -58.69888
         -59.26279
         -60.03385
         -58.29988
         -58.07552
         -57.29459
         -58.52546
         -58.52908
         -59.50664
         -60.29947
         -60.34563
         -59.25148
         -58.92747
         -58.53964
         -57.47834
         -58.53228
         -58.74018
         -58.82077
         -59.77730
         -58.53872
         -58.75927
         -59.06073
         -59.09286
         -58.58360
         -58.52711
         -58.36879
         -58.61934
         -59.05256
         -58.70133
         -58.94114
         -59.30744
         -59.16482
         -59.00249
         -59.38548
         -58.65992
         -58.80828
         -59.31620
         -58.00313
         -58.86029
         -57.46165
         -59.04942
         -58.16437
         -59.10876
         -58.07866
         -59.24240
         -58.85588
         -59.94879
         -57.30142
         -58.29038
         -58.62101
         -59.40456
         -58.22476
         -58.24446
         -59.69650
         -58.59709
         -57.85524
         -58.43434
         -58.30511
         -58.96996
         -58.56494
         -59.15468
         -58.63617
         -58.46625
         -58.10492
         -58.28191
         -57.43610
         -58.79424
         -59.70166
         -58.79103
         -58.76690
         -57.91534
         -58.62574
         -57.15706
         -58.87957
         -59.42875
         -58.47453
         -57.77524
         -59.77804
         -58.74498
         -59.00234
         -58.00732
         -58.75622
         -58.96035
         -58.70161
         -58.77307
         -58.90461
         -60.20514
         -59.07435
         -59.08034
         -59.26097
         -60.06897
         -58.46280
         -58.93422
         -58.81934
         -58.88928
         -58.95259
         -58.92025
         -59.34610
         -59.32125
         -58.10830
         -58.25275
         -58.30005
         -58.79361
         -58.00168
         -58.96760
         -59.34871
         -59.29410
         -59.31258
         -57.67342
         -57.88136
         -58.07274
         -57.94383
         -59.41168
         -58.40302
         -58.13719
         -58.51712
         -59.65391
         -57.51657
         -59.54028
         -58.76555
         -58.36679
         -57.99194
         -59.72151
         -58.10050
         -58.74501
         -59.23788
         -58.92814
         -58.32235
         -59.48766
         -60.17090
         -58.59956
         -57.57557
         -58.74970
         -57.86516
         -58.53099
         -58.39031
         -58.81874
         -59.50388
         -58.94762
         -59.00804
         -58.73233
         -58.85216
         -58.65988
         -58.33986
         -57.69064
         -58.84139
         -58.79060
         -58.82649
         -58.81456
         -58.01679
         -58.36290
         -59.36216
         -58.98062
         -57.99914
         -58.92076
         -58.84179
         -58.17404
         -58.85177
         -59.05825
         -59.38657
         -57.94878
         -58.53740
         -58.41709
         -59.09246
         -58.78377
         -58.81236
         -59.07059
         -58.55202
         -58.77145
         -58.83649
         -58.06314
         -58.52453
         -59.41127
         -58.81334
         -58.91678
         -60.02020
         -58.33856
         -58.74890
         -57.74839
         -59.46060
         -58.55496
         -58.35971
         -58.69068
         -59.29019
         -58.26377
         -58.99915
         -58.47340
         -59.99041
         -59.28099
         -58.80621
         -58.91596
         -59.17547
         -58.75776
         -58.47367
         -59.68708
         -59.51553
         -58.13956
         -58.64370
         -59.64571
         -58.61563
         -58.63168
         -59.31081
         -58.32901
         -59.18606
         -59.19197
         -57.81571
         -59.57410
         -59.45072
         -57.30528
         -58.93894
         -58.46926
         -57.65468
         -58.16261
         -58.55787
         -57.30602
         -58.90132
         -58.66313
         -59.58993
         -58.79832
         -58.55177
         -59.12176
         -58.32887
         -59.16002
         -59.74798
         -59.52244
         -57.40344
         -58.25235
         -59.14242
         -59.79310
         -57.30534
         -58.10539
         -59.31107
         -58.82256
         -58.57095
         -58.94555
         -58.62710
         -58.58179
         -59.25718
         -59.08433
         -59.12287
         -59.23788
         -59.14899
         -58.76969
         -58.88376
         -59.72404
         -58.79509
         -58.42572
         -58.06733
         -59.54234
         -57.80632
         -58.10973
         -59.86582
         -58.95146
         -59.25309
         -59.13725
         -58.31491
         -58.74463
         -58.96861
         -58.80721
         -59.45289
         -59.13514
         -59.03782
         -59.39741
         -58.51272
         -58.91327
         -59.16567
         -57.84193
         -58.70610
         -58.03672
         -58.82684
         -58.86172
         -59.00460
         -58.91894
         -59.55556
         -59.24286
         -59.18968
         -58.20445
         -58.18583
         -59.93983
         -58.49554
         -57.46550
         -59.24107
         -58.42212
         -58.17098
         -58.68223
         -58.79266
         -58.03220
         -58.59559
         -59.16150
         -59.68700
         -58.25793
         -58.80717
         -57.71399
         -59.09379
         -58.67156
         -59.37351
         -59.61456
         -58.25481
         -58.32604
         -59.08625
         -58.74534
         -58.86172
         -59.31577
         -58.15460
         -59.67872
         -59.04145
         -59.06771
         -59.90012
         -58.31891
         -59.07813
         -59.27300
         -57.97348
         -58.04297
         -58.62716
         -58.07623
         -59.12897
         -59.56532
         -57.60323
         -57.66753
         -58.81439
         -57.71648
         -58.75209
         -58.88684
         -59.49499
         -58.50983
         -58.59519
         -58.79337
         -58.42769
         -58.20692
         -58.60828
         -58.22065
         -59.51300
         -58.56360
         -58.47821
         -59.37544
         -57.63487
         -57.85205
         -59.23945
         -58.86574
         -59.33360
         -59.44747
         -58.26864
         -59.37381
         -58.52338
         -58.05357
         -58.98114
         -58.38201
         -59.46888
         -58.64683
         -59.18133
         -59.38885
         -58.46647
         -58.63640
         -59.51346
         -57.98046
         -59.01247
         -59.30426
         -58.74602
         -57.91534
         -58.76522
         -59.26242
         -58.44979
         -58.95412
         -58.59732
         -48.95933
         -48.84856
         -49.34661
         -49.87072
         -51.95199
         -51.26935
         -50.74470
         -50.81385
         -50.41917
         -50.25783
         -50.86268
         -48.60027
         -50.24030
         -51.83473
         -49.15966
         -50.47812
         -50.74902
         -50.92816
         -49.80775
         -50.02192
         -51.07090
         -50.60325
         -51.86652
         -51.77119
         -49.95224
         -50.61107
         -50.24436
         -49.10213
         -50.85886
         -51.00583
         -50.42112
         -51.87989
         -50.08129
         -51.11401
         -50.53232
         -50.84052
         -49.34320
         -51.72995
         -51.59634
         -51.34031
         -52.35603
         -50.98424
         -52.65030
         -52.25637
         -50.69459
         -51.13326
         -50.17919
         -50.11276
         -51.49713
         -49.92462
         -50.99852
         -49.23549
         -51.38229
         -48.82782
         -50.58801
         -50.07578
         -49.34458
         -50.69168
         -49.92112
         -50.97970
         -50.28537
         -49.38090
         -48.89193
         -51.01368
         -50.14550
         -50.76463
         -49.51682
         -50.38522
         -48.96373
         -51.59251
         -51.12834
         -50.43930
         -49.82724
         -50.37274
         -48.02668
         -50.56613
         -51.81389
         -51.10970
         -51.04992
         -51.36822
         -50.41426
         -50.88225
         -50.26936
         -50.11482
         -51.83145
         -50.74266
         -49.33651
         -48.21911
         -50.11598
         -51.15337
         -48.97869
         -50.07490
         -50.10709
         -50.25747
         -51.22460
         -49.99932
         -50.99946
         -49.95412
         -49.52036
         -50.63858
         -48.05388
         -51.43953
         -51.23473
         -50.04666
         -50.28405
         -51.48743
         -51.02524
         -51.05812
         -50.60651
         -49.23420
         -49.61543
         -51.31141
         -51.18584
         -49.94753
         -52.16011
         -50.22055
         -50.34218
         -50.44610
         -50.96329
         -52.32572
         -49.84573
         -50.57115
         -50.74450
         -49.67985
         -49.93811
         -48.75175
         -49.26824
         -49.57804
         -49.69090
         -50.55773
         -50.37610
         -50.51053
         -50.13459
         -51.04146
         -50.30461
         -50.67512
         -50.86450
         -51.18650
         -49.29955
         -49.50726
         -49.79840
         -50.75088
         -49.15674
         -49.48796
         -51.58847
         -50.85061
         -51.69784
         -51.02484
         -50.21177
         -51.54896
         -49.44193
         -50.47880
         -49.22497
         -50.20787
         -50.63791
         -48.91097
         -50.04557
         -50.64670
         -50.76094
         -50.38350
         -50.88485
         -50.91224
         -51.16776
         -52.16141
         -51.83404
         -50.04721
         -50.38653
         -49.77984
         -50.98581
         -50.85841
         -49.07204
         -50.34558
         -49.80820
         -50.75586
         -51.80317
         -50.00058
         -49.33425
         -50.74564
         -51.05122
         -50.38485
         -49.73535
         -50.08900
         -52.22992
         -49.49310
         -50.65565
         -50.32744
         -49.41205
         -51.28887
         -50.30406
         -49.94801
         -48.77901
         -50.65431
         -51.40006
         -49.94643
               NaN
         -49.15583
         -51.61949
         -49.34544
         -52.09178
         -51.12857
         -51.28421
         -51.70120
         -51.47319
         -50.21604
         -50.43930
         -51.25098
         -49.82069
         -51.06156
         -51.15947
         -51.15769
         -51.46840
         -51.06694
         -50.83426
         -49.01908
         -50.89285
         -49.93851
         -50.67503
         -49.55206
         -52.26768
         -49.87898
         -50.79017
         -50.12948
         -52.62476
         -50.04204
         -49.68813
         -50.40914
         -50.52157
         -49.18446
         -51.52969
         -50.89450
         -51.28217
         -51.55234
         -50.60295
         -50.59309
         -51.29012
         -52.14712
         -50.77487
         -51.37056
         -50.02401
         -51.74938
         -50.34276
         -51.42211
         -51.12189
         -50.41841
         -49.49132
         -51.15790
         -50.55549
         -50.91696
         -51.02404
         -49.12941
         -49.76734
         -51.59574
         -51.29513
         -50.29641
         -51.88757
         -49.85069
         -51.26306
         -49.92526
         -51.76351
         -48.71988
         -49.46658
         -49.43445
         -50.09530
         -51.49966
         -49.31701
         -49.01426
         -48.48406
         -50.35524
         -48.78057
         -49.60463
         -50.42743
         -50.60240
         -51.39996
         -51.87275
         -50.30616
         -51.39951
         -51.49560
         -49.38235
         -50.94821
         -51.54247
         -52.05290
         -49.67882
         -50.00741
         -50.54983
         -48.83208
         -50.36395
         -50.82756
         -51.74833
         -49.85910
         -50.54909
         -50.39387
         -51.00853
         -50.69951
         -49.58016
         -52.41230
         -49.21070
         -50.44911
         -50.14628
         -50.34302
         -50.77787
         -50.38625
         -49.80016
         -49.24933
         -51.10618
         -47.93145
         -49.78583
         -51.93478
         -50.41096
         -51.63042
         -49.75498
         -50.46940
         -49.57821
               NaN
         -49.94184
         -49.83578
         -50.09825
         -51.78097
         -51.32106
         -49.40356
         -50.85205
         -48.99475
         -49.48305
         -51.11043
         -51.42641
         -50.49919
         -49.81741
         -51.28495
         -51.08360
         -50.43856
         -51.66411
         -49.54981
         -51.61567
         -51.58327
         -51.59788
         -51.83983
         -51.85214
         -49.48654
         -50.19263
         -49.51297
         -50.71950
         -50.36009
         -51.07901
         -48.79961
         -51.14756
         -49.86652
         -50.88272
         -50.75563
         -49.54060
         -50.86169
         -49.13043
         -50.52961
         -51.44510
         -50.36057
         -51.36155
         -50.49129
         -49.81115
         -49.33604
         -51.53833
         -51.03100
         -50.59016
         -49.44019
         -50.31724
         -48.36059
         -50.19375
         -50.66952
         -52.32570
         -50.69251
         -49.63143
         -49.97433
         -50.18164
         -50.05791
         -49.13267
         -51.11647
         -49.88203
         -50.02105
         -50.14707
         -50.58949
         -51.95031
         -50.89799
         -49.82914
         -48.48142
         -49.32735
         -50.46240
         -51.12017
         -51.53881
         -50.54961
         -50.91153
         -50.64061
         -51.11856
         -50.35978
         -50.40830
         -50.71212
         -51.09514
         -50.71978
         -50.69536
         -50.46373
         -50.54727
         -48.58882
         -49.43163
         -50.45634
         -51.72123
         -51.28029
         -50.75733
         -49.09166
         -51.12022
         -51.85472
         -50.76844
         -51.10469
         -50.66658
         -49.60777
         -50.55043
         -51.53622
         -50.15628
         -49.28405
         -49.87547
         -50.63010
         -50.66313
         -49.70208
         -50.77924
         -51.05892
         -50.32264
         -51.00817
         -50.25924
         -49.50430
         -51.19866
         -49.83371
         -51.06822
         -47.96241
         -49.69884
         -49.57153
         -50.47280
         -50.36508
         -51.25727
         -48.84441
         -51.34243
         -50.62098
         -51.09831
         -49.92660
         -51.14470
         -50.02162
         -51.27659
         -50.15377
         -49.91260
         -49.38468
         -50.54176
         -51.93648
         -49.94361
         -51.94651
         -51.86307
         -52.92099
         -50.81349
         -50.26576
         -50.46318
         -50.85869
         -51.23470
         -50.68723
         -49.38986
         -51.22721
         -49.67976
         -50.39291
         -50.12386
         -50.06875
         -48.08621
         -52.00926
         -51.20355
         -49.42118
         -48.00218
         -51.14454
         -52.25877
         -50.35006
         -49.70416
         -50.77833
         -50.27515
         -49.62740
         -50.82336
         -50.73447
         -51.22999
         -49.85778
         -49.82052
         -51.68225
         -51.46325
         -51.12153
         -49.51826
         -51.15840
         -50.71495
         -51.14793
               NaN
         -51.85547
         -51.60016
         -48.98453
         -50.95922
         -49.23705
         -51.92638
         -49.79903
         -50.22228
         -50.33070
         -50.08570
         -49.91729
         -50.55774
         -50.35795
         -50.85369
         -50.89565
         -49.68783
         -50.91645
         -50.83395
         -51.09786
         -49.17467
         -50.31989
         -50.57087
         -51.23458
         -51.50794
         -49.89633
         -49.65471
         -50.76403
         -50.72379
         -50.90357
         -51.23111
         -49.62454
         -49.02757
         -50.11236
         -51.07775
         -50.49570
         -50.16903
         -49.45340
         -51.85271
         -50.84322
         -49.48863
         -50.27845
         -50.32514
         -50.52324
         -51.12420
         -49.13237
         -49.05673
         -51.46891
         -50.49512
         -51.66842
         -50.66423
         -49.84307
         -50.36778
         -49.13175
         -52.60339
         -51.16801
         -48.32590
         -50.25781
         -51.47815
         -50.48446
         -51.45543
         -50.29879
         -50.49149
         -50.42179
         -49.37984
         -50.36088
         -49.91732
         -52.22287
         -50.99837
         -51.43218
         -49.32623
         -51.64888
         -49.50057
               NaN
         -48.29413
         -50.73044
         -49.43803
         -49.87534
         -50.75035
         -51.21576
         -51.45039
         -50.76959
         -51.09729
         -50.76709
         -51.30979
         -49.79782
         -49.66732
         -50.49469
         -52.31392
         -51.56182
         -50.89859
         -51.31879
         -50.87470
         -51.45739
         -51.88464
         -49.56421
         -49.67865
         -50.63145
         -51.09288
         -49.31416
         -52.24460
         -49.22052
         -50.62017
         -50.98302
         -51.11806
         -50.58894
         -52.63176
         -48.02776
         -51.97336
         -52.17883
         -50.27895
         -49.66381
         -51.37378
         -51.10926
         -51.30926
         -50.32420
         -50.40367
         -48.55741
         -49.45924
         -49.15009
         -50.24163
         -50.93705
         -50.93613
         -50.32197
         -51.14595
         -49.93260
         -49.88143
         -49.05145
         -49.66777
         -50.93566
         -51.37164
         -51.77011
         -50.70946
         -50.14311
         -50.99461
         -49.16448
         -51.04810
         -50.33147
         -50.80563
         -49.61877
         -49.81811
         -51.11888
         -51.17902
         -50.70449
         -49.51626
         -50.51731
         -50.89584
         -52.26198
         -48.50150
         -49.81736
         -49.98885
         -52.22912
         -50.35683
         -50.04711
         -50.90328
         -51.29466
         -51.35635
         -50.66191
         -49.39061
         -52.24375
         -50.01440
         -50.31203
         -51.99276
         -48.75918
         -51.52971
         -51.75901
         -49.96361
         -51.34666
         -49.08157
         -49.31524
         -50.56159
         -48.93069
         -51.36959
         -50.46187
         -52.30015
         -50.34101
         -51.03945
         -50.20289
         -50.41472
         -48.90920
         -49.55661
         -50.86446
         -50.97587
         -49.39942
         -50.94566
         -51.47703
         -48.53531
         -51.16633
         -51.96275
         -48.58233
         -51.14702
         -50.12570
         -48.70263
         -51.75882
               NaN
         -49.93006
         -51.25911
         -51.36791
         -50.73349
         -50.78294
         -49.84782
         -48.33364
         -50.21014
         -51.37123
         -50.24188
         -50.23937
         -50.78895
         -52.14616
         -49.37954
         -51.28224
         -49.71490
         -50.26886
         -50.82025
         -50.54109
         -51.05310
         -50.06881
         -50.29543
         -49.60903
         -50.54846
         -49.61332
         -50.55442
         -52.51718
               NaN
         -51.20322
         -51.56678
         -52.05461
         -52.43583
         -50.79108
         -51.88695
         -50.09887
         -50.09240
         -51.03478
         -50.00347
         -50.50845
         -51.55881
         -50.44267
         -49.32351
         -50.90068
         -51.05398
         -48.93123
         -51.16608
         -50.30904
         -52.17533
         -52.02338
         -51.14273
         -49.79252
         -49.88070
         -51.25921
         -49.75538
         -51.05966
         -50.56826
         -48.33135
         -53.01259
         -51.33100
         -50.75856
         -49.77639
         -51.55587
         -49.05057
         -49.42308
         -51.76769
         -51.34822
         -50.08792
         -50.25089
         -50.03149
         -50.12454
         -49.85217
         -50.72604
         -51.38905
         -49.17430
         -50.61265
         -50.40318
         -50.75316
         -50.21925
         -49.71797
         -51.96517
         -50.36528
         -49.81776
         -50.78923
         -51.41496
         -51.13574
         -51.15459
         -49.94909
         -49.59652
         -51.40559
         -51.33180
         -51.48945
         -49.67055
         -49.62103
         -51.07339
         -49.89227
         -50.65990
         -52.07552
         -51.55627
         -49.50456
         -50.40361
         -51.41544
         -51.22213
         -50.62185
         -50.44992
         -51.53492
         -50.42649
         -50.57283
         -50.55335
         -51.49213
         -52.74608
         -50.38506
         -51.23020
         -49.69673
         -50.52754
         -52.07532
         -50.78687
         -50.02987
         -50.99931
         -49.87473
         -49.68517
         -51.51358
         -52.01557
         -50.72351
         -51.53810
         -51.20315
         -49.58757
         -50.94594
         -49.26799
         -51.23065
         -49.79187
         -50.18825
         -51.28061
         -50.33106
         -49.57786
         -50.39181
         -49.81510
         -51.27013
         -50.20786
         -51.51957
         -50.21971
         -49.99577
         -48.71049
         -50.88236
         -49.22100
         -50.82465
         -50.11333
         -50.50575
               NaN
         -50.14352
         -50.81621
         -50.58466
         -51.05160
         -49.63305
         -49.17507
         -50.33971
         -50.41770
         -49.14139
         -50.91106
         -51.51041
         -51.49379
         -49.87631
         -49.06388
         -50.07541
         -50.52076
         -50.62697
         -48.92219
         -50.87349
         -50.34740
         -50.50495
         -50.13123
         -49.25685
         -50.81851
         -49.89338
         -51.51290
         -50.22294
         -51.11619
         -52.94498
         -49.95535
         -50.18920
         -48.41013
         -51.44870
         -49.15352
         -51.22022
         -50.50069
         -50.37233
         -48.68212
         -50.07086
         -49.67007
         -49.72424
         -52.25591
         -49.91418
         -51.14673
         -51.36528
         -52.20421
         -51.38068
         -50.98882
         -50.10043
         -49.14447
         -50.94081
         -49.36881
         -49.68861
         -48.89230
         -50.75644
         -50.55396
         -51.70351
         -48.89197
         -51.13164
         -49.05312
         -50.39671
         -49.68023
         -51.72401
         -51.38606
         -49.61794
         -51.04601
         -51.43208
         -49.61893
         -49.20714
         -51.26052
         -50.37697
         -50.80839
         -50.75925
         -51.32934
         -50.55505
         -50.61951
         -50.86448
         -49.86350
         -52.27111
         -50.67131
         -49.10360
         -51.67985
         -50.92166
         -51.05989
         -49.75798
         -49.64676
         -48.59055
         -49.03871
         -50.21425
         -49.05068
         -51.47131
         -51.88216
         -49.11778
         -50.53737
         -50.58752
         -51.50570
         -50.19730
         -51.44767
         -49.39132
         -50.67608
         -49.33808
         -52.91969
         -48.95565
         -49.55402
         -51.75453
         -52.31916
         -51.28137
         -49.30924
         -49.85216
         -49.44365
         -50.90676
         -51.34657
         -50.34968
         -50.91254
         -50.81193
         -50.35336
         -51.77535
         -50.98895
         -51.14988
         -50.70736
         -49.10500
         -50.57450
         -49.06081
         -51.89349
         -51.11356
         -51.41000
         -50.63811
         -51.69578
         -50.71671
         -50.26209
         -50.33599
         -49.99480
         -51.52762
         -51.18634
         -50.86142
         -51.32395
         -51.16498
         -50.57183
         -48.34937
         -50.15862
         -51.68212
         -48.42815
         -50.91821
         -50.69051
         -49.43229
         -49.80527
         -49.99866
         -49.82983
         -49.40180
         -49.39753
               NaN
         -50.43772
         -49.77096
         -50.92143
         -50.84058
         -50.14033
         -50.35158
         -51.43227
         -50.93363
         -50.21226
         -50.30785
         -52.03064
         -50.45526
         -50.55608
         -48.37427
         -50.00291
         -50.28582
         -50.80920
         -50.68780
         -50.66637
         -49.40889
