         -11.14113
          -9.66691
          -7.64091
          -2.25583
           0.72995
          -6.07967
           0.98590
           9.16537
           0.55915
          13.18774
           0.75717
          11.40876
           0.82914
           0.29510
           3.33110
           3.24050
           1.39431
           4.60081
           0.31185
          -0.37551
          -0.55402
           2.61724
           3.45396
         -10.14789
          -7.65353
          -0.14516
           5.52061
           1.52055
          -4.48203
          -8.44199
           2.24278
          11.28075
           1.48943
           2.56835
          -5.43879
           4.07248
           2.70843
          12.73918
          -6.00123
          -0.42738
          -8.54744
           5.49676
           1.21097
          11.98596
           5.43559
          -1.44564
           5.27436
           5.45703
          12.15469
           3.06128
          -2.76433
          -4.77139
          -4.82525
               NaN
           1.15418
          -6.45574
          -3.74945
          -0.31174
           5.63725
           8.06702
          -1.82588
          -6.02798
           3.46159
           1.22672
           6.23469
          -1.39853
           6.34544
         -16.23093
           2.72758
          -4.75298
          -5.92015
           2.41194
           8.40141
           9.99588
          -3.98641
           2.99974
          -1.57953
           9.84166
         -14.26276
          10.02190
          -0.60635
          -8.35948
          -6.04389
          12.80188
         -13.73919
          -3.18185
          -3.42191
          -7.73523
          -2.63100
          -1.59944
           8.72209
           1.68199
           9.69697
          -2.50721
           0.01309
          -0.49664
           4.88928
           2.83513
          -6.47487
          -3.56252
           4.01051
           0.76034
           9.97101
           6.09973
         -14.52981
           5.48889
         -10.16312
          -2.09923
          -3.82266
          -7.50794
           4.01552
           0.41345
           9.39930
          -0.98809
          -1.54881
         -13.69826
          -5.18749
         -10.03031
           3.83421
          -7.20696
         -11.34587
           5.05791
          -0.76168
           4.82024
           3.02670
           8.24891
           5.69447
           2.40526
          14.13206
           5.10900
           2.87177
           6.34854
          -4.79111
          -0.64400
           6.99030
           2.26917
           3.61086
           0.79950
           1.19671
           6.95161
          -9.84688
          -7.14572
           6.92649
          -1.75081
          10.57213
          16.42636
           6.49127
           0.01093
          -1.24264
           1.50960
           4.14432
          10.88244
          -7.84324
           2.58748
          -0.22227
           1.24979
          -1.75641
           5.39116
          -5.98152
           7.46780
          -6.55403
          -2.76724
          11.13883
           4.92129
           0.11484
          -6.35404
           1.42450
           0.55032
           2.48969
           6.66537
          -6.62960
          18.42183
          -4.81399
          -2.42768
         -13.57522
           1.60792
           3.15277
          -4.80364
           5.91311
          10.53315
          -5.50465
           4.17779
          -6.91605
          14.20396
          -2.87417
           8.11892
           2.14291
          -0.06843
          17.60393
          -8.09826
          -0.44247
         -11.39902
         -11.96829
           1.27842
           8.88583
          -4.22449
           8.52282
           1.64131
           3.02276
          -5.19827
          -1.45553
          15.46270
          10.89796
           1.84944
           7.86277
          -0.17658
         -12.50976
          -0.65067
           2.65209
           7.75499
           6.21042
         -12.93623
          -5.36366
          -1.87970
          -8.83766
           0.66061
           9.31192
           1.17234
           4.49247
          -1.49138
         -12.00134
           2.42520
          -2.75790
          -8.43292
          -2.09785
          -2.51249
          13.01983
         -10.24444
          -2.82746
         -10.55936
           9.68899
          -6.37257
          -3.18544
          -5.41435
          -0.66690
           5.77402
          -5.58790
          -5.02687
          -8.23451
           4.75091
          -5.60334
           8.89007
           8.33894
           4.40551
           4.92492
          -3.36655
          -1.90194
           6.49271
          -7.21993
          -0.45013
          -3.69372
           2.43962
           0.94652
         -14.12145
           7.72027
           4.62241
          -5.36723
          10.54385
           7.08528
          -4.07691
          -0.21502
          -5.59040
          -0.00230
          -8.57247
          10.92575
          -5.24330
           3.49674
          -5.22873
           4.36401
           2.75501
           0.75597
           5.10880
          -0.56035
           0.80121
           0.96379
          -1.82259
          -0.90918
          -3.95578
          -3.42085
           0.19570
          -3.65172
           8.18396
          -7.29350
           5.29723
          16.54397
          -0.48081
           1.30807
           8.15517
          -5.69029
           5.61482
          -5.85967
          -0.04734
          12.85602
           3.83678
           1.02254
           6.94867
          -0.24696
          -6.59646
           9.04379
          -7.54439
          -3.16064
          -1.86990
           5.77103
           3.73620
          10.38784
          -3.49193
          -3.92060
          -2.85968
          -6.81424
          -3.28660
           2.86307
           4.50587
           4.59411
           2.83729
          -0.12054
           9.52054
           1.40085
           0.63069
          -2.55653
           1.92371
          -2.24018
          11.08831
          -7.31022
           4.47149
          -2.58495
           2.96153
          -1.71533
           5.77578
          -2.12736
           5.62995
           6.01654
           0.25419
           3.28465
         -13.79378
           2.45775
           2.44498
           4.73505
          -3.64608
           2.24794
           5.88831
           0.56612
           3.21621
          -4.50939
           1.15340
          18.08560
           3.59582
          -1.55596
          -9.10240
          -5.31744
          -6.75714
          12.10668
           1.14835
           0.64548
           3.63206
           6.81492
          11.05481
          -2.46330
           5.83240
          -1.90129
           2.74035
          -0.47429
           6.56088
          -5.24204
           2.92220
           0.72156
          -3.77877
           7.86584
          -4.50164
         -12.96592
           1.21676
          -4.37505
          -2.23488
           2.39200
         -10.17442
          10.86859
          -6.29193
          -1.60716
          -3.45942
           2.38099
          -6.85027
          -4.72964
           1.32817
          -4.86401
          -3.98298
          10.97673
           8.66230
           4.30281
           1.04923
          -0.93375
           2.75477
           4.09242
           8.99327
           8.07696
          -1.74085
          -4.67024
           0.82718
         -11.10819
          -0.58197
          -5.00722
           1.05541
          -3.53057
          12.07459
           3.55968
          13.22310
           0.01417
           3.41779
           5.56728
          -7.13397
         -10.37171
          14.04924
          -1.90408
          -9.35907
          -2.80371
           2.06402
          -5.24539
          10.25936
          -1.04015
           2.90154
           6.15573
          -1.55107
         -10.63437
          -1.03148
          15.20430
           5.14682
          -1.30433
           3.08929
           1.61288
           1.65694
           6.58699
          -6.90706
          -6.14902
          -8.24002
          -2.96792
          -7.58656
           8.30863
           9.39852
           5.69365
          -5.50016
          14.15870
          15.40622
          -6.01824
           1.40296
           6.05919
           0.90971
           1.30614
           2.25198
           0.92136
          -0.22842
           0.95083
         -14.16562
          -7.44915
         -12.13399
          -1.48851
          17.04908
          -7.72425
           3.33408
           6.66976
          -7.61737
          14.65963
          -2.63162
          -5.13225
          -2.93493
          -8.41422
           0.92677
          -3.35977
          -4.48673
           1.23263
          -3.91577
          16.44285
           3.26184
         -13.73677
          -2.87421
          -6.74891
         -10.58434
           2.86269
           7.16465
          -0.68466
           3.13911
          -6.69615
           5.51924
           4.61901
          -1.24973
          -5.38874
          13.25969
          -6.41845
           6.01125
          -4.71492
           3.78269
           4.10094
          -9.91544
          10.09910
          -5.05641
          10.76862
           2.27295
          -0.68269
         -17.22229
           9.96226
           0.64097
          -6.48896
           4.24654
          -3.53229
           8.16406
          -2.69775
          -6.03663
           2.32301
           2.23574
          -1.66229
           5.20043
          13.04856
          -6.75185
           2.58836
          -2.34798
          -0.54622
               NaN
           0.11456
          -6.20888
          -7.29462
           1.46030
           1.92902
          -7.18920
          -1.26076
          -9.22456
           3.69024
         -10.02117
          -4.80554
          12.28176
          -6.22042
          -7.46395
          12.74348
         -12.77075
           0.65976
           9.28106
           7.35351
          -6.91853
           7.70612
           8.83074
          -1.80407
           4.09510
           6.09539
          13.14616
           4.43896
         -10.25745
           4.43382
           6.55173
          -4.10296
          -7.91115
         -11.67813
         -14.40585
           4.37924
           6.38350
           9.27162
          -1.55909
          -8.45243
           0.87058
          -8.25375
          -3.68205
         -10.33612
          -5.62585
           1.27180
         -10.44259
          -2.31107
           3.77182
           7.04336
          -3.40891
           8.56120
          -0.43692
           3.51907
          -1.41887
          -6.27938
           7.07911
           1.34897
          -5.52951
          -5.15962
          -9.09812
           3.65342
          -0.90716
           6.36645
          -3.61110
          -4.77162
          -6.45946
           9.68859
          -6.52259
           7.25820
           2.14548
         -12.71614
           4.70238
         -13.69255
          11.95181
           1.94468
          -0.16080
          -1.74333
         -15.60408
          -2.80544
           4.34752
          10.04076
           3.35538
         -16.14373
          -2.77361
          -2.76948
          -1.95443
          -1.91792
           8.17529
           6.38422
          -6.58154
          -4.72451
           5.47066
          11.66581
           1.83147
          -4.71443
           3.68802
           0.83081
          11.04257
          -8.03668
           6.75821
          -1.07980
           2.84982
          -5.69231
           5.56109
           5.88597
           0.15687
          -4.28902
          -3.81858
          -8.47202
          11.74693
          -5.56807
           8.22104
          -8.18484
          -6.09491
           9.63433
          -1.08280
          -3.19835
           5.33687
           1.33675
           2.52900
           3.11630
           0.31319
          -4.10878
          -1.30608
           1.02755
           3.56000
         -10.14407
           4.30855
           3.62728
          -7.27277
           0.83671
           7.56026
          -4.20865
          -1.20465
          -9.13325
           5.69068
          -8.40404
          -2.76442
           3.70709
           2.97324
          -4.53531
          -7.13678
          -8.94804
           0.99531
           4.51837
           2.93885
          -6.39729
          -3.76033
          -8.72703
          -3.02839
           3.97358
           1.21644
          -2.86697
           2.28599
           3.17670
           7.29690
          -0.42721
           9.42312
           9.34487
           5.65339
           6.59933
          -4.79893
          -0.55701
           6.90171
           4.79949
           4.25343
           3.65965
           2.83687
           6.75608
           3.55425
          -6.48344
          -3.42394
          -7.53645
           1.19566
          10.32498
         -13.38161
          12.70090
           9.74516
          -2.27603
          -6.28956
          -3.03280
          -1.94305
          -4.31604
           2.80990
          12.74241
           6.49886
          -9.54220
          11.65358
          -2.65203
          -1.35012
           0.64424
           5.10374
           2.89588
           0.61877
         -12.87032
          -3.45458
           4.60198
          12.99365
          -9.06627
          -4.07902
           3.19365
           1.92315
           7.48922
           3.12823
          -8.78629
         -17.86487
          -3.11547
           5.01854
          -5.65096
           1.93041
          -7.76937
          -2.58837
          -3.22803
          -5.42110
           0.07682
           8.76155
           0.17809
          -2.12563
          -5.36207
           2.23796
           5.16293
          -3.38342
         -17.81548
           4.86096
           6.78842
          -1.74884
           9.20179
          11.05048
          -6.38746
           2.77572
           8.24727
           0.26090
          -2.67828
          -2.23687
          -8.35275
          13.04399
           1.14024
          -8.93410
           4.54131
           3.19370
           8.67385
         -10.51370
          -7.70133
           5.65010
          -3.17676
          -4.15161
          -4.82538
          -5.93368
         -10.60249
          -4.96217
          -2.61582
           2.94650
          -0.16341
          -5.34686
          -1.52263
           1.30982
          -0.88127
           2.62295
          -1.47541
          -6.02754
          -5.19311
          -0.95499
          -7.40609
          -0.31921
           5.08830
           5.44428
          -1.44514
          -6.16150
           6.43875
           3.58742
          -1.39744
          -2.32839
         -11.66586
           5.54875
          -9.20905
           4.25432
          -3.35322
          -0.72178
           4.40780
          -0.27319
          -6.01911
          -7.90240
           4.14814
           6.96321
           4.33257
          -1.68799
          -1.01201
           4.77669
           3.71702
           1.14640
          11.64590
          -6.55168
           2.79681
           7.54393
           0.72654
          -2.47740
           6.02912
          -8.87002
               NaN
           1.79924
          -9.54005
           3.09273
          -2.90296
           3.11132
           4.36538
          -1.97396
           0.72966
          10.16451
          -1.78694
          11.19740
           6.96704
          -3.26682
          -3.42928
           3.67282
           4.96625
           5.47260
           1.87406
           6.07678
           3.00253
           4.27645
           3.05466
          -7.18390
           4.84794
          -4.32948
          10.27727
          -0.04345
          -0.34856
           7.32108
           1.98215
               NaN
           5.43227
          -8.07291
           5.45459
          -2.11386
         -10.54962
           3.87049
          -4.46661
           5.92804
           3.39391
          -9.68464
          -2.10614
           5.41806
           0.62199
           5.36444
           5.76454
          -5.20979
          -1.53637
          15.75280
          -9.15581
           4.73420
          -5.20427
          -1.38844
         -12.87769
          -3.31122
          -2.18959
          -0.46876
           1.06910
          -2.33031
          -5.74286
          -1.21769
           3.37985
          -3.82042
           2.77769
           5.87709
           5.21079
          -5.11324
           2.41446
          -9.09949
          -8.13096
          -0.53414
          -6.34016
           7.74286
           2.16341
           6.16325
          -5.88388
          -6.01924
          -7.59777
          11.36679
          -6.71246
         -10.48070
           0.61861
           1.09378
          -6.68231
          -4.93282
           4.03151
           9.72600
           0.56630
           3.84071
           4.07222
           4.28464
          -9.57684
          12.89169
          -0.78901
           5.19987
          -5.94890
           9.52386
           9.49324
          -3.67039
         -10.27814
           1.88440
           4.54932
               NaN
          -7.05267
          -2.68880
          16.46561
          14.31061
          -1.21081
           2.33644
          -9.21829
         -14.08976
          -6.20229
           6.37934
          11.49649
          10.24785
         -14.88296
         -12.60222
           0.78745
          -2.68648
           1.05265
           8.99545
          -2.77740
          -1.72124
          -2.21283
          -0.37961
           0.88839
           2.44166
           7.02870
           1.27598
          -2.21326
           8.19336
           6.05460
           1.63250
           8.76584
          -0.43355
           1.99350
           2.04374
           0.99510
          12.31854
           2.04360
          -7.49331
          -0.09742
          -3.17611
          -1.78483
          -4.74857
           0.46172
          -4.63783
          -0.04617
          -0.69641
          -1.17413
           3.52267
           1.91670
           8.45975
           2.04579
         -10.73683
           5.20853
           0.75039
          10.91457
          -0.51132
           4.27599
           1.96158
           4.92063
          -1.93782
           5.13425
           6.09848
         -11.77460
          -3.34902
           1.24970
          -9.89096
           0.38307
         -15.39128
           6.44109
         -10.72713
          -5.59432
           5.34065
           8.33273
           8.07434
           3.54326
          -7.63424
           6.63245
          -2.65345
           3.29100
           3.59493
           1.60657
           2.10164
          10.22979
           9.71632
          -0.32525
           0.45361
          -1.22325
          -0.08768
          -0.96163
           0.43742
          -0.62748
           0.91583
          -0.82415
           0.90214
           0.93976
           1.51834
           1.59488
          -0.31713
           0.70805
          -0.60395
           0.75195
          -0.87045
           0.52894
          -1.02283
           1.23201
           0.17465
          -0.29001
          -2.18824
          -1.00995
           0.03655
           0.61366
           0.08437
          -0.66987
           1.40879
           1.86009
          -0.11331
           0.54406
          -0.68648
          -1.26768
           0.77456
          -1.11556
           0.01118
          -0.23586
          -0.82856
           0.29202
          -1.77540
          -0.86142
           0.15469
          -0.70076
           0.41281
          -1.60783
          -0.82482
          -1.14009
           0.16902
           0.08066
          -0.08834
          -1.53177
          -0.03810
           0.98217
               NaN
          -0.28471
          -0.73728
           0.94882
          -0.33624
           1.50990
           1.09541
          -1.59550
           0.43619
          -1.23997
           1.49673
          -1.48725
          -1.06359
           0.36241
           0.31058
          -0.69189
           0.18411
          -0.98906
           1.19153
          -0.44064
          -0.73970
           1.11608
           1.80870
          -0.50076
           1.19870
          -0.47520
          -2.33885
          -0.04390
           1.09149
           1.95497
           0.66102
           0.39153
           0.55163
          -0.47136
          -1.54641
          -0.49932
          -0.75338
          -0.69456
          -0.35468
           0.30324
          -1.92718
          -1.02034
          -0.38246
          -0.17863
          -0.70693
          -0.68445
           0.76104
          -0.48462
          -1.65391
          -1.43027
          -1.48903
          -0.13499
           0.23974
          -0.19835
          -1.90855
           1.01503
          -0.46270
           1.25432
          -0.16858
           0.56392
          -0.26754
           0.15831
          -0.34528
           0.74325
           0.63490
           0.27782
           0.13998
           0.01608
          -2.79969
           1.24471
          -2.00177
          -1.96303
           0.95407
           1.57907
          -1.16932
          -1.36490
          -0.85335
           0.50748
          -1.22275
          -0.69436
          -1.53696
           0.06279
          -0.48519
          -0.22587
           1.83325
          -0.20827
           0.42823
           0.98603
          -2.39564
           0.63452
          -0.42642
          -0.92587
           0.95962
           0.39962
          -0.27950
          -0.22186
          -0.23403
          -2.67051
          -0.47167
           0.35250
          -1.70072
          -0.60884
           0.03104
          -1.19282
          -0.25915
          -1.91815
           0.38110
          -0.15239
           1.33364
           1.53906
           1.54096
          -0.37680
           0.88569
           1.21675
           2.05355
          -1.07074
          -0.83777
          -3.10125
          -1.84687
           1.55208
          -1.23337
          -0.48614
           0.12558
           1.07034
           0.34720
           0.00133
          -1.01575
           0.10437
           0.09629
          -0.42913
           0.77997
          -0.23397
          -1.39673
           1.61694
          -0.65904
          -1.26673
           0.47652
          -0.52967
           0.51575
           0.28536
           0.43822
          -2.44085
          -0.21925
           1.92402
          -0.17895
          -0.38139
          -0.35733
          -0.82138
          -0.15672
          -1.40218
          -0.37919
           1.20242
           1.27635
          -0.71566
          -1.57253
           0.64035
          -0.16690
           0.61778
           0.22066
           0.18731
           0.72627
          -1.94003
           0.72027
           0.33323
          -0.87465
          -0.54460
          -0.14338
           0.41518
          -2.02485
           0.85778
           0.51314
          -2.28429
          -0.09309
           1.15380
           0.01983
          -0.97769
           0.11224
          -2.44684
           0.72853
          -0.14703
          -2.15186
           1.56639
           0.27014
           0.02256
           0.49130
           0.31731
          -1.51730
          -0.73169
           0.72156
           0.01563
          -0.00600
          -0.14987
          -0.59970
          -0.04468
           0.10110
           1.58053
           0.00332
           1.79564
          -1.07585
          -1.45610
           2.27250
          -1.34098
          -1.40279
          -0.74654
          -1.02955
          -0.44397
          -0.84533
          -0.54228
           0.28585
          -0.60883
           0.21344
          -0.31484
               NaN
          -2.49818
          -0.93489
          -0.93011
          -0.77965
           0.17858
          -1.03704
          -0.98849
          -0.85505
          -1.47110
          -1.61553
          -0.08778
          -1.55735
          -1.26693
          -1.15029
           1.32995
          -2.27771
               NaN
           0.06587
           1.64776
           1.50815
          -0.41224
          -1.75881
           1.36529
          -0.19351
          -0.74501
          -0.66288
           0.07992
          -0.58437
           0.24299
          -0.38447
          -1.69690
          -1.90257
          -0.52226
          -2.23441
          -3.12464
           0.52533
           0.65589
               NaN
           0.87608
          -0.59120
          -0.44677
          -0.63665
          -0.22552
           0.13612
          -0.64469
           0.11013
           0.25440
          -0.97427
          -2.53167
          -0.18243
          -1.96001
          -0.43152
          -2.23636
           1.08102
          -1.58956
           1.40470
           0.42557
          -1.02767
          -0.26329
           0.37760
           0.46389
           0.25816
          -0.19266
           0.02325
          -1.27338
          -1.46089
          -1.61366
           0.70612
           0.57015
          -1.74013
          -1.13708
           0.44920
           0.08519
          -0.66311
           0.18887
          -2.02814
           0.33199
           0.32558
          -1.22406
           1.00473
           0.52337
          -2.11565
          -1.16500
          -0.91500
          -0.19638
          -1.68105
          -1.31273
          -2.07099
           0.14640
          -2.02350
          -1.27053
           0.38367
          -2.17990
          -1.76380
          -1.44759
          -1.40320
          -0.38140
          -1.05785
          -2.02892
          -1.16686
          -0.11803
          -1.49052
          -1.50557
          -0.80093
          -0.08685
          -1.16871
          -1.54245
          -0.66616
           0.34521
          -1.24321
           0.21987
          -1.74242
          -0.22319
          -1.30755
          -2.65098
           0.55674
           1.05841
           1.05176
           0.94819
          -0.15358
          -2.95021
          -0.69396
          -1.05055
          -0.77487
           1.50713
           1.48548
           1.97335
           0.87857
          -2.48263
          -0.62628
          -3.15100
          -2.25666
          -0.23454
          -0.13904
          -0.04773
           0.68324
           0.74719
           0.15654
           0.27313
           0.58694
          -0.52853
          -1.35377
          -0.65364
           0.58448
          -0.15374
          -0.88489
           1.68708
          -1.94149
          -0.74436
           0.16220
          -0.97582
           0.36864
          -0.90683
          -1.10730
          -0.23027
           0.73562
          -2.21443
          -0.17608
           0.24605
          -0.24199
          -0.20640
          -2.29186
           1.20574
           0.09412
           0.96773
          -0.53388
          -1.01256
           0.21270
          -0.56846
           0.61503
          -1.10024
           0.86970
          -1.26457
           0.72088
          -1.11688
          -1.25427
           0.50621
          -0.47513
           0.23488
           1.31465
          -1.81849
          -0.09138
          -2.04787
          -0.87597
          -0.06386
          -1.36937
          -0.08380
          -0.88376
           1.08543
           0.82318
           1.68412
          -0.92592
          -0.97995
          -1.28661
          -1.06454
          -0.96614
          -1.65025
           0.35742
          -0.36530
          -1.00491
           0.34821
          -3.04983
          -0.10047
          -0.34726
           0.31192
          -0.19490
          -1.29347
           0.73908
           0.28406
          -0.56931
           0.77314
           1.17221
          -1.08979
          -1.89775
          -0.99351
           1.27756
          -0.03658
          -3.25866
          -0.57500
          -1.73363
           0.52861
          -1.00454
           1.76095
          -0.27973
           0.40945
          -2.12259
          -1.09823
          -0.60021
          -0.45718
          -0.00217
           0.62920
          -1.26299
          -0.35952
           0.46513
          -2.17434
          -1.53794
          -2.43014
           0.45554
          -0.82330
          -2.78335
           1.19096
          -0.95082
          -2.04900
          -0.13545
          -0.67604
          -0.97941
           1.02333
          -0.47268
           1.59859
           0.41810
          -1.54642
           1.14480
          -1.70708
          -2.89549
          -1.79188
          -0.09092
           0.78735
           1.68644
          -0.81895
          -1.33419
           0.46717
          -0.30241
          -1.03974
           1.74523
           2.04867
           1.16175
          -0.18317
           0.08064
           0.30154
           0.38386
           0.30071
           0.10631
          -1.38170
          -0.34568
          -0.88064
          -0.97962
           0.20632
          -2.82864
          -0.84691
          -1.02361
          -1.87494
          -2.09669
          -0.22299
           0.16247
           1.81970
          -0.56256
          -0.09125
           0.13583
          -0.49610
           1.18266
          -0.91348
          -0.49322
          -0.83606
          -2.48625
           1.12069
           0.51567
           1.51878
          -0.41233
           1.81268
           0.46506
          -1.71169
          -1.05921
           0.31280
          -1.58214
          -0.55296
          -0.62921
          -1.74519
           0.56304
           0.03583
          -0.03661
          -2.17430
          -0.26422
           0.04863
          -0.43582
           0.40970
           0.14387
           0.06412
          -0.03454
          -0.21714
           1.37917
           0.57196
          -1.15380
           1.17723
           0.38356
           0.63413
           1.62629
           0.28542
          -1.24948
          -0.54485
          -1.34035
          -1.08207
           0.47683
          -0.14772
           0.57473
           1.28752
           1.64944
          -0.65273
           0.34353
          -1.66418
          -0.10199
          -2.11812
           0.07000
           0.61514
          -1.00205
           0.92680
          -2.28270
           1.50632
          -0.33914
           2.21880
           1.29473
           0.21769
          -1.37465
          -0.46921
          -0.03822
          -0.79269
          -1.24813
          -0.16521
          -0.78295
           1.57452
           0.49512
          -0.82424
          -3.15895
          -1.11132
          -0.85070
          -0.57436
          -1.63954
          -0.21444
          -1.32429
          -1.28765
          -2.58247
          -1.60111
           1.42954
          -0.16637
           0.45578
          -0.01453
          -0.57645
           1.73816
          -0.59644
           0.48066
          -0.60519
          -1.51874
           1.51177
          -0.28603
          -2.62447
          -0.74331
          -0.00422
          -1.54601
           1.43556
           1.67388
          -0.06711
           0.24259
          -1.04148
          -0.18347
          -2.40508
           0.03775
           0.80769
          -1.49268
           0.72272
          -0.83437
           2.03980
           1.98629
           1.39245
          -0.90936
          -0.28071
           0.46907
           0.46132
          -0.25267
          -0.41840
           0.29651
           0.03087
           0.10818
          -0.57334
          -0.27733
          -1.14012
          -0.03731
          -0.90787
          -0.35436
          -0.36596
          -1.76573
          -0.19926
          -1.15049
          -1.57865
          -0.13750
          -0.32145
          -1.95023
          -0.43297
          -0.17422
          -0.89463
          -0.57053
           0.60401
           0.69745
          -0.44769
           0.16711
          -0.54377
           0.99243
          -1.12588
           0.24030
           0.06955
          -0.97176
           1.09098
          -0.08406
           0.43269
           0.61991
           0.42614
          -1.46702
          -2.13070
          -0.60047
           2.06682
          -0.56214
           0.06538
           0.28811
          -0.67694
          -1.07001
           0.85821
          -0.01447
          -0.10272
           0.21908
          -0.92821
          -1.66785
          -1.40116
          -0.57152
           0.53211
          -0.30303
          -1.34647
          -0.65443
           1.01921
          -0.54283
          -0.88936
          -1.17188
          -2.98254
           0.01864
          -0.60074
          -0.21048
           0.54960
           0.19105
          -0.05105
          -1.45386
           0.50480
           1.57087
          -0.54363
          -1.48228
          -0.84984
          -1.58391
          -0.94760
           1.04990
           1.57840
           1.82572
          -2.17690
          -0.02739
          -1.64316
          -2.59962
           0.97625
          -0.57038
          -1.31430
          -1.35365
           0.14281
           0.19944
          -0.86930
          -1.14707
          -0.22002
          -0.42223
          -0.99572
          -0.99684
          -0.44537
           1.30937
          -1.90756
          -0.21614
           1.64609
          -1.94440
          -0.83029
           1.47836
          -0.52827
          -2.09094
          -0.03272
          -0.02315
           1.06929
           0.32408
           0.50708
          -0.78484
          -0.27627
          -1.87668
          -1.51647
          -1.66451
          -0.95077
           0.60086
           0.07277
          -0.36278
          -0.67833
          -0.25354
           0.64651
           1.29853
          -0.65478
          -1.77920
          -0.84612
          -1.28089
           0.15766
           0.39878
          -0.07449
          -1.40426
           0.78522
          -0.34459
          -0.92046
          -0.67290
           0.13463
           0.71366
          -0.49889
          -0.30018
           0.36737
           0.91125
          -0.19178
          -0.20490
           0.59054
           0.33846
           0.45418
           0.51450
           1.09342
           0.14494
          -2.19737
          -2.55202
          -0.43752
           0.69921
          -1.22126
          -1.16491
          -0.68807
          -2.19338
          -0.16370
           0.84336
          -0.59726
           1.09848
          -0.62645
               NaN
          -1.35340
          -2.67417
          -0.20190
          -0.58044
          -1.10465
          -2.16912
          -1.76013
          -0.88240
          -0.67683
          -2.74486
           1.16317
          -1.03073
          -0.28870
          -0.93733
          -1.52818
          -1.10965
           0.55656
           1.01497
          -1.57336
          -1.06961
          -1.54029
           1.13663
           0.29498
          -0.43158
          -0.15044
          -0.82461
          -1.05507
          -1.84514
          -2.37942
          -1.13164
          -1.56209
          -0.66829
          -0.14188
          -1.29542
           0.31860
          -1.58999
          -2.60435
           0.17785
           0.26689
          -0.03720
          -1.13620
          -1.08245
          -2.12278
           0.46879
           0.20944
          -0.21963
          -0.99259
           0.78890
          -0.44291
          -0.36814
          -1.49601
          -1.54232
          -0.92833
          -1.06747
           1.82268
           0.40435
          -0.58787
           1.41595
          -0.31731
           0.27728
          -1.19880
          -1.07204
           0.72277
          -3.12337
           0.95318
          -1.13024
           1.95791
          -0.37909
          -0.68080
          -1.32136
           0.61559
          -0.64174
          -0.64968
          -0.62388
          -0.31150
          -2.12758
          -0.35928
           1.08616
          -0.81882
           0.46684
          -0.63904
           1.02347
          -0.22482
          -1.48884
          -0.39980
          -2.05448
           1.75938
           0.57693
          -1.16215
          -0.22926
          -1.25963
          -1.62390
          -0.44731
           0.62043
          -0.56920
          -0.50778
          -0.46947
          -0.79095
           0.62068
          -1.79602
          -0.80984
          -0.45569
          -2.15024
          -0.94045
          -0.17564
           1.13071
           1.67111
          -2.96131
          -1.17396
          -2.50242
           0.78377
          -0.17735
          -0.27811
          -0.39078
           1.50044
          -0.02263
          -1.12539
          -1.89340
          -1.44804
           2.11706
          -0.00266
          -1.45165
           1.31262
           0.48615
          -1.24311
          -0.12281
           0.62432
          -0.29669
          -0.28846
          -0.49365
           0.19054
          -1.29636
           0.10901
          -2.34057
           0.48444
          -1.12945
           0.39948
          -0.43159
          -2.15235
          -2.01099
          -0.35642
          -2.23373
           0.47081
          -0.68198
          -0.99775
           0.89818
          -0.96759
          -0.10935
          -0.97190
          -0.38667
          -2.04620
          -1.13542
          -1.43231
           0.86237
           1.19794
          -1.42752
          -1.31277
           0.41673
          -0.29440
           0.99295
          -1.43216
           1.22148
           2.19098
          -0.05589
           1.50965
          -0.56871
           1.64672
          -0.60542
          -0.29181
          -1.04536
          -0.78290
           0.87695
          -0.40090
           0.90251
          -0.32219
           0.15712
          -0.42516
           0.47222
          -1.08013
           0.66549
          -0.99982
           1.69396
          -0.41804
          -1.23688
          -0.51174
          -0.09957
           0.76794
          -0.01439
          -0.15400
           0.39891
           1.83417
           1.01339
          -1.63215
           0.78862
          -1.29131
          -0.50326
           0.07925
          -2.05657
          -2.03531
           0.52056
          -0.74007
           2.56941
          -2.51928
          -1.90303
          -0.97353
          -1.60155
           0.57561
          -2.48828
          -1.24537
          -3.29904
           0.22183
           1.32097
           0.32089
          -1.48788
          -2.12272
           0.80633
          -3.05357
           0.29205
          -0.71830
           0.22482
          -1.72685
           2.89800
           2.62362
          -2.75339
           0.25702
          -2.51444
           1.84818
          -2.33004
           1.46804
          -0.19177
           1.42699
           0.31585
           0.06616
          -2.10426
           0.19121
           0.29485
          -1.34096
           1.16129
           0.58643
           1.89588
           0.29730
          -0.93255
          -0.89131
           0.04745
          -0.45724
               NaN
           1.45221
           1.27786
           1.46079
          -0.38145
          -1.40692
          -1.66869
          -1.33651
          -2.03566
           0.18864
           0.52963
          -1.59204
          -1.51411
          -0.51411
           0.29414
          -0.89136
          -1.43124
           0.80187
          -2.27315
          -1.95177
           0.79429
          -2.39860
           2.13521
           0.19376
           0.56173
          -0.71223
           0.41863
          -0.67339
          -0.08634
          -0.67866
          -0.05519
           1.75313
           1.08992
           1.93539
          -0.50887
           1.15048
           1.47272
          -0.25428
           0.03732
          -3.79595
          -0.17797
          -2.85787
          -2.22756
           0.74465
          -0.72974
          -1.48774
          -1.27454
          -0.81351
           1.33879
          -1.08600
          -1.46965
          -1.66637
           0.19631
          -1.07781
          -0.19182
           0.67826
           0.92052
           0.81097
          -0.00461
          -2.29642
          -1.20890
          -3.61125
          -1.74104
           0.46056
           1.01251
          -0.20251
          -0.26218
          -1.74222
          -1.65990
          -0.51346
           0.08123
          -1.87344
          -0.32532
          -1.04696
          -0.85400
          -0.97350
          -1.47602
           0.33851
          -1.50603
           0.87020
           1.94860
           2.09481
          -0.14072
           0.47778
           0.31937
           1.35617
          -0.54567
          -3.03697
          -2.13563
          -1.42488
           2.87535
          -1.80973
          -1.26630
           0.95671
           0.72507
          -1.03254
           1.13894
          -1.33290
           0.81326
          -1.86897
          -0.27981
          -0.28976
          -0.91403
          -1.38253
          -1.54454
          -0.16789
          -0.89275
           2.33423
           0.86288
           0.26986
          -0.24228
           0.69712
          -2.99340
          -1.07328
           1.57148
           1.11489
          -0.14759
          -3.06224
          -1.97937
          -0.52893
          -2.41233
          -0.24888
           2.46037
           1.23054
          -1.23136
          -1.88517
          -0.36492
           2.02590
           1.94335
           0.47583
           1.77386
           1.06761
          -3.05469
           0.68322
          -0.36838
          -1.27056
           0.35872
          -0.64253
           0.53596
          -1.33535
           2.42582
           1.07289
          -3.71917
           1.18648
           2.16219
           1.34342
          -0.93830
           0.45310
          -1.99346
           1.37973
          -0.47948
          -3.10965
           2.22276
           1.12759
           1.33929
          -0.24697
           1.45871
          -3.06007
          -1.52670
           0.11962
          -0.89148
           0.13538
          -0.46145
          -1.28261
           0.68740
           1.62325
           1.52933
          -1.26906
           2.15323
           1.23602
          -2.84813
           0.79685
          -0.71230
          -2.42594
          -1.51748
          -0.21279
          -0.63153
          -0.24576
          -1.12817
           1.74855
          -2.49665
           0.70320
          -0.23041
          -3.09750
          -2.51802
          -1.54782
          -0.76540
          -1.37389
          -0.35418
          -0.84024
          -1.57390
          -0.50057
          -0.94226
          -0.55065
           0.73868
          -0.72549
          -1.09465
          -1.70885
           1.80747
          -3.58391
           0.00965
           0.07623
           1.00859
          -0.25428
           0.19171
          -2.43772
           2.64692
          -0.54453
          -2.77797
          -1.35361
           0.14160
          -1.75808
           0.09446
           0.50152
          -3.00689
          -0.42223
           0.21913
          -1.93211
          -3.82933
          -0.49119
          -1.11775
               NaN
           1.50558
          -0.15914
           0.36771
          -0.39903
          -1.24896
          -0.47740
          -1.38930
          -0.45719
           0.21783
          -1.76911
          -2.16532
          -0.48967
          -1.61344
          -0.92065
          -2.29455
           0.60359
          -0.36932
           1.00492
           0.66324
          -1.79679
          -0.63739
          -0.79599
           0.59261
          -0.51918
          -1.00651
          -0.07632
          -2.10387
           0.50323
          -2.28846
           0.52470
           0.28679
          -0.15438
          -1.07413
          -0.20134
           0.41677
          -1.09931
           1.38710
          -2.35287
          -1.96355
           0.42028
          -1.11869
           2.64682
           1.42009
          -1.27942
          -2.62169
          -0.85318
          -0.13095
          -2.43680
          -1.99668
          -3.08304
           0.37526
          -2.81650
          -0.32425
          -0.51016
          -1.97118
          -2.39956
          -0.42702
          -1.15643
           0.34398
           0.26447
          -2.56548
           0.36279
           1.62978
          -1.77025
          -0.69533
          -1.02380
          -0.90320
           0.33573
          -2.87597
           0.70575
           0.32641
          -1.35797
          -0.86225
           0.06037
           0.36518
          -1.59201
          -2.03701
           1.04247
          -0.40364
           0.14601
          -0.70999
          -0.34926
          -3.19816
          -0.59720
          -1.03280
          -1.69500
           0.22241
           1.35546
           2.08588
           0.86613
          -1.60296
          -0.15431
          -2.05720
          -2.92828
          -0.28206
          -1.48325
          -0.64263
          -1.34753
           0.37781
          -0.17736
          -0.19511
           1.31123
           1.77107
          -3.34227
          -0.49086
               NaN
           0.29934
          -1.41775
           2.51200
          -3.76067
          -0.85103
          -0.03413
          -2.22273
           0.86273
           0.89474
          -0.78603
          -1.50243
           0.54649
          -1.61951
          -0.06279
           0.68388
          -0.17763
          -0.94496
          -1.23612
           1.24667
           1.42081
           1.94611
           0.54750
          -1.68834
          -1.01461
          -1.32910
           1.04055
          -2.81334
          -1.36632
          -0.51346
           0.52805
          -1.92152
          -1.65708
           1.28051
          -0.98586
          -0.03056
           1.42153
          -1.95115
           1.76341
          -1.21522
           0.50961
          -0.11042
          -3.25968
           0.69456
          -1.05343
           1.04000
           1.89337
           0.04164
          -0.86406
           0.39340
           0.47947
          -0.06443
          -0.77975
          -1.67432
           0.51053
          -0.44254
          -0.56268
          -1.79059
          -3.20903
           1.38662
          -0.19482
           0.72030
           1.07114
          -1.55637
          -0.57161
           0.67652
          -0.73306
           1.83851
           0.17512
          -1.43466
          -1.61736
          -0.13815
          -0.16825
           0.59167
               NaN
           0.00319
          -2.38467
           0.00181
           0.22821
           0.09516
           0.75069
          -1.22064
          -2.78530
          -1.28724
           1.70457
          -1.49078
          -0.45084
           1.03690
          -1.50793
          -0.17762
          -0.29252
          -1.80225
          -1.14006
          -2.98643
          -0.10646
          -0.47575
          -3.51492
          -0.76181
          -0.15966
          -1.40247
           0.20137
          -0.05956
          -4.04624
           0.84407
           0.08463
           2.19176
           0.28113
          -1.55888
           2.02114
          -1.19939
          -2.12847
          -2.15328
           1.24248
           1.13773
           0.35475
           0.03911
          -0.24511
          -0.96856
           1.55534
          -0.96218
           0.47291
           1.17626
           1.73678
          -1.61793
          -1.47496
           0.47040
           0.20077
          -0.56885
          -1.93470
          -2.09406
           2.09506
          -1.35819
          -2.02131
           0.57729
          -1.60522
           0.59682
           0.38077
          -2.87982
          -3.38494
          -1.81393
           0.33939
               NaN
          -0.24880
           1.38982
           0.78238
           1.28917
           2.18273
          -0.74689
           1.13172
          -0.46664
          -3.30996
           0.01005
           0.65904
           0.75034
          -0.48668
           1.60897
           1.14337
          -1.01430
          -1.47656
           0.50705
           0.87852
           0.40894
           0.61911
          -1.27483
           0.41223
          -1.17404
           0.50052
          -1.65652
           0.61625
          -0.92229
           0.08911
          -0.86088
          -0.03892
           1.25118
          -0.85338
           1.89914
          -0.56443
           0.86141
          -0.41550
           1.56504
           2.79781
           0.37211
           1.47009
          -0.55504
          -2.21259
           1.45167
          -0.38399
          -0.94154
           0.81759
           0.33347
          -0.67378
           0.22082
           2.65543
           0.16251
          -0.26512
          -3.56936
          -0.87022
          -1.27267
          -0.80207
           0.17967
          -2.53594
           2.41818
          -2.72663
           1.24393
          -0.25371
           2.90418
          -0.00520
          -0.01742
          -1.25810
           0.06308
           0.35683
           0.41996
          -3.11819
           0.33065
          -2.26479
           3.27767
           2.06172
          -2.22625
          -3.35999
          -1.20431
          -1.30122
          -1.10970
          -2.77746
          -0.52762
          -1.41914
          -0.92965
          -3.03758
          -1.91635
           1.90213
           0.73690
          -0.05621
          -0.04890
           0.87205
           1.69789
          -1.08984
           2.17056
          -0.10810
          -0.18155
           0.21912
           0.49461
          -2.44315
          -1.42877
          -0.82993
          -1.25305
           3.09475
               NaN
           0.35426
          -0.02324
          -1.07438
           0.29651
          -1.84869
           1.41807
           0.71758
          -1.68374
          -0.02059
          -0.70026
           1.21263
           1.92857
           0.44007
          -0.10854
          -0.69097
          -0.17786
          -0.89375
          -1.70241
          -0.26579
          -0.30375
          -0.73014
          -0.48631
          -1.26088
          -1.40388
          -0.99070
          -1.42484
          -1.06803
           0.61362
           0.36402
          -0.11628
          -0.65091
          -3.24559
           0.30236
          -1.76545
          -1.40419
          -1.45289
           0.21393
           0.18334
           0.22483
           0.19382
           0.32952
          -0.85488
          -1.81971
           1.59659
          -1.83708
           1.46602
          -0.35257
          -0.32290
          -0.81631
          -1.44586
           0.95800
           2.01809
           1.24023
           0.75470
          -1.76644
           0.18361
          -1.21386
          -0.64254
           1.91976
          -1.39358
           0.04669
           1.46442
           1.60744
           0.26171
          -0.18224
           0.87818
          -0.01572
           1.09493
          -0.37590
          -1.38447
          -0.88050
          -0.99149
           0.16798
           0.62381
          -1.24225
          -0.34310
           0.78329
          -1.18667
          -0.52544
           0.48046
          -3.56656
          -1.05252
           0.30998
          -1.54905
          -0.76308
           1.05391
          -0.29648
          -3.42316
           1.42940
           1.97565
           0.38772
           0.02488
          -2.43495
          -1.79194
           0.00299
           0.50818
           1.37482
           0.19668
          -1.14691
           0.95119
          -2.41040
          -2.75194
           2.41701
           0.09789
          -0.36455
          -0.52378
           0.74237
           0.06087
          -1.69214
          -1.00233
           0.12098
           0.04393
          -1.32511
          -0.81372
          -0.98666
           2.14224
          -1.36318
           0.34196
           1.84227
          -1.16239
          -0.61178
           0.59791
          -1.21105
          -2.06352
           0.58341
          -0.66716
           0.88901
           0.87080
           0.35549
           0.48688
          -1.36690
          -0.54400
          -1.55880
          -1.78015
          -0.74618
          -0.12482
           0.24461
           0.63538
          -0.00842
          -1.40710
          -0.54045
           0.14617
           0.19130
          -1.79503
          -2.07469
          -2.24856
           0.36328
          -1.33616
           0.51470
          -1.25164
          -0.24036
          -1.18188
           0.07628
          -1.66955
           1.43331
          -2.98110
          -0.34688
           1.47935
          -0.13593
           1.60869
          -0.43153
          -0.31023
           0.78387
           0.55438
          -0.90217
           0.27590
          -0.43703
          -0.66330
          -1.34376
          -1.96711
          -0.63428
           0.76969
          -1.70360
          -1.59009
          -1.73093
          -2.16134
           0.11634
           0.68531
           0.36223
           0.62381
           0.27253
           1.62275
          -0.92306
          -2.24671
          -1.11142
          -1.03981
           1.73648
          -2.30407
          -0.28249
          -1.90909
          -0.13208
          -1.42070
           0.09925
          -0.60045
          -0.30929
          -1.88059
          -0.12309
          -1.31445
          -0.61617
           1.48129
          -2.59686
          -2.44823
          -0.48088
           0.79781
          -2.53933
           1.36004
          -1.18332
           0.34413
          -1.16381
           0.84510
          -1.45663
          -1.15872
          -0.98928
           0.01304
           0.59430
          -0.44813
           0.47692
          -2.50566
          -2.23437
          -0.20894
          -0.03536
          -0.87281
           0.11708
          -1.08339
          -1.13599
           0.86614
          -0.47545
           1.12022
          -1.90809
           0.52784
          -1.03505
           0.03275
          -0.61480
          -0.02907
          -2.29087
          -0.47195
               NaN
           0.94821
          -0.54805
           2.33904
           0.44670
          -0.49904
          -2.14860
          -1.09473
           0.16858
               NaN
           0.00927
          -0.06696
          -0.50999
           0.61439
          -1.72045
          -1.20406
          -0.15365
          -2.22691
           0.23615
           0.76226
          -0.40948
          -2.96822
           2.13369
           2.31154
          -0.19370
          -2.43438
          -2.98141
           0.69173
          -1.23875
           0.48904
           1.73361
          -1.41369
           0.51901
          -1.23587
          -2.48675
           1.50041
          -0.03240
          -2.28452
           0.68141
           0.27267
          -1.65811
           0.31316
          -0.47052
          -0.61411
           0.94951
          -1.49993
          -1.10212
          -1.00352
          -1.37291
          -0.95998
          -1.48105
           0.36275
           1.46917
          -3.83334
           0.06895
          -2.81226
           0.49186
          -0.36362
          -2.32859
          -0.42070
           2.52718
           0.42298
          -0.01498
          -1.77046
          -0.27498
           3.19091
           0.78473
          -1.45060
           1.25611
           0.95960
          -1.41265
          -0.82115
          -0.58597
          -0.35849
           0.73309
          -1.15043
           0.09726
          -2.91090
           0.68832
          -2.75345
          -0.02016
          -1.50456
           0.33806
          -0.82912
          -1.94879
          -0.43804
          -0.33567
          -2.15511
           2.80115
          -1.14379
           1.32700
          -0.18165
          -0.17089
           1.80218
          -1.00225
          -1.77739
          -3.40936
          -1.45900
          -0.61166
          -0.11269
           1.88699
          -1.46546
          -1.72008
          -0.30592
          -0.64117
          -0.80365
          -2.71683
          -2.58154
          -2.08077
          -2.92614
          -2.41778
          -1.53481
          -1.32665
          -0.65965
           2.67746
          -0.50145
           3.36021
           1.03138
           4.31803
           2.60487
          -0.30976
           1.51171
          -0.86476
           1.16001
          -0.56460
           0.32973
          -1.05640
           0.55816
           1.03924
           1.09123
          -4.63382
          -2.33797
          -1.03037
           1.52982
           0.43209
          -2.22894
           0.78828
           3.09521
           2.10229
           0.18729
           0.19581
          -2.38278
           1.78885
           0.25713
           2.99648
          -1.33930
          -0.95764
          -3.03012
          -0.69026
           0.65804
           1.80048
           0.61327
           0.17532
          -0.32349
          -0.21134
           2.00927
           0.09199
          -1.72864
          -0.68529
          -1.59579
           3.00282
           1.23866
          -3.73594
          -1.12606
          -0.76496
           2.00497
           1.69231
          -0.51498
          -1.13386
           0.09358
           0.69755
           0.61915
           0.98405
          -0.25783
          -4.75660
           1.17083
          -1.31798
          -2.16194
           0.35617
           0.63773
           2.65074
          -1.51354
           0.13738
           1.05012
           3.59170
          -3.99684
           2.51361
           0.19196
          -4.45045
          -0.17716
           3.35071
          -1.86672
          -0.49312
          -0.90139
          -0.77461
          -0.60253
          -1.74988
           1.20649
           0.09727
           1.26178
          -1.14724
          -0.02700
          -2.41607
          -0.30004
          -0.19043
          -0.86828
          -0.43790
           0.40494
           0.70149
           2.12440
          -1.21940
          -4.67534
          -0.16220
          -3.44663
           0.30682
          -1.30712
          -3.65369
           1.88503
          -0.15536
           3.21002
           0.57549
           1.46705
          -3.21518
          -1.20069
          -3.67220
           2.56976
          -0.11721
          -1.46523
           0.71511
          -0.01490
          -1.34641
           3.32003
          -0.75294
          -1.57715
           1.25956
               NaN
          -0.70484
          -1.49673
          -0.91147
          -0.70520
          -1.42223
           0.43658
          -1.34819
          -0.13197
           0.37928
          -0.27554
           3.51808
          -1.85488
          -0.13008
           2.43112
          -2.54037
           3.32362
           4.21945
           0.26325
           1.68763
          -0.49443
          -0.39181
          -0.16305
           1.96603
          -4.14472
          -0.41070
           0.74822
          -1.44875
          -1.02243
           1.60357
          -1.68708
           0.78290
          -2.56311
           0.44323
           1.82222
           2.00969
           0.94165
           0.73304
          -0.72119
           1.48073
           2.52580
           3.07086
          -1.83670
           2.37032
          -4.50985
          -2.46245
          -0.37823
          -0.39261
           0.65191
          -1.08684
           1.57401
           2.35988
          -1.65815
          -0.55312
          -0.92972
           2.96311
          -0.64696
           2.34043
           0.75805
          -1.41744
               NaN
          -1.37552
          -1.81226
          -2.23341
          -2.56105
           0.87443
           1.05504
           0.06054
          -1.63482
           1.02657
           2.43828
          -2.06634
          -0.72245
           3.58844
           0.86783
           0.38624
           0.07139
          -0.56928
          -0.63261
           1.34316
           0.03662
          -1.11648
           2.10678
          -3.36564
          -1.31589
          -0.15157
          -2.12708
           0.22833
          -0.31402
           0.77432
           1.35670
          -0.29712
          -1.86233
           0.58477
           0.23898
          -3.03066
          -1.42961
          -0.30341
          -0.19116
          -1.95968
          -0.31718
          -1.91096
          -1.03514
          -0.38499
          -3.10821
          -0.22139
           0.33794
          -0.75469
           0.60892
          -0.98065
          -1.89822
           1.56825
          -1.34771
           0.73322
           0.42803
           1.59963
           1.33888
          -0.21224
           0.30464
           0.39650
          -1.11258
          -2.11934
           1.65522
           1.85940
           1.27400
          -4.44829
           0.57453
           4.42510
          -2.25808
           0.08972
           0.37806
          -2.22101
          -0.17038
          -1.71996
           0.31238
          -1.84786
           2.14504
          -0.50098
          -0.43799
          -4.26021
          -2.46924
          -0.04077
          -1.17039
           0.08719
           0.95573
          -1.32413
          -0.13454
          -1.37216
          -2.24255
          -3.16892
          -1.29338
          -2.77083
          -1.51825
          -0.33551
           0.63336
          -0.37229
               NaN
           0.05075
           2.58014
           4.07909
          -1.29325
          -0.76845
          -0.50428
           0.31855
           2.22057
           0.34474
          -0.01006
           1.12778
           0.45965
          -1.67689
           0.21404
          -4.06201
          -1.60375
          -2.67539
          -2.09667
           2.00818
           3.24317
           0.96321
          -0.04220
          -1.22146
          -1.63489
          -0.98327
           1.26743
           1.03109
           0.44150
           0.93769
           0.30775
           0.18522
          -3.06610
           0.26577
          -2.46557
           0.28200
          -2.15149
           1.77748
          -3.36957
           1.98787
           0.07887
           0.09429
           0.28243
           2.08957
           0.27612
           1.39211
           0.99453
           0.16850
          -0.06189
          -4.32603
          -0.62929
           0.97076
           0.98350
          -4.05336
          -1.22891
           1.39817
          -0.39850
          -0.02680
          -1.55906
          -1.55444
           3.68059
           0.18743
          -1.37777
          -1.39067
          -0.78472
          -3.33550
           0.95995
          -1.00517
          -0.29183
          -0.57860
          -0.31503
          -0.59468
          -0.18744
          -0.86672
          -2.65092
           1.68756
          -2.48437
          -0.83638
          -2.93633
          -1.76317
          -1.43955
          -2.98678
          -1.24621
          -3.39822
          -2.66766
          -1.08247
          -2.68752
          -0.47580
           1.10400
          -3.36330
           0.40282
          -2.66742
           0.37262
          -1.07581
           1.79841
          -4.37224
          -1.08147
          -0.89259
          -3.54661
          -0.15183
           3.19118
           2.37303
           3.36706
           0.13187
          -2.58852
          -0.83510
          -1.07643
           0.56736
           3.38120
           1.67513
           1.80921
           0.89673
          -3.76584
          -1.31477
          -4.74657
          -1.27693
          -0.16522
           1.82182
           0.82008
           3.64561
           1.28601
           0.64362
           0.95618
          -0.46962
          -3.88307
           1.54695
          -0.89109
          -3.57960
          -0.81466
          -0.10758
           0.48373
           0.71223
          -0.58875
           0.44859
           0.84311
          -0.35211
          -3.53487
          -1.57594
           1.62548
           1.01150
          -3.08228
          -0.34134
          -0.39262
          -0.33587
           0.87096
          -3.83190
           1.14602
          -1.84119
          -0.45947
          -2.11134
          -0.02677
           2.00304
           0.54112
          -0.00569
           1.39875
           4.13149
          -2.36025
           1.00215
           0.05689
          -0.66668
          -0.62330
           0.26990
           0.62209
           1.15872
          -1.62498
          -2.79706
          -3.26249
          -2.89717
           0.00406
           1.38811
          -1.21923
          -0.63626
           1.15170
          -0.73797
           4.08009
          -1.01617
          -2.98332
          -3.86287
          -2.52344
          -1.23804
          -1.61515
           0.13406
          -0.25261
          -1.65001
           3.46818
          -2.81760
          -2.26976
          -0.56963
          -0.28380
          -2.04174
          -0.90997
           2.65106
          -0.28844
          -0.33043
          -0.78097
           2.62673
          -0.58670
          -2.30679
          -2.24127
           3.38664
          -0.95303
          -1.39332
          -1.41842
          -0.78394
           1.29709
          -2.80281
           4.19092
          -1.78286
           2.78734
          -1.15587
          -0.82251
          -3.96230
           1.05057
           0.65233
           0.03446
          -0.90568
          -0.62487
           1.57036
          -2.71714
          -2.11834
          -1.61866
           1.27535
          -1.33029
          -1.71618
           4.03957
          -2.10493
          -2.99212
          -0.62680
          -1.57534
           3.49433
           1.28482
          -1.28566
           0.73330
           0.61790
          -1.52825
          -0.13357
          -2.44768
          -4.01439
          -1.26469
          -2.03602
           0.27624
           3.62904
          -2.07064
          -2.92288
           2.56153
          -3.01241
          -1.15287
           3.60124
           3.32129
           0.32294
           1.90980
           2.34987
           0.05522
           0.65094
           1.56917
           3.08364
          -0.34255
          -3.90610
          -0.18402
           0.53994
          -0.33482
          -4.61331
          -2.95296
          -3.07225
          -0.40906
          -0.21745
           2.09779
          -0.09560
          -0.48671
          -1.02027
          -2.25175
          -0.80734
          -3.10035
          -0.27618
          -1.15649
          -2.86360
          -1.37496
          -1.28467
           2.74082
           0.30654
           2.63974
          -0.30386
           2.10985
          -0.52442
          -2.72900
          -0.45042
           0.02944
          -5.17164
          -1.95612
          -2.45019
          -2.43134
           0.78303
           1.80073
          -0.82014
          -2.92961
          -1.54861
           1.46495
          -1.20157
           2.26316
           0.41052
          -1.66751
           1.15995
          -3.30426
           4.21438
           0.14973
          -2.23078
           0.61151
          -3.13822
           1.01635
           1.85414
           1.51145
           0.15544
          -3.45728
          -2.73545
          -1.28709
          -0.02026
          -0.84966
           2.39599
           2.84356
           0.18195
          -1.84196
           1.23139
           1.11500
           1.01867
          -3.35143
           1.34214
           1.25038
           1.23550
          -1.24875
          -1.63512
           1.88910
          -0.46376
           1.21900
           3.19101
           0.56066
          -1.54466
          -1.24570
          -0.61449
          -2.56165
           1.47983
          -0.88856
           1.37869
          -0.90994
          -1.79016
           1.22094
          -2.86569
          -0.97566
          -0.19350
           0.20656
           0.02041
           0.24240
          -1.18593
          -1.80987
          -1.91857
          -1.14127
           0.74015
          -1.48400
           1.20265
           0.03560
          -2.68945
           1.79692
           0.12330
          -1.98448
          -1.33032
          -3.46936
           3.39743
          -1.42478
          -2.88896
           0.25661
           1.20029
          -1.97336
          -0.98478
          -1.02175
          -0.68177
           0.63036
          -0.99350
          -0.88365
          -3.21671
          -1.97579
           0.93914
          -1.21397
           1.80703
          -1.03001
           3.24644
           2.07048
           2.78174
          -2.07755
           0.31775
           1.41279
           2.43803
           1.86214
          -0.64102
           1.17213
           1.14098
           0.97538
           0.42961
           1.36603
          -1.35810
           1.98673
          -0.67424
          -1.76640
          -1.43082
          -4.17186
           0.45958
           1.90574
          -4.32256
           2.23726
           1.25799
          -2.67573
          -1.37664
          -0.69582
          -2.52764
          -1.68552
           1.00442
           2.96191
           1.55375
          -1.91815
           1.34285
           0.30160
          -2.25395
           1.06188
           1.36180
          -0.28016
           1.28496
          -3.15057
          -0.74530
           0.42328
           3.62457
          -3.87487
          -3.46813
          -0.53910
           2.28136
           0.65071
           0.09263
          -1.42783
          -4.00928
          -3.01264
           2.37598
          -1.31662
          -0.22963
          -1.05857
          -1.73390
          -2.08123
          -2.16067
           0.04110
           1.06327
          -1.65505
          -1.49851
          -1.10857
           1.36337
           0.39638
          -1.42021
          -3.58221
          -2.13060
           1.58119
          -1.92927
           1.74215
           2.46446
          -1.06765
           0.30698
           1.41886
          -0.84394
           0.98039
          -1.90222
          -3.68085
           1.46245
          -1.28044
          -2.33426
           1.84014
           1.87536
           4.20208
          -3.67941
          -1.45490
          -0.52394
          -2.37743
          -1.12546
          -1.54523
          -2.69974
          -2.56421
          -0.73180
           0.40158
           0.33101
          -1.35822
          -0.71746
          -1.10225
          -0.51521
          -1.26397
           0.34425
           0.09442
          -2.70168
          -1.03026
           1.35991
          -3.08515
          -1.14905
           2.76270
           0.46773
          -2.13093
          -0.93151
           0.91630
           1.33229
          -0.47345
           0.72823
          -2.63996
           1.31470
          -3.82072
          -1.45473
          -1.49583
          -1.24921
           1.65945
          -0.17790
          -1.81884
          -1.65556
           1.42923
           2.37797
           2.97952
          -1.88900
          -1.75612
           0.94606
           0.13070
          -0.14229
           2.92963
          -0.93397
          -1.62691
           2.28128
           0.87681
          -2.37443
           0.78096
          -1.75982
               NaN
          -0.72064
          -2.89605
           1.10157
          -0.10614
           0.15794
          -0.05126
           0.30852
           0.02349
           2.43275
           0.86257
           3.32596
           1.32394
          -3.44258
          -3.40525
          -0.15049
           0.59640
          -0.51766
          -0.54469
           0.83320
          -2.24013
          -0.57220
           1.07391
          -1.99692
           1.79089
          -1.93783
               NaN
          -1.98115
          -3.29774
           1.12487
           0.08966
          -5.24915
          -1.97225
          -3.91562
           0.61527
          -1.47147
          -4.67648
           2.71518
          -1.65841
          -0.25867
           0.43866
          -3.57785
          -0.81090
           2.26728
           0.33472
          -0.08034
           0.94146
          -3.08570
           1.63088
           4.42952
          -3.04509
           1.35627
          -2.52951
          -0.89646
               NaN
          -3.72555
          -1.09213
          -2.39768
          -1.66218
          -1.21577
          -2.53141
           0.08766
          -0.25426
          -3.14405
           0.74209
           0.70779
           1.18174
          -2.96444
          -1.08107
          -3.56225
          -0.11084
           1.20851
          -2.17414
           0.34288
           1.16972
           0.42089
          -0.95293
          -2.78149
          -3.74977
           1.05926
          -1.93618
          -0.82152
          -0.38899
          -0.64597
           0.06940
          -1.43181
           1.40972
           0.18672
          -1.03896
           1.53118
          -1.25538
           2.33011
          -2.68131
               NaN
          -1.82833
           0.83577
          -1.49247
           1.73772
           1.67063
          -1.94188
          -2.64591
          -0.16856
          -0.90130
          -3.99589
          -0.70135
          -1.73072
           4.69899
           2.77789
           1.50738
           1.25424
          -4.37407
          -3.51189
          -2.98922
           3.56876
           3.22135
           0.77010
          -2.75241
          -3.04984
          -0.66022
          -2.09384
           1.12772
           1.01925
          -1.70534
          -0.46793
          -1.04892
           0.14099
          -2.22795
          -0.38347
           0.34346
          -3.28417
          -0.91196
           1.72862
           2.25096
           1.96568
          -1.68924
          -2.98705
          -2.05044
           1.20959
           0.09436
           2.71302
          -0.34715
           0.00268
          -0.67266
          -2.74519
          -2.07273
          -3.15925
           0.55057
          -1.15126
          -1.45318
           1.39505
          -0.20450
          -0.99580
           0.89590
           2.38982
          -0.20653
          -1.77863
           0.46443
           0.32663
           1.05886
          -0.73606
          -1.73828
           1.22051
          -0.58227
           0.48906
           0.14830
          -2.44929
          -4.30553
          -0.38668
          -2.34842
          -2.92856
          -0.00832
          -4.38898
           2.47339
          -2.12976
          -2.89779
          -0.92763
           1.64203
          -0.05769
          -0.66339
          -2.62944
           2.28475
           0.19278
          -1.37218
          -0.71859
           1.47090
           0.21143
           3.61374
           0.44185
