         -10.01718
           5.84227
          12.94250
         -14.34582
          11.34978
          11.65903
         -27.52070
          10.97951
          18.95866
           8.22425
           5.27837
          12.01903
          -2.38159
         -12.12405
          15.23867
          -4.24351
          -4.30930
          21.19107
          12.29339
          -4.78874
           1.24431
           0.33587
           8.63396
         -10.94802
          13.04127
         -23.36481
           7.53628
          -1.87430
          13.42800
          -2.54001
          20.49846
         -20.05965
          -5.53240
           7.35875
          -8.27147
         -14.39261
          -4.13954
          -3.57825
          -0.60401
         -11.64265
         -18.65603
           0.27904
           6.99099
         -10.03202
          11.57693
           0.86868
          16.33275
          -4.03669
         -16.45029
           5.74623
          -6.44486
          -8.95576
           5.08763
           0.53861
           7.36823
         -13.73002
           0.20366
           6.26403
          -5.57142
           8.21342
          11.30500
          -6.23209
          21.99989
          19.51999
          15.72040
           6.75948
          21.82787
         -22.34415
          -6.91302
           4.32802
          -4.12045
          15.43614
           4.70263
          -4.79476
          -6.84464
          12.52918
          -8.82486
           0.24219
         -23.15560
          -6.50402
          19.27257
          -3.90219
           4.48932
          19.96283
         -12.99933
           0.57987
          -4.94449
           2.91093
          -7.94201
           3.07501
           4.40328
           5.57027
           8.44396
          27.78733
          18.51676
           2.75532
          -2.40357
           9.56475
           7.12367
         -13.48134
         -15.51805
          -6.49279
           8.26766
          -3.13109
          -9.69162
           8.40277
          -7.41210
         -17.34765
          13.42988
         -14.61824
         -14.56935
           2.99781
          -3.71406
          -9.68255
          -3.77604
         -13.22401
           6.54077
          12.37923
          17.56422
          -5.16197
           5.10941
          -4.74057
          22.87776
          15.53999
         -11.39504
          -3.07002
          -4.87901
           3.44457
           1.92009
          16.71323
           0.19461
         -13.97856
          -2.21851
           3.72596
          -4.82391
           0.19455
          16.18869
          -8.64341
           6.10892
          12.85773
          -8.21775
          15.82856
           9.79987
          -9.83719
           6.94133
           3.35645
           6.09309
           1.53981
          15.61098
         -10.38624
          18.74872
           2.35765
           4.16578
           8.55221
           7.77856
          17.00915
          33.61931
           5.53534
          20.36222
           0.35007
         -20.24971
           6.64208
          -4.18615
           3.60988
           8.35030
         -12.61851
          12.92320
          12.46517
          -2.63023
          21.83244
         -31.59456
          -8.95774
          -8.91891
          -0.75650
           2.99176
          13.44054
          25.81807
          36.02512
          17.31998
          11.14871
           4.62181
         -24.66920
          -8.26190
           6.60826
         -11.17001
          31.49214
         -15.26962
         -11.72023
           7.34129
           9.54376
         -14.38068
          16.74731
          -9.65271
          15.48180
          -3.97694
          -9.84168
          30.46400
          -2.32794
           9.02088
         -24.44316
          13.13633
           6.26305
          14.87613
           9.62751
           9.15425
          -6.49235
           1.45430
          13.64453
           7.60155
          13.12203
           9.89852
          -0.84735
           0.74494
          -0.16708
          13.97570
          -3.69017
          -4.58098
           1.95801
          -7.00084
           7.87215
           1.59494
         -14.76301
          -0.01869
           8.04207
         -13.25075
          15.24480
          13.37873
          18.33430
           1.84094
               NaN
          -2.20456
           7.13107
          -5.99006
          -2.12767
           5.33694
         -20.62046
         -12.14206
           4.93867
          -6.22548
          28.35878
          11.76293
          -5.01259
           7.88005
          -3.58154
          12.06477
         -15.67162
           0.33235
          15.23775
          -9.95773
          14.90422
          16.05744
           0.37360
           8.53638
         -26.56173
          16.81501
         -12.14699
          -0.96283
          20.69452
          -9.34155
           9.69133
          -6.58672
          -1.01314
          -0.39645
          10.24488
          12.74668
           3.61319
          -4.87295
          29.19192
          14.18535
           3.53674
           9.55327
         -13.49521
         -24.59283
          -7.06349
          14.18823
           3.75595
          14.63346
           4.34612
          -2.55939
          18.15432
          21.31451
         -13.16912
         -10.28652
           8.13504
          -0.62957
           5.32180
         -22.12856
          -9.06588
         -16.70264
           0.95309
          11.40115
          -0.11703
         -18.02798
           1.33945
          -4.53858
         -10.77847
           5.92458
          14.44620
          -0.01631
          -5.16548
          -0.12463
          -8.33014
               NaN
          19.21885
          -0.14859
           9.00047
          10.91806
           4.06673
          -6.17481
          -4.33237
           1.87706
          -7.68429
          11.54001
           8.87972
          29.70546
           4.05398
          13.86194
           9.38472
           9.46451
          10.18236
         -14.91679
         -10.86965
          -2.19726
         -25.84265
          -7.32251
           4.80621
          31.33989
           7.39770
           4.51083
           0.46201
           5.98260
           5.60228
          -0.64313
          17.90444
          -6.23550
         -19.81093
          13.02657
          14.22918
          17.51420
          -6.22706
          15.47834
           6.00809
         -13.55464
          -4.07530
           0.03550
           7.49120
         -15.26649
         -27.16191
          20.58023
          12.56397
         -10.84821
          -0.19668
          28.61253
         -10.76399
          12.66562
           3.61971
           8.78053
          -5.99815
         -14.23935
          10.97403
           4.55816
          -6.86492
          13.25467
           8.00852
          12.57534
          -3.87827
          -5.26107
           0.67543
           1.31776
          19.98150
           4.89196
          23.78395
          -6.05103
          13.64385
          21.50516
         -24.69978
           4.77277
          12.63426
           8.25807
          -5.40655
          -6.23319
         -10.23489
          14.86179
          -0.23134
          21.97256
          -0.23272
         -14.16155
          10.06585
          15.21448
          -0.79338
          12.19768
          13.54610
          -3.26279
         -19.68902
           1.73423
          -3.00295
           0.59478
           1.80482
           4.00028
          -9.06966
           5.96413
          -5.38592
          14.11058
           7.72815
          10.11123
           5.23685
          -4.60386
          11.87842
          -1.98758
          -2.78025
         -14.95546
          22.77509
         -14.91418
          -9.43496
           4.53697
          24.92616
           3.07191
         -10.76054
          10.51115
           7.25732
          -9.45457
           1.80035
           5.75978
          25.22654
          10.87860
          30.98521
          12.18461
           0.46409
           9.68553
          29.21316
           9.29857
          -4.92225
          13.07346
          -5.99601
          -6.10644
         -28.31429
          -7.95759
         -18.32971
           3.38943
          12.12968
          -8.34189
          -3.66676
         -11.09184
          18.61297
         -19.50796
         -20.28715
          -4.21511
          -8.27001
           8.73051
           3.27914
          35.27382
          -6.38120
          18.95823
         -10.49053
          18.39353
         -18.77059
         -14.26205
          -0.91205
          -5.87069
          -0.21610
           8.60518
         -11.73748
          16.18319
          11.94717
           0.24761
           4.36768
          -5.34709
           8.67588
           5.98900
         -12.69661
           9.73503
          21.10346
           4.74081
          -8.96491
           7.39145
           1.96414
          -9.85423
           8.81226
          34.67298
          10.26410
          -6.69754
          -0.51683
           5.49529
         -11.04118
         -27.88981
           1.49582
          -8.44224
          14.50167
               NaN
           8.24014
          13.54329
           2.95633
          11.01573
           3.46216
           1.76043
          -6.11395
           3.43732
           8.86246
          19.41557
           2.07573
           6.97401
           7.78978
         -11.17329
          -2.92494
           7.77956
          -4.26819
          13.30940
          11.63042
          -6.08209
          -6.02405
          22.42419
          -4.89434
         -12.60129
         -13.90878
          -5.12456
          -1.38045
          12.48204
           2.41175
           8.87352
           3.87921
         -10.60612
           3.32944
          -1.59515
          12.67171
          -8.90678
          11.55123
          19.65473
          31.54210
           1.08486
           1.24091
          15.57572
          -2.06597
          -9.84117
          -6.07922
           0.00326
          -5.43897
           2.35819
         -10.50737
           4.89769
          -7.14390
          10.46316
          -4.97013
          12.55467
          33.61959
          18.66216
           0.84123
         -22.24311
         -19.54303
           6.15499
          15.85968
         -21.86513
          -0.61523
           5.42323
          -2.38826
          -3.62024
           0.13223
          -6.31146
         -24.94743
          12.80291
          14.64282
           3.42604
           8.23308
          11.63445
         -14.78593
         -10.07868
          -6.70907
          -7.55963
         -16.35021
          -8.88924
          -0.55467
          14.55710
          11.63270
          -6.22258
           1.91272
          -3.14658
          10.28033
          11.22833
          -1.87211
           2.20666
          -1.88553
          -4.76210
         -12.23152
           2.95212
           9.11836
         -23.30821
          -7.67545
          -2.08839
         -17.36629
          -6.78512
           2.33342
          -4.31323
           0.55651
         -10.17019
          -2.13307
          13.88008
         -12.47118
           0.17876
          17.11049
           5.13589
           6.64776
           2.74172
          -7.49512
          -8.92465
           4.25936
           1.52736
          12.83052
          11.62363
         -23.31598
          -4.77117
          11.08194
          -0.66881
          -6.18309
          -9.71397
          12.49714
           1.71033
           3.03339
         -10.58816
          26.68585
          -5.84762
          -0.28372
           5.73143
          21.21970
           3.47000
         -13.29619
           5.85110
          -5.11201
          -8.88486
          14.93813
         -11.93858
           1.65510
           1.51927
           4.30429
          27.65337
           6.30500
           8.16538
          11.18249
         -19.73296
           7.49984
           4.26576
          -1.44362
          22.78841
           2.54824
          25.21883
          19.69765
         -12.24651
           1.58697
           7.19848
          14.54593
           1.50430
          24.54381
          10.36807
          -8.91943
          -1.13414
           8.83679
           5.24224
           4.12385
          16.84703
           0.15426
           2.89145
           4.75447
         -16.38047
           8.86297
          -3.51474
          25.60043
         -11.35209
          14.25121
          -6.89815
          12.23378
          18.86055
          -6.35592
           5.64121
           1.79380
           5.26103
          12.36912
          20.84915
           9.65492
          -5.17830
           0.50832
           4.83519
          -0.22529
           3.03312
          -2.33093
           3.75009
           7.99297
          19.94954
          28.64369
          -1.58885
          17.53497
          10.80732
          -9.32341
         -14.82800
         -25.94195
          15.23403
           9.72374
          28.40053
         -10.39428
         -14.77880
         -21.52799
           2.91750
           1.67519
          -2.16595
          16.34713
         -26.90976
          21.57148
          -2.15847
               NaN
          10.06454
           2.22117
           9.37030
          18.48233
          10.76376
           3.49215
           2.59729
           0.90814
          20.33898
          15.26361
           0.20715
           2.55040
          -1.82628
          14.13667
          -3.11481
          14.59904
           8.05708
         -20.89153
           7.85602
          -1.81419
          24.44054
          12.09362
           5.86691
          27.19703
         -19.08313
          10.00457
          15.55282
           4.12637
           1.43570
           6.89593
          -4.74957
          26.18682
          -5.06098
          -8.95822
          -0.08082
           3.79880
          17.21984
          13.79249
          12.99571
          11.09281
         -20.89194
          27.04917
         -13.57385
          -4.03990
          -9.32954
           4.85294
           3.94078
          -0.35594
           5.77675
          15.36661
          17.54398
          12.00715
          -6.79241
          -8.47400
          -3.42762
          10.89488
          12.20774
          11.40012
         -14.34079
          -1.80620
          -1.39816
           7.81849
          -8.54394
          22.02693
         -10.13606
           6.68123
          -5.74789
          -9.61955
           3.71545
          -3.21326
          -6.76512
           5.73612
          -5.42597
         -21.53522
          -2.51715
          19.04641
           3.11605
           3.32057
           0.84981
           6.64623
           1.61877
          -2.34532
          13.22802
          -0.56919
         -18.68518
          30.82029
         -12.53024
          11.85817
         -13.06889
          11.91477
          -0.44592
          -8.12056
          15.11613
           9.14670
          -7.00549
          -2.54983
          -2.52435
          -0.69826
          -4.00058
          15.53794
           1.62439
          19.44834
          14.17073
           0.56485
           5.35644
           2.44594
          16.30566
          16.64869
           4.75723
          -7.16092
          -4.21617
          30.78711
         -20.12028
          21.75416
          11.24021
         -14.55989
          17.57958
          18.47683
           6.68369
          12.05584
          -5.83671
          -3.98208
         -15.67461
         -10.67595
           8.32128
          -1.44330
         -16.04089
          23.61989
           9.68773
         -12.59386
         -16.28479
          11.96573
         -18.19918
          14.39996
           4.97620
           1.50419
          17.80085
          14.59672
          -4.15577
          20.84776
          13.76986
          -6.46786
           8.98674
         -11.57674
          -3.89118
           5.19391
          -1.52213
          28.53647
           9.13559
         -16.63995
         -16.49849
         -13.17743
          19.01589
         -22.17511
          -1.85752
          -7.71211
           3.59595
           2.46524
         -17.53717
          -5.73546
          18.23082
         -17.32426
           6.15801
          -7.74715
           3.65654
           3.74855
          11.90380
           0.07439
         -27.65118
          -3.95894
           1.17556
          -7.94062
          -8.64998
         -12.25556
           1.64514
          17.49261
          -0.81166
          -3.72904
           6.26380
           1.24575
           2.30446
           7.52374
          29.90894
           1.67879
          -4.10635
          -0.32339
         -14.83132
           9.05902
           8.96960
         -19.03496
           3.30772
         -12.38458
           4.98938
          22.38759
           1.37123
          -3.96220
          -6.52500
               NaN
         -18.66672
         -13.02897
           2.68403
          17.79114
          12.19682
          21.12025
          12.65994
          11.17166
          14.13183
          18.55144
          -7.53303
          -3.02748
           9.71791
          13.39734
          -1.79784
          17.05013
           6.27908
           0.07143
          14.59430
           9.25506
         -22.12574
         -12.97483
         -11.97072
           1.61024
          11.87931
          16.48796
         -16.35732
          -6.45669
           6.35862
          16.72952
           6.73979
          -2.32681
         -17.52519
          17.87226
          -8.70004
           7.02289
           2.51174
          -3.43609
          -9.17753
          13.97584
           0.83282
          19.90016
           9.60561
          16.99607
          -1.80512
          -1.64588
          30.04300
           4.12452
         -10.74195
         -14.15464
         -12.02913
           8.19906
          -2.89940
          17.22552
          -2.68602
          -1.23976
           8.91302
           5.77931
          -8.42648
          -9.77494
           7.59867
          -0.89617
           8.60831
          17.72953
           5.66274
          11.21802
         -18.62629
          13.11966
         -15.23628
           9.46822
           7.21496
           1.17708
          -2.71162
           7.65124
           2.86277
           9.43486
          16.22926
           4.50301
         -17.59771
          19.12470
          20.42538
           0.00490
           3.28783
          -6.37577
           1.07515
          -7.83078
         -13.10486
           7.00857
          -2.59787
          14.08005
           3.76717
          -3.90897
           8.11390
         -21.32894
           4.55131
           3.19603
          -1.16841
          -1.26689
           5.21114
          -0.85659
          -0.89520
          -1.95238
          -0.01981
           0.60163
           0.21890
          -2.27391
          -2.49665
           0.25307
          -0.48878
           2.41874
           0.40657
          -2.13731
          -3.38974
           3.83784
          -1.45390
          -2.92348
           0.17575
           1.37335
           4.27544
           3.07234
           1.58631
           2.07231
          -3.24191
          -0.63731
           0.18949
           0.97899
           4.19556
               NaN
           0.85141
           0.26555
           0.84090
          -1.66414
           0.38811
           3.27115
           1.74584
           2.83954
           4.71357
          -1.08134
           0.53465
          -0.24347
           4.55754
          -1.79733
           0.05306
           0.75124
          -0.95622
           2.90154
           2.30267
           4.04308
          -2.27561
           0.26408
          -0.87087
           3.89640
          -0.97111
          -3.80101
           0.81520
          -2.42186
           0.30138
          -1.21126
          -2.65804
           2.55013
          -0.52072
          -0.45045
           1.40656
          -1.10659
          -4.96120
          -0.55605
           6.26352
           3.81274
          -2.07434
           1.12726
           2.40464
           3.96019
           0.87338
           1.43110
          -2.04974
          -3.51118
          -0.89872
          -2.03182
          -2.12595
           2.22563
           1.13778
          -2.20988
           0.17342
          -0.98537
           1.56762
          -4.62930
           3.60919
          -2.73166
           2.14073
          -0.62653
           2.60470
           2.60524
          -3.08971
           0.58673
          -1.43283
           4.23527
          -3.41577
          -3.58641
           0.22067
          -0.80768
          -2.35521
          -1.75503
          -0.83359
          -2.25122
           1.71544
           1.26237
           1.53271
          -3.28423
           2.99277
           3.26270
          -2.56546
          -0.79846
          -2.21543
           2.85489
           1.18832
           4.67238
          -4.73527
           1.18261
          -3.06614
           1.38286
           0.41376
          -0.98617
           2.03574
           2.33792
          -2.06172
          -1.52038
           1.60160
          -2.44391
           4.32309
          -0.32595
           0.76538
          -1.35073
           1.25454
          -0.18657
          -1.69798
           0.07122
          -1.43251
           1.07806
          -0.57515
           0.44704
          -2.04399
           3.45017
          -1.18969
          -0.12513
           3.61875
           0.12707
          -2.53251
          -1.39886
           0.09851
          -2.43737
          -2.97992
          -0.60463
          -0.36524
          -2.75262
          -3.08218
           3.71776
          -0.72871
           0.63037
           2.83776
          -2.18621
           0.59351
          -2.37177
          -1.73053
          -0.09212
          -0.34727
           3.45857
           1.13293
           0.23656
          -2.70216
           1.23813
           0.52977
          -0.35113
          -2.70444
               NaN
           0.10892
          -1.06063
           2.11320
          -4.57508
           1.47959
          -4.57269
           0.51340
          -0.04231
          -2.65616
           2.53354
           0.58749
           0.25738
          -0.07549
          -1.50787
          -1.34944
           4.29490
          -0.55468
           1.46116
          -0.41633
           0.77569
           4.62021
          -0.48653
          -0.24331
           2.31584
           2.71802
           3.60550
           0.84184
           1.76044
          -0.28298
           1.75271
          -0.02970
          -0.28183
          -0.59432
          -2.18601
          -0.91151
          -0.14779
           0.72326
          -2.39413
          -3.74645
          -3.44791
          -0.39782
           1.56816
          -3.68709
          -1.05336
          -3.38101
          -5.85454
           3.58131
           0.62987
           0.60265
           3.05652
           1.53283
          -1.21291
           0.43262
           2.13697
           2.64309
          -1.19773
           0.64612
          -4.08522
          -0.18253
          -1.33387
          -0.29720
           2.12212
           3.48673
          -0.11220
           4.97412
          -1.75744
          -0.62004
          -4.03350
           5.49758
          -3.03474
           2.96392
          -3.35526
           3.98102
          -1.10658
          -2.60266
          -2.00355
          -2.09608
           2.18511
           0.23065
          -0.42734
          -3.40858
           2.93673
          -1.57576
          -0.03621
          -0.37537
          -0.18285
          -2.16972
           1.06806
           3.13658
           1.61427
           3.81467
           0.34591
          -5.48019
          -0.37848
          -0.26249
           1.42087
          -3.32723
          -0.32942
           1.84134
          -2.87946
          -0.40861
           0.00263
           2.78425
           0.69010
          -3.18637
           3.94415
           0.16519
           3.39744
          -0.23742
          -0.42264
           4.55893
           2.46745
          -0.50225
           1.80562
           3.81129
           0.24161
          -3.65819
           0.51358
          -0.77769
          -4.01430
           4.08550
          -3.56849
          -3.96527
           1.67450
           0.95980
           2.59878
           2.87548
          -0.38206
          -2.91750
           1.16075
          -1.34871
          -0.27847
           2.58222
          -2.04612
           0.31697
           0.87215
           4.52700
          -0.58863
          -2.17290
           0.90542
          -1.23875
           0.46902
           0.17180
           2.46770
          -4.10673
           2.66662
               NaN
           1.50840
          -2.41104
          -4.72440
           2.68422
           1.45051
          -0.09167
          -1.39583
           3.07650
           1.35950
           4.49364
           1.12447
          -0.93397
           1.49492
           1.68483
           0.01897
          -1.77141
           0.08775
          -1.01090
          -5.16157
           1.49117
          -1.51683
          -2.34169
           0.20077
          -2.84955
           2.12939
          -1.02897
           0.11973
           2.32662
           0.02369
           6.70746
          -3.30581
           2.79784
           0.33065
           4.30391
           0.16511
           1.92374
          -1.36881
          -0.78861
           1.71647
          -6.37067
           3.89448
          -1.44979
          -2.17813
           0.47006
          -1.85861
          -1.88736
           0.20040
           1.55918
          -2.94887
           1.23329
          -3.89700
           0.71396
           0.13328
          -1.89450
           2.59632
          -1.65306
           1.82871
           0.96070
          -1.14902
          -4.30741
          -1.71640
           0.63642
          -5.13190
          -1.54810
           0.82542
           4.42855
           0.06487
           2.72886
           2.54878
          -0.46698
          -1.66502
           3.46453
           1.70438
           5.25398
           3.62851
           2.97101
           3.37337
           2.11412
           0.73259
           1.80943
           0.16805
           1.30755
          -2.80483
          -2.21504
           0.73027
          -0.96256
          -1.31953
          -1.73694
           0.17295
           2.29865
          -0.97485
           4.15083
           5.73771
           0.08887
           0.97397
           0.01724
           1.59253
           1.64134
          -5.41835
           1.29762
           1.18720
          -1.31775
           1.61945
           1.56400
           0.95656
          -2.58527
          -2.40630
           0.18635
          -0.98156
          -0.53569
           1.53886
          -4.52496
           0.80639
           0.20151
           2.58625
           2.11964
           0.82493
          -1.78891
          -1.81294
           0.52449
           3.15554
           4.04643
           2.36019
          -4.56022
          -5.49227
           0.84193
          -0.62477
          -6.02728
           2.06712
           1.19105
           3.86555
           0.65026
          -0.72107
           1.27201
          -1.34630
          -2.79612
           3.01255
           1.43531
          -2.20475
           2.06357
          -2.64756
          -3.25912
           0.94085
           3.02028
          -0.79328
          -6.24724
           2.37665
          -3.09278
          -5.10875
           3.77161
          -1.82509
          -0.68386
           4.39068
          -0.38509
           0.15090
          -0.59706
           0.23557
          -3.71892
           2.75420
           1.96152
           2.79686
          -3.23303
           3.87905
          -4.70385
           5.46493
          -1.19061
          -3.10903
           0.60685
          -0.18944
           0.24763
          -0.50542
           1.69845
           0.27994
           3.55630
           2.72462
           2.41704
           2.51769
           0.78970
          -0.32284
          -1.09616
          -0.90989
           0.70715
           2.60501
           1.43940
          -0.43678
           3.22500
          -0.54856
           0.58981
           0.17157
           0.75803
           0.69485
          -2.94744
          -0.47550
          -1.74896
          -5.10986
           0.39414
           6.52083
           0.20736
           2.36300
          -1.92945
          -1.46382
           3.62898
           1.01803
          -1.16409
           3.47735
          -3.64791
          -3.30349
          -3.35054
          -0.93063
           1.67608
          -1.16325
           3.49856
          -1.40093
          -0.92024
          -1.20174
          -0.55448
          -1.12723
           1.75260
           0.39246
          -0.07315
           1.69481
           5.23940
          -1.24267
          -3.17101
          -0.49894
          -2.60545
          -0.84052
          -2.41616
          -0.34458
           2.48187
           1.87395
           0.67492
           1.79275
          -0.15031
          -2.25892
           1.16805
          -4.72891
           0.91009
          -0.56386
           1.24215
           0.69685
           2.09786
          -1.82599
          -0.58330
          -2.70124
           4.79009
           4.48619
           5.12579
          -3.56110
           5.34986
           0.15740
           1.02795
          -2.84003
          -3.25546
          -0.75597
          -1.99430
           0.15225
           0.34798
          -0.74873
          -4.37188
           0.40762
          -0.62097
          -0.57268
          -0.05433
          -0.32566
          -1.87113
          -6.09607
           0.21501
           2.85591
          -3.70610
           1.55378
          -0.53235
          -2.53218
          -2.80074
           0.68745
          -0.90008
          -1.34986
           3.15443
          -3.03660
          -4.97781
          -5.83729
          -0.89867
           1.69049
           1.57667
          -0.88666
           1.50255
           2.54350
           2.49217
          -4.72107
           4.23551
           2.90082
          -0.65236
           3.63885
           0.72447
          -1.59024
           0.39101
           4.03087
          -0.00988
          -2.59207
           0.79583
           0.27546
           1.78206
          -2.25572
          -2.36461
           2.93666
           4.08188
          -4.20151
          -2.30031
          -1.82578
           2.16397
           1.63872
           5.14829
          -0.45919
          -0.99938
           0.07637
          -0.74260
           3.26145
           1.38744
          -0.34199
           0.58347
           1.42078
               NaN
          -5.27131
           0.68239
           5.58031
          -0.41452
           3.29764
           0.47963
          -4.03806
          -3.83040
           3.00853
           0.47808
           4.79645
           4.41392
          -2.71102
          -2.89258
          -1.31441
               NaN
          -1.56291
           4.19121
           0.33176
           2.23341
           0.77423
          -2.21852
          -1.67930
           2.34759
           2.56451
          -0.72296
          -5.96754
           2.44872
           0.35605
          -1.02285
           1.16609
          -2.35700
           1.82794
          -3.63421
           1.04943
           4.30710
           0.51120
          -0.35469
          -1.28738
           1.46995
           3.85036
          -0.89731
          -1.44580
          -4.51731
           4.43941
           0.69095
          -1.32181
           3.38816
           4.24695
          -1.02050
           1.33392
          -1.65690
          -0.13425
          -0.28149
           1.87379
          -3.91285
           2.01170
          -2.25576
          -6.08817
          -2.61549
          -4.27973
           0.60029
           3.09271
          -0.60083
           1.18099
          -4.45390
          -5.21598
           0.62987
           1.10025
          -2.65009
          -0.44988
           0.73280
           4.06374
          -3.95323
           0.74341
           2.17387
           2.58531
           0.18115
          -0.13901
           1.87319
           3.88725
           3.58967
          -3.29741
           2.88408
          -1.00862
          -3.51366
          -4.45008
           1.52504
           1.07078
          -3.52237
          -3.64092
           4.15729
          -0.54488
           0.01266
               NaN
           0.74491
           0.77935
          -0.37897
           1.99132
           2.05497
          -3.16868
          -3.24739
          -2.48375
           3.68669
          -3.57049
           0.33290
           5.15492
           3.56163
          -1.62556
          -0.00909
          -2.37026
           2.58659
           0.64255
           0.74880
           3.63051
          -0.28765
          -5.51338
           2.45302
          -1.07111
           0.23259
          -2.24498
           1.75790
           2.02854
           4.61462
           1.64112
           1.22227
           2.27798
           0.14144
           0.02908
          -0.81745
          -3.42786
          -1.37252
           3.32505
           0.72684
           1.22242
           0.82205
           2.37316
           1.47281
          -3.16854
           2.34191
          -4.82206
           0.85578
           0.72552
           0.30159
           1.23471
           2.15466
          -2.72349
          -0.95630
           1.39075
          -2.85830
           0.46146
           2.64948
           5.13600
           4.82720
          -4.46544
           0.77500
           1.72856
           0.23511
          -4.09054
          -1.90892
          -1.04212
           0.86747
           1.94122
          -2.60958
          -3.13389
           1.27723
           0.38890
           1.02762
           1.81818
          -2.40770
          -1.07250
          -1.67907
               NaN
          -1.00314
           4.95116
           0.00544
           0.24011
           2.73074
           1.92747
           3.75701
          -3.24447
          -0.89767
           3.39227
          -2.58794
          -3.76635
          -2.46500
          -0.05449
          -2.75541
           3.21389
          -0.73761
          -2.56716
           3.88378
          -1.58782
           1.48780
           2.60840
          -0.89474
          -0.89481
           2.59611
           0.72514
           0.62857
          -2.76441
          -1.08057
          -0.37973
           1.59399
          -0.17370
          -2.48271
          -2.88829
           0.86986
          -0.17239
           0.52491
          -3.03139
          -3.32760
          -3.89433
           0.22669
          -1.71198
           0.76107
          -0.48157
           0.56288
           0.51833
          -2.04740
          -0.08606
           5.16617
           0.31766
          -1.63706
          -0.81331
           3.18207
           1.31722
           0.85844
           2.68372
           6.31627
           3.67144
          -1.25827
           2.19192
          -3.51498
          -2.32450
           0.30194
          -0.98575
           5.43587
           1.62564
           0.35654
          -2.39939
          -1.07810
          -0.41981
          -1.94539
           3.00560
          -2.86732
           2.00661
          -2.39992
           0.50860
          -0.30927
          -0.10231
           1.36617
          -0.80114
           0.54613
          -1.15261
           0.71665
          -2.53850
          -0.65046
           1.75110
          -0.41721
          -3.84548
           2.86042
           2.03208
          -1.91427
          -2.50136
          -2.34859
          -0.05982
          -5.49957
           0.20225
           0.15070
          -4.89765
          -4.28039
           0.02760
           0.58363
           2.11893
           0.08822
           2.07712
          -4.14686
           3.18941
          -3.56119
           4.02334
          -1.76938
          -2.99524
          -1.19658
           1.92781
          -3.05928
          -3.36246
          -1.33122
           1.76361
          -1.14270
           1.89651
          -1.65772
          -1.65663
          -2.21748
           2.75194
          -0.24287
          -1.75260
          -0.20608
          -0.50730
          -0.53958
          -1.12645
           0.58578
          -2.73172
           0.36417
          -0.96883
           0.51220
           6.61604
           2.56111
          -1.61827
          -1.35799
           0.54358
           2.47085
          -3.58410
          -0.59411
           1.55532
           2.86221
               NaN
          -2.23443
           1.59351
           2.89991
          -1.04821
          -1.46118
           0.90699
           2.10973
           0.60573
           1.93873
          -1.14522
               NaN
           2.94714
           2.62214
          -0.12858
          -2.17759
          -1.66192
          -2.96595
           1.06117
           3.20473
          -0.16419
          -0.32130
          -2.71773
           0.30395
          -0.10563
          -1.54851
          -1.63327
          -1.26371
           0.11233
          -1.91602
          -0.59941
           2.50561
           0.28098
           1.83281
          -1.28680
           4.03851
          -0.99252
          -0.19361
          -2.36838
           2.76182
           1.35544
          -2.91219
          -3.17338
           6.54328
          -1.42469
          -1.68546
          -3.85570
          -3.03420
          -0.89842
          -0.06046
           4.31924
          -2.38282
          -0.93845
          -2.12135
           0.47933
          -2.75773
          -2.54002
          -0.04545
           1.57838
           3.17095
           4.34894
          -0.81850
           5.32286
          -4.09703
          -0.89003
          -1.93371
           0.76919
           1.07921
          -4.93782
           0.82566
           0.58270
           1.62059
           0.80864
           0.57367
           3.99481
           1.75703
           4.30474
           7.33496
          -0.13017
          -0.47815
           1.26133
           2.60118
          -2.30191
          -1.90622
           0.94441
           1.81111
           2.04991
           3.62980
           4.55620
          -3.04054
          -0.32680
          -1.97479
           6.14437
          -1.48572
          -4.71487
           3.01673
          -2.10986
           0.76057
          -0.83541
          -5.75035
          -0.91153
          -1.95928
          -1.71393
          -1.80864
           1.01647
          -3.56886
           0.10627
           7.91190
           2.59329
          -2.67761
           1.47001
           4.70831
           2.36894
           1.93220
           1.54839
           1.89884
          -2.96681
          -2.54915
          -1.30422
          -2.84691
          -0.85442
           3.19419
          -2.78240
           1.55310
          -1.39670
           2.73062
          -2.86206
           2.51989
          -2.96227
           0.63859
          -1.40268
           0.43706
           2.03338
          -3.35828
          -1.34938
          -1.65804
           5.93255
          -1.30393
          -2.50092
          -0.62138
           1.19678
          -2.17692
          -3.15070
           0.20739
           0.50500
           0.53918
           2.75770
           2.70663
          -3.49201
           4.28753
           3.70358
          -0.61544
           2.92903
          -3.08146
           1.49849
          -1.57917
           5.85923
          -4.22200
           0.57446
          -6.82726
          -1.44007
           1.95368
           0.34226
           2.93344
           2.61248
          -1.92611
          -4.11987
           0.81192
           0.25097
           5.34439
          -1.19910
           2.47856
          -1.51042
          -0.75675
           1.27584
          -1.20929
          -1.47160
          -0.03372
          -1.44617
          -2.59591
           1.73099
          -2.79004
           2.45495
          -1.36367
          -1.34378
           2.35305
           2.31617
          -4.10575
          -2.60387
          -0.45098
          -3.24167
          -2.36732
          -3.03922
          -4.31024
          -2.98662
          -5.82259
           2.50648
           2.54349
          -0.86431
           3.42320
          -2.63022
          -0.90443
           0.24158
          -3.27308
          -0.06969
           0.64691
          -0.11440
           4.86707
           2.24034
          -1.15648
           1.31994
           0.73146
          -1.13650
          -6.25920
               NaN
          -1.36765
          -1.79433
           1.24664
          -1.01155
           2.88327
          -4.70560
           2.43055
          -4.41498
          -0.82436
           3.86888
           0.65040
          -0.61680
           1.50721
          -4.86469
          -0.57125
           3.25675
           0.13180
           2.32396
          -5.02936
           1.63865
           3.04369
           3.99545
          -2.49668
           2.59549
           0.48868
           3.45964
          -0.38498
           2.04358
          -0.69058
           0.19334
          -0.82795
          -1.82162
          -2.59571
          -1.04511
          -0.32973
           0.97002
          -1.60401
          -1.97288
          -3.72321
          -3.93319
          -0.48934
           0.43714
          -4.12660
          -0.02769
          -3.28330
          -6.80197
           6.40547
          -2.26478
          -0.71896
           1.28027
           1.27767
           2.82948
           0.85469
           2.76884
           2.32939
          -1.15829
          -0.83598
          -1.59416
           1.30669
          -1.92553
           0.50251
          -2.02971
           1.96835
           0.03237
           4.79135
          -0.95526
          -0.98038
          -0.14417
           5.38069
          -4.06477
           3.43867
          -5.55162
           1.14726
          -1.47264
          -3.56719
           2.48664
          -4.64427
           3.74627
           0.83981
          -3.24077
          -2.35302
           0.71588
          -1.47473
          -0.41639
           1.32756
          -1.12693
          -4.28885
           0.12731
           3.27652
          -2.92116
           0.78252
          -0.98320
          -6.92570
           0.71969
           3.70400
           3.27752
          -5.47951
          -0.85002
          -1.06461
          -3.44907
           0.62843
          -2.34789
          -1.12726
           1.46420
          -1.73544
           2.20341
          -0.55412
           1.81347
           3.10230
           1.01943
           6.67124
           1.67913
          -2.74399
           2.30630
           5.31746
          -0.57500
          -3.69858
           1.41271
          -1.71654
          -6.32672
           5.00900
          -2.22065
          -4.67027
           3.41593
          -6.04542
           1.30568
           2.99987
          -1.50786
          -3.50499
          -0.49532
          -0.46517
           0.25337
           2.37356
          -1.70990
          -0.38106
          -0.33719
          -0.73884
          -1.72625
          -4.39601
          -1.16676
          -2.97929
          -0.03373
           2.82884
           3.92192
          -3.64647
           7.24302
           7.27148
           0.79440
          -6.93563
          -6.24238
           1.75259
           1.09231
          -0.97802
          -2.44064
           3.25181
          -0.93921
           4.90413
           3.87300
          -3.14737
           1.68596
          -2.16629
           0.90830
          -3.25075
          -0.54792
           1.41339
          -4.98341
           1.46144
          -2.44529
           1.02042
           3.95963
          -6.12844
           0.12149
          -0.28894
          -0.32755
          -0.09665
           1.35230
           4.88507
          -3.62375
           1.37176
           0.98630
           5.34029
          -2.06345
           0.14811
           0.82874
          -2.04319
          -0.40253
          -6.83238
           3.86867
          -0.16768
          -2.69912
           0.24968
          -2.80348
          -2.34593
          -3.40831
           4.65756
          -5.65639
          -1.70879
           0.02267
           0.87688
          -1.85789
          -2.71302
           3.70262
           0.15385
           2.97144
          -0.93941
          -1.18719
          -6.33651
          -0.88841
           2.46755
          -7.04369
          -2.26970
           0.72175
           2.34648
          -2.34899
           2.86618
           7.28106
          -0.21772
          -1.13140
           4.57736
           0.71324
           4.13630
           4.16799
           2.74029
           3.16950
           0.81166
           0.64945
          -0.74402
          -0.67010
           1.51335
          -3.68568
          -0.60427
           0.96548
           1.57844
          -3.78844
          -0.36403
           3.55448
           1.09406
          -4.09493
           3.53416
               NaN
          -1.58625
          -0.55149
           2.32351
           0.68278
           0.36148
          -7.41362
          -0.76665
          -2.84473
          -3.90334
           2.39038
           1.03589
          -2.74339
          -2.56682
          -1.63282
          -1.26078
          -0.79662
           0.62675
           4.23035
          -2.88174
           3.30516
           0.19334
           0.46535
           3.01856
           1.51423
          -0.10567
          -4.27070
           3.59347
           7.33434
           4.25696
           3.45515
          -5.27313
          -4.65567
          -4.92318
           0.57156
          -8.53799
           4.07887
           1.12848
           6.80826
           2.12297
          -0.50412
           1.50042
          -1.10277
          -3.36118
           4.28886
          -0.89431
          -4.63941
           0.73060
          -1.02918
          -1.97083
          -0.48879
           3.49679
           1.63782
          -6.37061
           0.54356
          -3.03398
          -4.05980
           2.59446
          -2.22265
           0.83510
           2.84671
          -4.96844
          -0.26644
          -0.01149
          -0.20486
          -4.36148
           4.09900
           5.90954
           2.88786
          -0.55276
           0.66844
           0.16908
           3.67081
          -3.03707
          -3.93949
          -1.95069
          -0.65866
           0.66839
           0.24214
           0.87616
          -1.39301
           1.14925
           1.21499
           2.14788
           2.80505
           3.67784
          -0.61427
          -2.78275
          -0.51761
          -0.84835
           1.21012
           2.85726
           0.47218
          -0.44333
           0.54607
           1.73728
           2.16776
           0.65744
           1.14871
          -4.23967
          -1.29995
          -1.98218
          -4.70295
           1.68358
           6.77999
           0.38503
          -0.01569
          -0.16727
          -3.33929
           0.79499
          -3.34376
          -1.73114
           2.47847
          -4.58585
          -2.40546
          -3.00446
          -0.36000
           1.93857
           0.16945
           4.66501
           0.51409
          -2.19883
          -0.56147
          -1.89241
           1.09583
          -0.73274
          -5.24345
          -2.92625
           1.98651
           8.11761
           1.83360
          -4.39446
          -2.48333
           0.20449
          -0.13902
          -3.20976
          -0.35376
           2.82784
           1.68903
           2.56635
           4.31094
          -1.00000
          -3.92418
           1.31069
          -5.38098
          -1.00445
           2.05667
           1.92515
           2.01819
           2.30053
           1.01921
           0.03049
          -2.79739
           2.57913
           2.79593
           6.64269
          -3.78358
           5.87896
          -1.27272
           0.02028
          -2.82715
          -3.99166
          -1.46289
          -1.10060
           1.91628
          -0.37006
          -2.33055
          -0.48245
           1.31975
          -0.70200
           1.67464
           1.03214
          -0.70809
          -0.02699
          -6.48929
           0.97357
           3.32123
          -4.60766
           2.99968
          -0.50770
          -5.24777
          -2.38430
          -1.13027
          -1.41075
           1.02144
           3.83486
          -3.38098
          -4.25906
          -8.34551
          -2.24635
           4.91482
           3.27467
          -1.76344
           1.74383
           3.76287
           3.32264
          -3.75863
           3.00148
           2.65679
           0.02512
          -0.14964
           1.76071
          -2.18665
           0.62545
           1.22495
          -0.67384
          -0.06610
           0.10932
           0.76423
           3.72467
          -3.65784
          -1.55524
           1.78382
           4.00546
          -4.66141
          -5.66410
          -2.71013
           0.22243
           0.62002
               NaN
          -0.46987
          -2.19399
          -0.22074
          -4.81116
           3.62571
          -3.28030
          -2.07986
           2.51630
           0.98953
          -8.26134
          -7.51568
          -0.27176
           2.39533
          -1.29332
           6.14431
           0.71401
          -6.00792
          -3.68727
           1.17956
          -1.53154
           4.47085
           4.83385
          -3.87284
          -0.38187
          -2.27797
               NaN
          -4.94409
           5.92495
          -1.99582
           4.21039
           0.26550
          -4.77168
          -1.08509
           0.91403
           3.01714
          -0.48860
          -7.78986
          -0.00330
          -0.50191
          -0.40595
           0.69489
          -2.03841
           1.98424
          -3.80290
           1.59378
           3.32158
          -0.98715
          -3.26839
          -3.49216
           1.49249
           0.82044
          -2.67268
          -0.46712
          -2.70728
           7.86089
          -2.17761
          -2.06897
          -0.82919
           6.32016
           1.02668
           5.51464
          -1.87429
          -0.26248
          -0.46302
          -0.01107
          -0.30728
          -0.68898
          -1.02361
          -2.59769
          -4.20379
          -4.91767
          -0.23388
           0.06598
          -1.72182
          -0.03315
          -5.83779
          -5.95289
          -2.36774
          -0.61946
          -2.83017
          -0.71253
           0.79417
           4.50483
          -3.29039
          -1.58936
           2.20358
           5.13656
          -1.88750
          -0.46158
          -2.35143
           2.37778
           3.40150
          -6.13394
           5.25490
          -1.17073
          -4.78069
          -4.83793
           1.15739
           1.61339
          -2.16927
          -7.88391
           5.49245
           0.61537
           0.87044
           6.60186
          -2.12557
          -0.60476
          -2.88387
           0.34138
           5.74551
          -6.92239
          -1.54516
          -1.69326
           6.47593
          -3.46248
          -0.15357
           4.50785
           2.11209
          -2.06670
          -2.12403
          -4.01294
           3.12836
           3.30430
           0.72210
           2.34818
          -2.23160
          -5.14496
           4.46513
           1.66996
           1.93316
          -3.13282
           2.00800
          -1.13779
           5.82479
           1.08385
           1.98388
           3.52842
          -0.12538
           2.56038
          -0.44693
          -3.12664
           0.91710
           6.59734
           0.68551
          -0.78289
           2.51972
           2.05752
           0.44261
          -3.20874
           2.29371
          -3.87019
          -1.36557
           1.16918
           2.10857
          -2.94174
           4.46818
          -3.21851
           0.30097
           0.41410
          -3.26688
           1.05314
           0.06176
           4.75214
           5.33268
          -2.26064
           0.12271
           1.75219
           0.70765
          -6.05236
          -2.70469
          -3.79056
           0.25870
           1.30523
          -3.67914
          -3.55072
          -1.51154
          -0.73730
          -0.24511
           2.61721
          -1.28971
          -5.80311
           1.54232
           4.08648
          -3.00431
           6.96560
          -2.29474
          -2.20632
           2.20137
          -0.40241
           3.81591
          -2.90488
           1.00137
           3.64221
          -3.19070
          -3.66165
           0.07734
          -3.76821
          -4.57798
           5.31839
           2.09210
          -5.42155
           7.44258
          -2.46280
           0.85375
           2.68032
          -3.59670
          -3.49526
           3.54744
          -2.92112
          -1.21176
           0.67326
          -1.32822
           2.51902
           2.13699
          -0.25961
          -1.31992
          -7.00545
          -0.49637
           1.02985
           4.33521
          -0.09472
          -5.66579
          -1.59081
           0.62637
          -0.23630
           0.11790
          -1.48890
           2.92391
           2.62872
          -4.26172
           2.28702
           3.11313
           0.83314
          -1.89874
          -1.29077
           1.80421
           1.01442
           4.69157
           3.26726
           4.81424
           4.39837
          -0.17527
           5.22920
          -3.05926
          -4.59456
           0.32761
          -0.24739
           4.68213
           0.84894
          -0.60010
          -3.53113
          -5.09603
          -0.79848
          -0.22349
           2.85261
          -1.41541
           0.31001
          -3.87167
           2.87050
          -1.48098
           1.68870
           0.05912
          -3.74645
           0.10840
           0.03321
           1.99097
           2.14811
           1.57774
           3.10386
          -1.24152
          -5.83064
           0.55386
          -1.78248
          -2.83115
          -4.21431
          -5.39115
          -2.24383
          -5.18581
           0.75071
           0.14065
          -7.16867
          -4.31238
          -3.23065
           0.22556
           2.02527
          -1.85346
           1.73982
          -1.27270
           4.82140
          -1.08988
           3.19435
          -4.08329
          -4.78834
           1.36316
           2.52813
          -4.36234
          -5.02939
          -2.16451
           2.82223
           1.93053
          -1.26450
          -1.18493
          -1.16742
          -3.35124
           2.73831
          -0.00031
          -4.02512
          -0.55975
          -3.51224
          -2.65829
          -1.96244
           2.63282
          -1.22989
          -4.98085
          -1.90330
           1.51848
               NaN
           3.96903
          -1.69017
          -0.54231
          -2.86020
           2.42201
          -3.90858
          -1.72621
           0.02695
           3.42708
          -6.83771
          -1.31968
           1.76194
           2.88351
          -3.35764
           0.27142
          -0.57814
           4.29234
          -0.95274
           5.18553
          -2.31103
               NaN
           2.16329
           4.01092
           0.54003
          -2.77161
          -3.83873
          -5.39584
           1.41819
           6.31378
          -2.50577
          -3.18413
          -3.12081
           0.39631
           1.25296
          -2.42180
           0.26920
           0.46982
          -0.57271
          -0.45636
          -2.88043
           1.30406
           1.06804
           2.44012
           1.91201
           2.95509
          -0.87317
          -2.59040
           0.33992
           8.78407
          -4.08338
           2.04709
          -0.17125
          -9.59369
           3.55751
           2.99687
           0.03353
          -1.71249
           1.93280
          -1.11360
          -0.35360
           4.47559
          -3.88615
          -5.23999
           8.73707
           0.44807
          -3.48285
           0.49844
           1.07428
           5.88661
           1.21010
           5.09432
          -2.66941
          -1.99450
          -0.26865
           3.28670
           1.28502
           8.74154
               NaN
           0.88896
          -0.19709
          -0.29648
          -5.27129
           0.11743
           2.21551
           1.72951
           0.70218
           0.88962
          -2.46885
           2.01207
          -2.43860
           7.41139
          -1.06128
           2.91116
           0.46945
          -4.99306
           4.14386
           0.36673
           3.29456
          -1.15978
           1.12602
           0.73946
           0.61717
          -0.22043
          -2.46794
          -2.39629
          -2.87699
          -0.36846
          -1.75952
           1.85287
           7.59982
           1.57779
           1.39265
           6.09673
          -4.20361
          -6.99226
          -1.52220
           3.85896
           5.59162
          -1.19431
           0.62729
          -0.95584
           6.28143
          -0.67117
           1.26001
          -7.80972
          -4.30528
           1.50883
          -3.09321
          -1.07426
           6.71866
          -1.86200
          -1.37473
          -1.83918
          -0.38536
          -0.12889
          -7.20726
           5.19820
          -2.39527
           4.33197
           0.50567
           5.76673
           3.43944
          -2.69793
           3.41103
          -1.10430
           1.75937
          -6.49643
          -5.16986
           1.44900
          -3.73168
          -2.61529
           0.28091
          -2.35213
          -6.27184
           3.43131
          -0.91892
          -0.17973
          -2.98113
           1.10403
           2.61955
          -5.41005
          -6.23592
          -0.95211
           4.83354
           5.22540
           2.94108
          -5.48400
           2.06973
           2.42040
           5.50080
          -1.83260
          -2.92402
           0.72623
           1.93741
          -2.25954
           2.27161
           2.75353
          -6.37507
           2.83326
           0.94775
          -1.73373
          -1.11779
           4.18849
          -2.31986
          -2.41086
           2.32181
          -3.47299
           4.76027
           2.37264
          -1.42593
          -0.95569
           4.90193
          -0.93589
           1.65259
           5.46509
          -3.06626
          -0.23755
           0.35896
           0.90009
          -1.26409
          -3.87357
           2.94682
           5.38952
          -2.41127
           0.91539
           5.48471
          -5.50202
           2.81073
           1.98376
          -1.53851
           2.77863
          -6.18397
           0.51966
          -0.12485
          -1.79754
           8.67063
          -4.31425
          -2.68646
          -4.95691
           1.11879
           0.23555
           0.79452
           2.48106
          -3.39342
           2.26286
           0.00966
           3.37731
          -9.77338
          -0.56804
          -4.37881
          -2.28323
           6.33631
          -5.32828
           0.58561
           0.49571
           1.53259
          -2.38425
           3.38887
          -2.48462
           5.80931
          -1.55609
           0.20255
           6.31293
          -0.48315
           6.91997
          -7.02461
           3.04378
           1.90790
           5.97006
           3.81827
           2.63146
           1.34743
           0.31161
           4.02744
           1.13475
           1.96434
           2.32520
          -3.85029
          -1.76017
          -1.77840
           4.11817
          -3.00863
          -3.78036
          -2.74002
          -0.26432
           3.21804
          -3.04595
          -2.54954
          -3.52354
          -4.47248
          -0.53843
           4.85243
           2.53054
           5.64762
           1.90503
          -7.10972
          -0.18307
           1.21523
           3.10069
          -1.25526
           2.80814
          -7.71905
          -2.35492
          -0.47080
          -1.46377
           8.17860
           5.70167
          -0.32311
           5.24073
          -2.92762
          -0.09439
          -9.70705
           5.66808
          -1.53219
           2.27138
          -0.15132
           8.11475
          -0.57260
          -1.19566
          -8.55361
           1.62109
          -0.09221
          -0.65797
           3.67675
          -4.94839
           6.17639
          -1.72313
           0.51838
          -2.85953
           1.19432
           0.92155
           2.44037
           2.93244
           8.23033
           8.23781
           2.28475
          -3.37156
          -1.98045
          -6.04860
          -1.28751
          -0.18760
           0.43001
           6.08040
          -2.04854
          -1.92139
           3.43145
           8.49017
          -0.43912
          -5.30291
           6.48344
           1.21448
           5.70805
          -5.10924
          -2.52626
           1.47760
           3.61742
           2.76789
           1.07527
           1.61419
           1.43285
          -3.59928
          -0.79801
           0.59187
          -0.64106
           2.73835
          -5.53465
          -2.93685
          -0.86581
               NaN
           4.48509
           2.69402
           1.26019
          -2.06050
           3.57654
          -2.63757
          -1.05429
           2.88660
          -2.53658
           1.33521
           2.63627
               NaN
           1.07087
           1.07005
           3.92820
           1.30026
           1.20241
          -3.70414
           0.34636
          -4.77813
          -4.00920
           6.11446
           2.54996
           4.18918
          -2.51005
           4.04323
           1.97305
           1.20129
           0.12829
           2.82077
           4.71275
           3.89484
          -2.88496
           2.29482
           1.21624
           7.30263
          -1.27835
           0.38658
           1.01503
          -4.54734
          -5.42147
           1.53455
          -0.16243
          -7.24616
          -5.28247
           1.93351
           5.05841
          -2.10847
           0.77218
           5.86155
          -1.91440
           9.36585
          -2.84200
           4.87813
          -0.62576
           2.79210
           3.41600
           4.51393
          -4.57448
           1.04151
           4.80757
          -5.69716
           3.93212
          -3.32008
          -1.41814
           0.79154
          -0.48028
          -1.21842
           5.46461
          -2.96058
           1.00072
           5.52504
          -9.61480
           0.47629
           3.03789
          -0.70049
           0.98251
          -4.28890
           0.16177
           3.73248
          -1.09333
          -1.34747
          -2.92424
          -2.03475
          -2.34308
          -0.49546
           0.97664
           7.46575
           3.58608
           2.52853
          -4.35442
          -0.83059
          -2.44344
           1.84119
           3.15021
           6.88439
           2.84154
           3.30757
           3.67076
           4.01408
           0.85386
           5.53427
           1.39071
           1.00735
          -1.51988
          -4.56474
           0.38716
          -4.66925
           2.28200
          -3.73966
          -4.75985
           4.05584
           3.57655
           5.05040
          -0.52032
           2.53245
           3.19922
          -3.34702
           2.91961
           3.50834
          -2.50776
           4.30888
           7.06877
           2.45398
           0.49486
           2.33438
           6.35387
          -2.61220
          -3.53461
           2.29736
          -1.25133
          -2.23141
          -2.38734
          -6.92202
          -2.83869
           0.21344
           5.68011
           0.80835
          -0.18058
          -4.24434
           1.77231
          -3.95238
          -2.94027
           3.73932
           0.76292
          -3.52028
          -6.71267
           9.25178
          -2.36992
          -2.36478
          -0.86750
           1.28233
          -0.42712
          -1.49805
          -1.03754
           0.93882
          -1.70154
          -1.97183
           1.15074
           4.83365
           1.34682
           4.00804
          -5.00836
          -5.13842
           3.02633
           2.32518
          -4.33964
          -6.06728
           5.05066
          -3.17855
          -6.63891
           5.48879
          -1.24514
          -2.89965
           6.64294
           6.30085
           0.75970
          -1.45126
           0.87804
          -2.78157
           0.79248
          -3.79764
           2.66412
          -7.14288
           8.56252
               NaN
           8.08209
           1.50290
          -1.89761
           4.33765
           0.49504
          -0.36616
          -1.59592
           2.89796
           2.72037
           7.06759
           4.92679
           2.80966
           2.09850
          -3.42336
           0.10227
           1.36414
          -1.48214
           2.97624
           4.63980
          -0.62889
          -1.76273
           8.57619
          -2.14535
          -1.08406
          -2.74036
           0.90477
           0.03278
          -1.06240
           0.72717
          -1.40876
          -5.70343
          -1.48684
           6.14278
          -0.05181
           5.83291
          -4.50002
           1.27203
           7.76306
           7.38078
          -0.33689
           4.93447
          -2.27969
          -4.61348
          -3.85539
          -1.76304
           1.29318
          -3.10734
           1.79699
          -4.19445
           0.94491
          -2.13574
           1.39722
          -4.37012
           5.37808
           8.61385
           4.08881
           1.26930
           1.04083
          -5.73018
          -1.38632
           2.39578
          -6.70443
          -1.86383
          -1.25850
          -0.33118
           1.97718
           2.14369
          -2.08420
          -1.88066
           1.08917
           0.17026
           0.95996
          -3.77769
           3.70294
          -4.38654
           0.24582
          -1.23066
           1.80222
          -5.97642
          -1.47866
          -2.56099
           8.01533
           6.95184
           2.91302
          -3.23655
           4.57803
           2.24358
           2.49788
          -2.85881
          -2.18152
           0.27525
          -3.29798
          -2.42104
           1.39542
           1.55875
               NaN
          -0.92295
          -0.50277
          -3.85095
          -1.63921
           0.23221
          -4.56127
          -5.52245
          -0.89155
           2.17713
          -2.39095
          -0.55541
          -0.56831
           1.42918
          -3.40824
           3.33906
          -0.15515
          -4.80899
           2.16185
          -2.53422
          -6.02629
          -2.17842
           1.06725
          -3.01300
          -0.90028
           0.39233
           1.15058
           0.76474
           1.28072
          -6.12502
           6.03565
           3.25681
          -1.64062
           9.16529
          -0.78714
          -0.72023
           0.04903
           8.12399
           0.95868
          -6.27684
           1.79728
          -0.43753
          -1.05173
          -0.21037
          -3.54528
           4.61835
           4.19337
          -3.53064
           2.60661
          -0.53575
           4.99620
           3.12473
          -0.52850
          -0.44360
           0.74325
           0.50977
           5.19240
           2.73008
           8.19650
           2.19313
          -2.23605
           2.04986
          -8.69647
          -1.99734
           2.07425
          10.22638
           0.86741
          -0.85493
           0.13773
          -1.16453
          -4.03919
           5.67653
           3.40963
           5.27141
           3.80136
          -1.01623
          -6.55508
           0.09118
           6.83880
           3.36936
           1.66213
           3.72712
          -0.65051
           1.51633
           1.50590
          -2.54610
           4.43879
           1.90425
          -1.06483
          -3.30924
           6.02561
           1.60759
          -1.92276
           1.85346
          -2.82174
           1.59992
          -3.38813
           0.25536
           5.74474
           2.69691
           3.89565
           1.92883
           1.43707
           8.27025
           1.69251
          -2.87344
          -7.15769
          -0.55166
           4.87545
          -0.23189
           9.54021
           1.22265
          -4.00682
          -4.76471
          -1.33979
           0.05282
          -0.01668
           4.62332
          -9.17245
           5.95130
          -4.05315
               NaN
          -0.29856
          -3.34913
           1.81713
           7.50794
           1.03441
           2.95211
          -2.43516
          -4.14101
           5.00263
           3.60887
          -2.38740
          -0.06673
           0.64327
           3.42030
          -4.92015
           4.14634
           2.13052
          -1.13631
           3.19879
           0.33155
           8.03585
           6.08919
           3.86415
           0.84038
          -0.57434
          -0.77214
          -1.66538
          -3.88431
           2.06134
           0.27925
          -5.49619
           2.54853
           2.20964
          -2.23739
          -1.23863
           7.90469
           4.93220
           2.79842
           3.27505
           4.39817
          -3.32859
           2.30705
          -5.73051
          -3.63687
          -0.38210
          -3.72804
           1.04254
           6.09883
           5.67616
          -0.98205
           3.07608
           0.02600
           1.79628
          -3.24026
           0.78775
           5.50112
           2.54807
          -6.05080
          -0.48215
          -5.06965
          -2.24810
          -0.94985
           1.39308
           6.64741
           2.84927
           2.45403
           0.11126
           0.45390
           0.53067
          -3.66345
          -1.35794
          -3.86727
          -4.71249
          -1.44841
           0.78714
           4.14766
          -1.65441
           2.83360
           2.97561
          -3.10989
           2.41222
          -6.21059
           4.09618
           0.07834
          -2.33433
           7.32709
          -1.22019
          -2.00139
          -2.79036
           2.81543
          -2.26229
          -0.40166
           6.42431
           5.69596
           4.08982
          -7.68168
           1.72652
           1.69408
          -0.45420
          -1.22873
          -0.74810
           2.96716
           1.75550
           2.86897
          -1.04937
          -2.52585
           5.34534
           2.03173
           2.88420
           0.65261
          -4.03856
           5.82827
          -6.37827
               NaN
           1.91607
           2.01260
           3.36084
           3.80884
           3.50296
           5.32616
           3.67108
          -3.73983
          -3.66789
           3.02767
          -1.70866
          -3.91907
          -6.17363
           5.36290
          -0.09674
           0.14395
          -4.86544
           1.59666
          -1.30760
          -0.31145
           2.41271
           2.50349
           3.04674
           2.89860
           1.20836
           6.04410
           3.31314
          -7.77910
          -0.71931
          -4.60828
           0.80189
          -0.04838
          -4.17893
           3.11760
           2.86284
          -1.92617
          -5.03336
          -7.31525
           0.08324
          -7.25457
          -0.35634
          -3.86463
           1.69928
           0.98786
          -2.88127
          -2.56021
           1.18273
          -3.54779
           8.16105
          -0.43431
          -1.25535
          -0.11680
           5.19202
           1.75893
          -4.73314
           1.83248
           8.50734
           2.61103
          -2.83810
          -2.23871
          -4.17976
           0.98694
           0.26450
          -2.06283
           6.53539
           2.75866
           1.75203
          -0.74847
           4.78306
           0.13257
          -4.45721
           3.22877
          -4.98529
           4.48151
          -0.25300
          -2.93681
           1.39995
          -2.71494
           3.27283
           3.49534
           1.18467
          -2.88242
          -1.14227
          -9.37507
          -3.90083
          -0.22224
           0.78525
          -0.94963
           6.22512
           7.59656
          -0.57677
          -0.00261
           2.08976
           3.12610
          -5.95728
          -0.59781
           0.16535
          -1.58482
          -4.23372
           4.78056
           1.10597
           2.25554
           2.92064
           2.56915
          -8.33953
           0.80875
          -7.16622
           5.23263
           1.60603
          -0.37956
          -4.93060
           1.05211
          -1.15845
          -0.93081
          -0.11564
           0.21936
          -5.62578
           6.50763
          -2.34740
          -2.37026
          -0.56361
           2.77182
          -0.59670
           1.56243
           0.30984
           3.87615
           2.55108
           0.09304
          -2.40034
          -4.92251
           8.16123
           0.39433
          -0.95570
           2.55431
           0.50731
          -1.51339
          -2.54786
           5.50883
           2.54209
          -3.11076
           1.05735
           3.78482
           2.03820
               NaN
          -3.56882
           1.34780
           2.92384
           2.32067
          -3.98860
           3.07343
          -1.07414
           2.87915
          -2.79753
           0.55542
          -4.68183
           4.09058
           0.59626
          -1.10391
          -1.31106
           1.51348
           0.57864
           0.54037
          -1.33058
           3.25157
           3.85485
          -2.12974
           0.16922
          -2.08748
          -0.27460
          -4.40849
          -3.79249
           1.11162
          -4.04529
           2.72803
           4.25837
          -0.86715
           0.94691
          -5.95306
           5.61894
          -1.16661
