           1.04944
           7.43814
          -6.72433
          -3.77343
           8.56254
          -4.68031
           4.24489
          -6.57824
           3.74391
           1.80550
          -2.02859
          -3.97008
          -0.55113
           3.00483
          -6.12469
           3.96696
          -5.97723
           0.84744
          -0.89093
         -15.95062
          -8.73588
           2.49945
           8.39573
           3.31836
          -1.34021
         -13.14821
           1.82521
          -5.25181
          -1.07077
          -2.08336
          11.13924
           2.83718
          12.01361
          -3.43786
           8.84919
          -4.95295
           3.07534
           1.71748
          10.99925
          -4.15728
          -0.20853
           1.30421
           2.70421
           0.08335
          -8.08580
          -0.11214
          -0.23703
           9.91423
           4.20824
          10.27932
           6.12940
         -13.99280
          10.31363
           6.49858
           2.05262
           1.14297
           1.71833
          -0.48166
          -5.16206
          -4.22731
          10.33805
          11.36661
          -0.49987
           6.30249
          -2.16458
           3.41768
           5.27337
          -4.09865
          -5.50415
          -0.02188
          -0.56338
           1.83933
          -6.36825
          -1.41125
         -16.64833
          -0.13017
           9.36099
          -1.75158
          -5.66154
          11.54472
           8.08691
          -0.52459
           1.62479
           4.00403
           3.37689
           1.12848
           6.63043
           1.67727
           5.11050
           9.96216
           1.04936
           1.58962
          -4.45781
           7.07052
          13.50733
          10.04712
          -2.78379
           3.81784
           4.57237
          13.02353
          -2.28359
          -0.89522
           8.41636
          -7.50372
          16.89323
           6.02583
          -4.81415
           0.85895
           7.58010
         -12.87234
         -17.42170
          -8.13853
         -11.40273
           3.70740
          -6.71423
          -2.14653
          -6.05191
          -6.78450
          16.13754
          -0.54486
          -6.26882
               NaN
          11.07175
          -8.43834
          -0.78016
           9.70429
         -11.82176
           1.29458
          -4.52528
           0.49710
           8.68948
           4.40003
         -15.35350
          -1.30422
          12.83225
          -0.21692
           6.46091
           5.73357
           5.03892
           1.16907
          18.13136
          -7.15103
           7.28318
           1.37811
           3.88772
          -5.83636
          -4.73105
          -2.64284
         -12.09376
          -8.01305
          -8.71493
           2.76264
           3.45902
          -1.84738
          10.07014
          -0.62509
          -2.20455
          -8.56650
          -6.80412
          10.67740
         -13.77292
          -3.51980
           7.95145
          -1.20078
          -6.57301
           5.15831
           7.34415
          -4.15893
          -0.53186
          -2.20641
           2.82959
           5.23801
         -10.36892
          -2.38365
          -3.31442
           7.49690
          -3.12733
           1.51443
          -7.65514
          -1.84426
           2.81495
          -1.70135
          11.10706
          -3.21147
          -0.35518
          -7.89374
          -0.43703
          -2.73114
          -3.69745
          -4.23971
           9.46778
           2.62155
           6.09565
          -6.11237
           5.98336
           0.69904
         -17.67070
          -2.35825
           2.36418
          14.83467
         -12.79619
         -10.68996
           5.28770
           6.54386
          -6.90059
          14.97667
          -2.35090
          -5.67480
           0.58574
           2.64724
          -4.92745
           2.92127
           0.83119
           3.95126
           5.77410
          -0.76116
          -5.98106
          11.58672
          -2.81478
           7.38036
           7.84710
          -0.80735
           4.83302
          -8.23772
         -13.30936
          -3.77939
           2.99216
           8.09497
           2.22289
          -3.86021
           5.65786
          16.58498
          -7.40867
           3.77754
           3.56561
           2.42573
          -0.25312
           6.48318
           1.19357
           3.82090
          -8.35886
           4.02401
         -11.36825
           0.96464
           1.81296
           4.97038
          -0.66893
          -9.14845
          -6.47376
          10.39557
           0.08744
          -7.53650
           4.48095
          -3.47534
          -4.58882
          -2.52096
           9.76158
          -1.86250
           4.67141
          -2.14575
         -11.30769
           0.19804
         -10.61877
          11.98507
          -7.39566
           3.74556
          -0.59165
           0.04208
           6.84177
          -4.80517
          11.08748
          10.86459
           0.32784
         -13.24483
           8.75160
          -5.44165
          -4.00327
          -1.85397
           3.60552
           9.52080
           1.61682
          -6.36706
           1.03989
           4.51232
           9.80403
          -5.24396
          11.12515
          -3.08179
           4.70772
          -9.12877
          -2.99961
          -3.55462
          -4.92653
          15.34445
           7.25473
          10.33070
           3.07900
           4.42361
           4.94040
          -5.19049
          -8.37550
          -6.37171
           0.49881
         -12.53573
           8.26274
          -3.91559
          -4.72085
          -8.66228
           5.00572
           3.87931
           7.10945
           7.62843
           0.57588
          -5.64989
          -1.22472
          -0.29507
          -5.75188
           6.88091
          11.65517
           5.54745
           4.44781
         -10.97519
           6.52008
           9.68800
          -0.76138
           0.80197
           3.74256
           0.59546
           2.32667
           2.71885
          -5.12644
           8.83559
         -10.78834
          -4.25163
           1.44855
           6.61783
           3.41229
           5.49807
          -7.19211
           5.37451
          -3.99093
          -0.24671
           3.02871
          -7.04869
          -1.62930
          -8.01358
           2.03356
          -1.42836
          -4.04581
           0.81801
          -9.09838
           3.10659
          -4.02443
           2.84644
          -4.72265
           2.68414
          -1.09090
          10.91275
          -7.46181
          12.55332
          10.76909
           4.19912
          -0.02493
         -10.51878
         -11.20098
          -6.62526
           6.49034
           1.47454
          -0.43196
           8.06612
          -0.05768
          -5.44002
          -3.04950
          -3.80404
           1.19713
          -5.98324
          12.15799
          13.28869
           2.27065
          -3.24372
          -0.07519
           4.55087
          -8.56565
          -6.16767
           8.03856
          -0.83888
           1.00285
          -7.80682
          -4.14110
           5.73743
          -8.83344
           1.47863
          12.01008
         -13.30030
           3.95786
           5.38503
           0.36169
           7.98025
           0.35726
           9.34675
           7.20623
          -6.30780
           0.82836
          -6.55232
           4.27949
          -7.04606
          -4.94715
           0.94615
          -2.41202
           1.18693
           1.72278
          -0.82248
          13.04634
           5.78793
           7.79496
         -11.75926
           0.77078
          -6.13233
           5.10632
          -4.07180
          -6.81639
          -8.28574
           1.10339
           8.50408
          -1.36110
           7.54416
          -6.49510
           6.21701
          -1.14937
          -7.07244
          -3.07185
          -3.58182
         -16.34659
          -2.33554
          -4.32998
           5.98266
          -8.11551
           4.07383
          -2.75541
           7.54845
           0.78843
          13.52783
           9.27685
           1.28503
         -11.03565
           7.48076
           3.44834
           0.37086
          -5.18810
          -1.40312
           6.79329
           7.59922
           9.83620
           7.69193
         -10.25916
               NaN
           7.40361
          -4.77793
           0.18729
           3.62216
          17.88556
          -9.59081
          -0.66759
          -3.04334
          -0.33590
          -4.62825
           1.04778
           2.30343
         -13.99456
           1.83818
           5.70115
          -0.81987
           5.72367
           3.75774
          -0.89602
          -2.98800
           9.80792
          -6.21919
           0.11137
          10.06959
           0.18716
          -7.08668
          -1.84549
           8.18186
           0.80739
          -1.77348
          -1.46650
         -12.62181
           2.07932
          10.57161
          -8.14910
          13.12519
           0.60403
          -4.21884
           9.38455
          -7.37348
           1.28292
           0.52444
           2.06973
          -1.66292
          10.31964
          -6.48544
           1.71584
           2.01906
           3.77975
          -7.99719
          -0.02547
          11.18969
          -6.41468
           4.13066
          -5.36890
           4.46334
          -3.65386
          -8.59127
           0.32340
          -1.38384
          -5.74819
           0.84666
           5.68717
           7.97783
           5.14396
           0.20767
          12.23415
           0.20274
          -1.93141
          11.04168
          13.93809
           2.43369
           0.56081
         -14.05739
           3.11482
           4.47527
           8.51922
          -1.72470
           5.50620
          -4.76794
           0.13014
          -9.35660
          -8.95135
           0.54743
           1.78183
          11.58756
          12.01996
          -2.14459
          -0.96515
           5.33363
          -6.81361
          -1.43158
           2.76956
          -9.82400
           2.29851
           9.29691
         -18.15374
          -1.06262
           6.77108
           8.38473
          -5.59571
          -3.14604
           5.66704
           6.61724
           4.01702
          -0.44731
          -0.26486
           6.70407
          -1.17631
          -4.30289
          -2.85815
         -13.41859
          -7.44883
          10.53880
           3.79939
           4.66498
          -0.75129
          -7.80400
          -0.35146
           2.75608
          -0.28088
          -5.24479
           2.95002
          -1.78323
          -2.40918
           5.49095
          -3.92969
          -5.66875
          -8.86954
         -14.98842
          -0.02968
         -13.20984
           1.23273
          -2.62293
           0.83196
          -8.16057
          11.83769
          -0.29818
          -2.16912
           3.49830
           3.97737
          -6.56801
         -14.39048
          -0.76679
           3.95806
          -2.84340
          -1.69659
          11.65352
           6.20237
          -3.53851
          -3.76529
          -4.21149
          -2.12486
          12.40025
          -8.88659
           1.73663
           9.70394
          -6.95824
           9.60509
          -7.81420
          -2.23290
          -7.64234
           4.92981
          -0.02735
           4.17878
          -2.82064
           0.45437
          -2.56963
          -0.16250
           5.63114
           8.18617
          -2.08900
          -4.71118
          11.80682
          -6.08697
          -6.11194
          14.91934
          -5.61933
          -8.23681
           6.15816
           8.00047
          -7.42150
          -7.97967
          -1.11655
           5.38840
          -5.03077
           1.65069
          -3.31150
           0.30413
           7.49581
          -3.55340
           0.81908
          -6.03108
           3.08717
           0.85305
           5.73930
          11.66764
         -10.84859
          -4.06957
           5.33018
           0.58279
          -1.83112
           4.50668
           0.75499
           5.30193
          -1.25983
          12.13509
          -6.22812
          -5.87336
          -4.52841
           8.34352
          10.88772
           1.41406
          16.88890
          -8.56191
           3.48179
           3.80441
          10.93763
           3.50822
          -8.03196
         -12.26369
          -5.31043
           0.23968
          -0.95649
          -2.50760
          -1.38386
           4.82578
           4.56315
           4.81108
          -3.17130
          -1.36615
           0.68558
          -3.49181
           4.26749
           4.51635
          -4.42794
          -2.38866
          -8.60870
         -12.93325
           1.93602
          14.87102
           5.36507
           6.07880
          -0.46661
          -2.61252
           3.89478
          -3.13471
           7.44828
          13.69022
           4.14699
           3.03024
          -8.18381
           4.27959
          -2.02336
          -5.94588
           5.95390
          -5.85869
           5.12023
           9.16267
           6.51472
           1.46035
           1.03701
          12.20024
          13.46834
           7.61559
           1.17235
          -2.71052
          -1.97212
          -4.17710
           8.22160
           9.06700
          -6.33125
           8.44778
         -10.69293
           3.43907
           1.27428
          -1.63783
           2.40439
           2.18693
          -1.90572
          -1.71059
          -0.95451
          -7.28905
           8.92553
          -5.40058
          -8.33171
           4.47254
           2.79525
          14.69093
          -7.52176
          11.64763
          -1.14072
          -1.29007
           3.97200
         -13.93407
           8.05578
          -8.96090
           5.98885
           8.41409
           8.47636
           8.63684
          -0.92305
          -7.69752
          -1.41667
           0.28497
          -5.79707
          -5.41944
          -8.62124
          -0.64311
           7.14163
           4.84550
          -7.65613
          -4.28335
           6.05742
         -16.63067
          -0.83239
         -13.75536
          -8.81559
          -4.12643
          17.69350
          -4.96580
          -0.74146
          15.94123
          -4.52199
           7.27919
         -10.35418
           2.53123
          -0.82276
          10.17066
          10.58427
           5.99729
           0.21137
         -11.25112
          -8.38342
          -1.23020
          -3.47444
          -7.70766
           2.06927
          -0.15988
           6.24182
          -5.46719
          -0.16866
          -7.03207
          -3.39826
          -8.52882
          -1.32397
          14.33451
          -7.99265
           7.45648
           3.40234
           0.30148
         -10.36288
           5.75651
          -9.09714
          -9.12209
           4.35152
           0.10632
           7.43926
           3.98294
          -3.59806
           1.56667
          -4.75259
           4.98304
           6.05545
          -4.66261
          -1.07316
           6.72212
          13.19357
           3.98330
          -5.03455
          -4.40046
           1.21988
          -3.05622
           6.39116
          -3.68998
           1.62854
          11.20803
           5.41228
           1.67603
         -10.27009
           8.10018
          -5.17357
          -2.48600
           8.91930
           9.63622
           2.83782
          -7.53542
         -14.93369
          -3.06035
          -7.75426
           7.38333
           5.90557
          -8.90258
          -4.47925
          -7.92021
          -5.47060
           8.33914
           6.65402
           2.01702
          -2.52662
          -1.01494
          -3.11373
           1.33073
          -5.62322
           3.39847
           2.76661
           0.82938
           8.63561
          -2.34163
           4.79834
          -0.24445
          -0.49138
           1.91620
           3.86938
          -5.89526
           0.34904
           1.32230
          -4.24545
          -1.98196
           0.44062
          -3.54466
               NaN
           7.61218
           4.93829
               NaN
           0.68858
          -4.65636
           3.09188
          -5.85399
          -1.45186
          -9.96898
          -0.78431
           6.33044
          -0.73193
           2.23465
          -3.32737
          -6.69517
          -6.75673
           4.69671
           2.65504
          -1.82686
          -0.45751
          -1.97633
           1.41731
           1.74405
           2.15119
          -5.36308
          -6.68673
          -2.30605
         -13.09241
           4.45261
          -3.88686
           6.50671
          -0.41757
          -3.34239
          -0.51391
           1.97188
           1.23046
          -3.12834
           9.35233
           5.45294
           0.24375
           2.39325
           1.25412
           1.78986
          11.52542
          -6.60467
           6.72522
           0.49087
          10.67174
          -6.95456
           6.68775
          -2.63479
          -3.33601
          -3.04622
           0.77936
          -1.22009
          -1.97616
           2.37759
          13.39292
          10.47497
           5.35585
          10.29182
           0.30225
               NaN
           1.60408
           6.72753
           8.35091
           6.66699
           6.56377
           2.38099
          -1.55672
          -8.05137
          -9.64865
           9.06700
           3.00205
           6.50732
           2.58568
          -6.33119
               NaN
          -2.20082
           4.09026
           6.11252
           6.10249
           6.97839
          -0.34778
           1.72639
          -6.24742
           1.92340
          -4.24098
          -5.57092
          -6.01861
          -3.57734
           6.54443
          -4.05191
           2.66821
          -4.01221
         -11.18062
           1.27565
               NaN
          -3.09557
          -2.09511
          -1.25748
          10.51995
           0.62150
          12.84748
           9.88324
          -0.20747
           9.90627
           1.21283
           5.15541
         -11.70430
         -12.78068
          -4.48560
          -4.00630
          -0.33267
           2.90280
           0.59525
           6.04694
          -2.96225
           0.27780
          -0.98066
          10.81654
          -0.53118
           1.22966
          -0.61104
          -0.22841
          -0.73607
           1.12300
           0.22318
          -0.45374
          -2.00450
          -2.68398
           0.81280
          -1.73530
           0.59888
          -0.84883
          -1.51617
          -4.54566
           1.81803
           0.19202
           1.49884
          -1.00128
           1.45613
          -0.30944
           1.25140
           0.21267
          -2.55454
          -0.76991
          -0.93273
          -0.91762
          -1.51078
          -2.12074
          -2.45389
          -1.44252
           0.57876
          -2.69662
          -2.99933
          -1.49760
          -0.69172
           1.01366
          -1.14778
          -1.12467
          -0.26401
           0.56565
          -1.89854
          -0.32797
          -0.29867
          -0.43893
          -0.34826
           1.71987
          -0.68619
           0.36600
           0.94741
          -0.91380
          -3.68837
           0.16265
          -1.11364
          -2.39067
          -3.28645
          -1.91390
          -0.72911
           0.37208
           0.74251
          -0.24019
          -0.66985
               NaN
          -2.03431
          -1.90849
          -3.37964
          -2.73017
           0.75215
          -1.15137
           2.12013
          -1.91405
           2.98216
          -1.27077
          -2.56167
          -2.47868
          -0.23588
          -2.01686
          -0.00206
           0.22642
          -2.24247
          -0.55650
          -2.25527
          -0.90292
          -0.97600
          -1.74845
           0.16297
          -1.20805
          -0.72212
          -3.75091
           0.56155
          -2.42100
           0.10871
          -1.10360
          -1.08534
           0.42644
          -1.30939
          -1.94637
          -0.15097
          -3.19974
          -1.10206
           2.00311
          -1.34163
          -1.16179
          -1.49009
           0.59965
          -1.94227
          -0.64696
          -0.81219
          -0.23345
           1.04314
          -1.85375
           0.29976
          -1.71386
          -1.76565
          -0.65499
           0.37292
           0.15246
           0.12176
          -0.95504
           2.39416
           1.07982
          -0.94565
          -2.15516
          -1.16338
           1.21591
          -1.07943
          -1.13608
           2.08208
          -2.23078
           1.05964
           0.28969
           2.36632
          -1.41749
          -1.06558
           2.68948
          -1.66087
          -0.51535
          -1.72793
          -0.66211
           1.39560
          -2.42887
          -2.25482
               NaN
          -0.52054
          -1.07002
          -1.06951
          -0.71003
          -1.62113
           0.12483
           2.24491
               NaN
           1.24831
           0.58641
          -0.06984
          -1.18709
          -2.33008
           0.44256
          -0.92186
          -0.96075
           0.48501
           0.02767
          -0.82841
           0.72936
           1.60802
          -0.30988
          -2.23723
          -1.44731
          -1.05027
          -0.00969
          -1.87804
          -2.05590
          -1.95188
           0.82419
          -0.17002
          -3.43337
          -0.90514
          -1.76183
           1.15468
           1.33110
           2.61700
          -1.16350
          -1.64447
          -1.75323
           0.35693
          -1.30280
           1.50311
           1.84395
           1.00045
           0.97737
           1.42931
           2.10342
           0.06202
          -1.08229
           0.34421
          -2.35906
          -0.08001
          -0.61016
           1.11812
          -0.27825
          -0.50226
          -1.54147
          -1.11454
           1.36287
           0.01208
           2.04973
           0.22870
           1.36126
           2.58173
           2.16428
           0.68826
          -1.46817
           1.39296
          -1.40445
          -0.91458
          -2.36110
          -0.83468
          -2.62331
           0.97511
           1.16233
          -1.66425
           0.75701
           1.50308
           0.57948
           1.47898
           3.03631
          -4.27729
           0.40770
          -0.90069
           1.17598
          -2.62119
          -1.83572
           0.59788
          -1.69559
          -1.91830
          -4.14915
          -1.76160
           0.34550
           1.49977
          -2.51500
           2.16774
           2.41980
           2.66563
          -0.24531
          -0.89658
          -0.35743
           2.42603
          -1.89807
          -2.56058
          -1.95523
          -2.43545
          -1.18171
          -2.17283
          -0.64813
           0.15072
           1.00227
          -0.76146
          -2.07991
          -1.53619
          -0.69507
          -1.93340
          -1.71847
           0.87119
          -0.41590
           1.49363
          -0.71296
          -0.55294
           0.52383
          -1.71234
          -1.96329
          -0.97315
          -0.78465
          -1.75021
          -0.07383
          -0.55330
          -2.61125
          -0.40022
          -3.28626
          -0.39915
           2.98993
           1.39499
          -1.00283
          -0.84095
           2.45326
          -1.57170
           2.53560
          -1.03313
          -0.80304
          -0.81237
          -0.79271
          -1.67738
          -1.31674
          -1.18944
           0.29732
           1.01634
          -1.30929
           0.61179
           0.51943
          -1.10961
          -0.81473
          -0.09375
          -3.46741
           0.25102
          -0.47008
          -0.98265
          -0.10906
           1.33189
          -3.02446
          -2.09401
           3.20408
          -0.53886
          -2.70035
           0.21902
               NaN
          -1.15329
           0.17026
          -2.79205
           0.59915
           0.39860
           1.10323
          -1.99887
          -3.39320
          -0.57922
          -1.20860
           2.17663
          -2.57143
          -0.38988
           0.11753
          -0.57553
           1.69829
          -1.68679
          -2.07155
          -4.17897
           0.00449
           0.87511
          -1.63825
           1.99786
          -0.29100
           0.64406
          -0.79566
           0.17481
          -1.28888
          -4.55728
           0.08851
          -2.35906
          -0.42329
           0.49500
          -2.06825
          -1.06302
           0.87894
          -0.32648
           0.21309
          -0.28941
          -0.89867
          -0.62633
          -1.16217
          -2.49134
          -3.16551
          -0.74873
          -0.86633
          -0.45782
          -0.03267
          -0.76438
           0.84823
          -0.90358
          -1.21537
          -1.37658
          -2.34799
           0.09689
           0.41851
          -1.34824
           1.88367
          -2.37019
          -1.93902
           1.18449
          -0.98225
          -1.04537
          -0.66341
          -1.82353
          -0.38455
          -2.17673
          -0.99101
          -1.96542
          -3.29953
           1.12174
          -0.62065
          -0.71894
          -2.76127
          -0.40192
           1.64553
          -0.36562
           0.30175
          -1.19795
          -2.11628
          -1.65235
           2.84923
          -1.05005
          -1.09720
           0.08721
          -0.85977
          -1.87884
          -2.00016
          -0.58033
          -3.47577
          -1.06420
           1.20467
           1.32728
           0.45288
          -1.04233
          -1.16285
          -0.56119
          -0.18710
          -0.85440
          -1.75815
           0.76766
          -1.11835
          -1.47920
           0.58120
          -1.74689
          -3.57247
          -0.90475
          -2.40416
           0.54388
          -0.09614
          -1.58756
           0.15229
          -0.77067
           1.63395
          -0.83535
           0.80368
          -0.91903
           0.59691
           0.22019
           0.94672
           0.38861
          -1.87194
          -1.15259
          -1.57813
          -0.40439
           0.34001
          -1.53266
           0.32497
           2.73171
          -0.61227
          -0.37414
          -0.07355
           0.63140
           0.61976
          -1.09154
          -2.34981
          -2.17478
          -1.68605
           0.34142
          -1.11993
          -2.79969
          -1.07509
           1.74365
          -0.59076
          -0.16797
          -1.52660
          -0.98481
          -0.35781
          -1.11304
          -1.40974
          -2.57639
          -2.09989
           0.06758
          -1.34188
          -1.63300
          -0.08494
          -1.40190
          -0.59732
          -0.03609
          -1.16779
          -1.75280
          -0.39386
          -1.91399
          -1.37848
          -0.89233
          -2.27363
           0.25260
           1.16475
          -2.04058
          -1.32195
               NaN
          -0.60891
          -0.64750
           0.27668
          -0.07804
          -3.99009
          -1.78890
          -1.26770
          -1.54919
          -0.57275
           0.83279
          -2.13656
          -2.89059
           0.29630
          -0.98945
          -4.29506
           0.16996
          -2.30003
           1.13846
          -0.73473
          -1.88205
          -2.94530
           0.06539
          -0.80899
          -0.19406
           2.64835
          -2.11442
           0.81199
           0.42076
           0.26411
          -2.15968
           2.63885
          -0.31997
          -2.75164
          -1.51391
          -3.82316
          -0.50870
           0.74509
           0.78864
          -0.01618
          -1.54833
          -0.65718
           3.05981
           0.06639
          -0.22714
          -0.61727
          -1.51374
           1.06218
           1.00640
          -0.65049
          -0.62271
           1.97614
           0.85579
          -0.51007
           0.86827
           2.62026
          -1.57178
          -3.22931
          -1.95541
          -1.55439
           0.07694
          -0.18415
           1.03154
          -1.40509
          -2.63948
          -1.18520
           0.92924
           0.55383
          -0.94492
          -0.01506
          -0.50780
          -1.66780
           0.64515
          -2.33005
           0.35159
          -0.68055
           0.28618
           1.41999
          -2.02849
           0.76869
               NaN
          -1.59841
           0.24863
           0.46968
           0.60884
          -3.48809
          -0.48193
          -0.16259
          -0.20836
          -2.64812
          -0.82165
          -0.33943
          -2.28083
          -0.92505
               NaN
          -0.54306
           1.69394
          -2.67037
           0.06890
           0.20920
           0.01410
          -2.35221
          -0.99124
          -0.42733
          -1.63620
          -0.81772
          -2.50867
          -0.34624
          -2.69695
          -1.56714
          -0.80328
           0.22461
          -1.72951
          -3.96265
          -0.17696
          -2.33781
          -2.83451
          -0.87722
           0.43382
          -1.39224
          -1.34019
          -0.84843
          -2.06856
           1.15712
           1.50528
           0.46169
          -0.89915
          -0.40343
          -1.68290
           0.37992
           1.00958
          -2.03901
          -0.61819
           0.17626
          -1.54088
          -0.86933
          -1.70287
           2.75741
           0.46549
          -0.66886
          -0.49201
          -3.13017
          -1.39497
           1.90899
           1.41288
          -0.99907
           2.08066
           1.25848
           1.22909
          -3.13351
          -3.07961
          -0.40811
          -0.28797
           1.15486
          -0.34519
          -0.19580
          -0.71168
           1.53350
           0.38438
          -0.46439
          -0.39333
           1.05933
          -2.35347
          -0.01665
          -1.09951
           0.14955
          -0.93990
          -3.12729
          -1.66761
          -0.49853
          -1.52937
           0.97813
          -1.46194
          -1.19956
          -1.51275
          -1.70281
          -0.62903
           1.87870
           3.23810
           1.75039
          -2.42605
          -1.06677
          -1.05578
          -3.93755
          -1.93015
           0.71590
          -0.59940
           0.25592
          -2.63047
          -1.66522
           1.84958
          -0.78585
          -0.72767
          -0.25851
           0.64448
          -3.39446
           0.72769
          -1.28026
          -1.88900
          -0.86392
          -1.81869
          -0.54178
          -0.85798
          -1.89259
           1.24871
          -3.41004
           0.25244
          -1.07644
          -0.63975
          -0.50094
          -3.37141
          -0.13639
          -1.40620
          -2.70456
          -1.60227
          -1.69201
           0.16284
          -0.04901
           0.56240
          -1.12642
           0.53123
           1.41400
          -0.24173
           0.44038
           0.08911
          -1.23077
           0.03559
          -0.81241
          -2.15634
          -0.78949
           1.25536
          -0.33110
           1.11807
           2.34671
          -0.10832
          -0.46505
           1.64194
          -1.89350
           1.46577
          -0.58577
          -3.22884
           0.98223
          -2.30616
          -1.36909
          -1.49481
           1.14803
           0.51182
          -0.17975
           1.03606
           0.16164
          -2.30533
           0.70955
           1.21555
          -1.87659
          -1.96050
          -0.76531
          -2.03337
          -0.05859
          -2.96844
           0.05831
               NaN
           1.36217
          -1.95020
          -0.72808
           1.07599
          -0.56853
           0.96904
           0.14619
           1.40772
          -1.83332
          -2.84102
          -2.69015
          -1.01974
          -0.70743
          -3.92196
          -1.66996
           0.89010
           0.27877
          -2.27793
           0.72823
           2.03377
          -1.88855
           0.26145
           0.72465
          -2.66876
           0.67150
          -1.15958
          -2.38008
           2.21685
           1.24643
           0.09365
           0.74095
          -2.69459
          -0.89496
          -1.62654
          -1.27311
           1.22214
          -1.38757
          -0.19805
          -1.75296
           0.87947
           0.84999
          -4.10711
           1.29434
          -0.17142
          -0.34970
          -0.26631
          -2.13267
           0.22088
          -0.98998
          -0.67405
          -2.31703
          -2.75515
           0.14101
          -1.28696
           1.67904
          -2.51579
          -0.02187
          -0.60836
          -1.42499
          -0.06693
          -0.78955
           0.40000
           0.74790
          -0.40804
          -1.63375
          -2.84101
           2.27366
           0.21980
          -0.25241
          -0.71650
           1.12238
           1.24093
          -2.59346
           1.59007
          -1.47781
          -1.19445
           0.26898
           0.20612
          -0.07329
          -1.22249
           0.26803
          -1.15568
          -1.38130
           0.28328
          -1.28779
          -2.26985
          -0.69920
           0.52960
          -0.36235
               NaN
          -1.95191
          -3.62291
          -2.50380
          -1.67257
           0.62311
          -1.15402
          -1.37128
          -0.36642
           0.50806
          -0.91119
          -2.03729
          -2.07389
          -1.23053
           1.37716
          -1.30376
           1.16500
           2.21223
           0.05901
          -0.35259
          -1.21180
           0.42026
          -1.48583
          -4.35839
          -0.90728
          -1.76470
          -1.62079
           0.99881
          -0.37569
          -2.97147
          -3.63472
           2.04023
          -2.42140
           0.97730
          -2.64724
          -0.38541
          -1.89022
          -1.34213
           1.68070
          -0.63450
          -0.47193
           1.99421
          -2.85342
          -0.81097
          -1.15526
           0.55424
          -1.30174
           0.20836
           0.49312
          -1.93416
          -0.16481
          -2.09969
          -2.63905
           0.64536
           1.32397
          -0.18473
           2.55056
          -2.23518
          -2.01296
          -2.91422
          -0.37129
           0.15733
          -1.49404
          -2.93324
          -0.91553
          -0.63436
           0.48399
          -0.63303
          -3.73171
          -0.51097
           0.21137
          -1.78170
           1.66327
          -0.15656
          -1.94643
           0.49324
          -1.50138
          -0.35949
          -0.55823
           0.67774
           1.11193
          -1.18471
           0.75345
          -0.73618
          -0.72939
          -1.25622
           0.42408
          -1.96830
          -0.19743
          -0.72846
           0.50845
          -0.87809
          -0.42180
          -1.33034
           0.23102
          -1.02658
          -1.35984
          -1.26882
          -1.49286
          -2.92063
           1.55589
          -2.21036
           1.99007
          -1.46961
          -0.72827
          -1.06296
          -2.42026
          -3.50177
          -2.21208
           0.84595
           0.22731
           1.80342
          -0.46569
           0.32377
          -2.65189
          -1.36548
           0.17534
          -0.13576
           1.54315
           0.09030
           1.73523
           0.51322
          -2.77465
          -2.10042
           1.23126
          -1.25247
           0.67192
          -0.44316
          -1.11836
           0.23212
          -1.73085
           2.08997
           0.24523
          -1.70892
          -0.02120
          -2.77947
           0.38115
          -0.82220
           1.41774
           1.79487
          -0.08357
           1.01094
          -0.74052
           0.40044
           2.24971
          -1.19290
          -0.83654
           1.04737
               NaN
          -1.12385
          -3.27135
          -0.34582
           0.17833
          -1.82061
          -1.74842
          -2.06431
          -2.85586
          -0.23079
          -2.93739
          -0.95899
           0.43683
           0.07529
          -1.35757
          -0.99693
          -1.23424
          -0.32635
           0.19042
           1.88101
          -1.27506
           1.31916
           0.02767
          -0.84251
           2.25921
          -0.58188
          -0.46302
          -3.10831
           0.84224
          -1.68178
           0.90726
          -1.21032
          -1.34531
          -4.34044
           1.24854
           0.52598
           1.17181
          -0.04158
           3.36934
           2.00480
           1.64686
          -0.67203
          -3.34636
          -0.54631
           0.90713
          -1.30511
          -1.16270
          -1.49836
          -2.41364
          -2.70046
          -0.01582
          -4.46194
          -2.04430
          -1.90799
          -0.44225
           0.02243
          -0.85659
          -3.65258
          -0.17098
           0.61522
          -1.57957
          -0.39147
          -0.86105
           0.90845
          -0.39304
           1.21502
          -2.34144
          -0.66362
          -0.68462
          -1.54027
          -1.43753
          -0.37590
          -2.52824
          -2.05769
          -3.49469
          -2.32762
          -0.82163
           1.53488
           1.90631
          -1.51738
          -2.42392
           3.17100
          -3.00854
          -1.94794
          -3.97725
          -3.66411
           0.83267
          -0.12835
           1.74718
          -2.06560
           3.34243
          -0.37582
          -2.31032
           0.00344
           0.32249
          -3.63146
          -0.60071
           0.75630
          -3.72802
          -1.78124
          -2.39931
          -0.85499
          -1.98673
          -1.98136
           0.27368
          -2.32675
          -1.14623
          -4.36433
           0.23073
          -2.47903
          -0.81973
          -0.17994
          -2.03917
          -1.53143
          -2.69822
          -1.24560
          -0.30004
          -3.20669
          -2.93419
           2.37154
          -1.22239
          -2.39886
          -0.01636
          -1.52427
          -2.64312
          -0.37278
          -1.52807
          -1.75040
           2.56461
          -0.00818
           1.44961
          -0.60705
          -2.93188
           0.53659
           0.48039
           0.70753
           1.03345
          -3.47823
           1.65486
           2.28106
          -4.02071
          -3.05302
          -0.05020
           2.07678
          -2.41172
           0.56944
           1.73202
          -1.91874
           1.49310
          -0.90780
           1.51899
           0.67909
          -1.22739
           0.64462
          -1.41854
          -1.86002
          -2.18725
          -1.30416
           1.56243
          -3.43850
          -0.99558
           3.03678
          -1.35235
          -2.23147
           1.48749
           0.69922
          -0.69636
           1.77896
           3.62355
          -3.82088
           0.37850
           0.70645
           0.26800
          -1.78451
          -1.67788
           0.79054
           0.14792
          -0.28036
          -0.56578
           1.82023
           0.27291
          -0.77631
           1.80714
           0.97474
          -2.79867
          -1.52641
          -1.31780
           0.40577
          -1.40968
          -2.43570
          -2.19422
           2.78701
           0.02944
          -2.92494
          -2.14974
          -0.36297
           0.95294
           2.26885
           2.97593
          -1.13585
          -2.04414
          -3.12530
           0.54499
          -0.66478
           2.09752
           1.79865
           1.13559
           1.37780
           2.76588
           1.33611
          -0.51873
          -1.47469
           1.76913
          -3.43091
           0.41912
           2.12852
           1.29546
          -0.58972
          -2.14755
           0.83939
           0.31572
           0.65893
          -0.93368
           2.68681
          -2.57232
           1.56153
           2.95086
           2.37475
           0.52016
          -0.77794
           1.55882
          -1.91361
          -1.10040
          -2.08194
          -0.94809
          -2.21278
          -0.60583
           1.95482
          -2.26074
          -0.67196
           2.33452
           0.34089
           2.55028
               NaN
          -3.36742
          -0.10266
          -2.32734
           1.42569
          -2.38137
          -2.33802
          -1.65459
          -0.59252
          -2.48732
          -4.22829
          -2.37216
          -0.07987
           1.23951
          -2.90799
           1.77939
           3.29718
           2.07924
           1.34826
          -0.60145
          -1.04814
           1.27826
          -1.82715
          -1.40698
          -1.28518
          -3.58967
          -0.29546
          -1.69702
          -1.11627
           1.38703
           1.29633
          -0.34435
          -3.25136
          -1.13210
          -1.50012
          -1.52049
          -0.03664
           0.74306
           1.09397
          -0.70503
           0.48433
          -0.40117
           1.27234
          -1.59803
          -2.97781
           0.01121
          -2.30692
          -3.14809
          -0.32915
           1.52932
          -3.38333
           0.15374
          -1.91687
          -0.47311
           2.64706
           0.50216
          -1.41294
          -0.22015
           1.83671
          -1.84587
           0.51668
          -0.14891
          -2.42059
          -0.81747
          -0.81348
          -0.70902
          -0.71462
          -0.12989
           1.13658
          -1.47690
          -2.15330
          -0.54555
           0.36031
          -1.32723
          -1.45088
           1.08779
          -2.56151
           2.18072
          -0.48427
          -0.00666
          -1.65617
           1.62514
          -2.75107
          -1.19785
           2.53468
          -1.44477
          -3.76698
          -0.85223
          -5.41615
          -0.10972
          -0.42894
          -2.60923
           1.22005
          -0.79687
          -0.93699
          -1.57335
          -3.43017
           0.79802
          -2.37969
           0.27810
          -2.01400
          -0.81978
          -0.19936
          -0.38475
           1.34284
          -1.88291
          -1.31120
          -4.93004
           2.02045
           1.44229
          -1.17864
           1.09894
          -1.43243
          -1.05910
           0.39278
          -0.23700
           0.04393
          -4.92840
           0.11250
          -1.85865
          -0.70913
           2.02683
          -2.61915
          -0.73818
           1.88748
          -0.04329
           1.03862
          -0.46285
          -0.64165
          -0.49787
          -0.71361
          -2.91584
          -2.18515
          -2.44789
           0.05147
          -2.57903
          -1.24724
          -1.22600
           1.34629
           0.15671
           0.01574
          -0.75390
          -2.89953
          -0.32077
           0.78201
          -2.74837
           2.28564
          -0.87232
          -1.66169
           2.03137
          -0.83895
          -0.28768
          -1.96178
          -4.35515
          -1.01496
          -1.43032
          -1.07044
          -2.21148
          -2.06728
           3.39247
          -1.17420
           0.08197
          -2.20647
           0.43388
           1.66808
          -1.18798
           1.43552
          -1.20658
          -2.94129
           0.01777
           2.51644
          -1.63142
          -1.17856
          -1.28823
          -1.19712
          -3.30596
          -3.20456
           0.65864
          -3.27506
           0.00096
           0.73787
           2.27450
           1.36714
          -1.20594
           0.20971
          -0.46118
           0.38556
          -0.67939
          -3.98630
           0.14244
          -2.16477
           1.28733
           0.18208
          -0.83106
          -4.31632
          -0.37726
          -1.62947
           1.67835
           0.16907
          -2.56681
           0.42346
          -1.93308
           2.36271
          -1.85350
           0.53413
           0.01688
           1.24787
           0.46177
           3.48849
           0.06128
          -0.65799
          -2.18342
          -0.49351
          -1.23985
           0.93837
          -2.95139
           0.29596
           0.83539
          -1.30917
          -1.49432
           1.04155
          -0.24993
          -0.38472
          -0.90076
          -2.43654
          -2.48597
          -3.27381
          -0.48031
          -2.41948
          -4.30117
           0.34219
               NaN
          -2.07427
           1.07092
          -1.34522
          -1.07589
          -2.60632
          -0.18126
          -1.93529
          -2.85972
          -2.29733
           0.99189
          -0.86997
          -1.90033
           1.78393
          -0.98767
          -1.71857
           0.04386
          -2.74653
          -2.88565
          -0.81681
          -0.75404
          -3.18141
           0.54566
          -2.34207
          -1.42328
           0.97386
          -0.18041
          -0.24890
               NaN
          -0.54340
           0.86373
           0.44186
           1.38916
          -4.44511
          -3.03319
          -0.62973
          -4.03178
           0.10964
           1.39115
          -2.28487
          -2.06273
           0.41671
          -0.90662
          -4.20659
           0.24499
          -3.79654
           2.29134
          -1.50396
          -2.29197
          -3.32294
           0.79189
          -1.17341
          -1.55675
           3.39897
          -2.93331
           2.26304
          -0.57005
           0.24764
          -1.41303
           1.86485
           0.14869
          -0.67421
          -1.39221
          -4.35439
          -1.06046
          -0.18381
           0.90320
          -1.56816
          -0.60385
          -0.26367
           1.36143
          -2.27609
          -0.63906
          -0.54978
          -0.26150
           0.94355
           0.41829
          -1.85484
          -0.85846
           1.33842
           1.92915
          -0.91220
           1.65277
           4.41104
          -1.79900
          -3.88401
          -3.85847
          -2.72108
          -0.07624
          -0.00697
           0.24690
          -0.93340
          -2.29099
          -1.68774
           2.80182
           0.29878
          -2.21709
           2.44314
           0.21008
          -1.92891
          -0.87510
          -1.42438
           1.09459
          -1.95886
          -0.75940
           0.83926
          -2.36321
           1.40565
           2.57182
          -1.71928
           0.95741
           0.92868
           3.74925
          -1.82177
          -1.98881
          -0.74481
          -1.02306
          -2.20481
           0.15081
          -0.23053
          -2.46326
          -1.44035
           4.30302
          -0.58129
           1.25601
          -2.26522
          -1.36174
           1.00050
           1.18343
          -1.34159
           0.75668
          -0.24438
           0.54927
          -1.11424
          -2.14987
          -0.17690
          -1.26061
          -3.14247
          -0.28394
           0.13997
          -2.95979
          -4.53413
           1.05905
          -1.06445
          -2.70246
          -0.74571
           0.61476
          -0.65077
          -2.82050
          -2.05378
          -1.72723
           1.64262
           2.16667
           1.36721
          -2.89044
           0.73608
          -2.19986
          -1.45393
           2.33268
          -2.89132
           0.59914
          -0.17968
           0.16281
          -1.70885
          -2.02574
           2.77283
           1.63929
          -0.08947
           0.17845
          -3.24007
          -2.30538
           0.69061
           1.56030
           0.61748
           0.84352
           1.91823
           2.39173
          -4.87185
          -1.94227
           0.27315
          -1.37681
          -0.25433
           0.77742
           0.42245
          -0.67965
           0.52599
           1.38885
          -0.58399
          -0.06685
           0.81038
          -3.44276
           0.20167
          -1.97816
           1.08464
          -1.59876
          -3.29745
          -2.61805
          -2.64357
          -0.22785
           1.51556
          -3.14005
           0.04042
          -0.68746
          -2.32347
          -0.23490
           0.95169
           4.18283
           0.29806
          -2.07400
          -0.17386
          -0.43592
          -4.95069
          -3.16118
           0.03382
          -2.95712
           0.75539
          -2.50989
          -2.53458
           0.64034
          -1.32219
           0.24504
           1.21739
           1.44667
          -3.85193
           1.09223
          -1.54113
          -1.17503
          -2.18772
          -2.22671
          -0.97434
          -0.44649
          -1.41637
           1.62770
          -2.69050
          -0.67039
          -1.36917
           0.80513
          -0.23827
          -2.36897
           1.93750
          -1.86052
          -5.04045
          -1.29751
          -2.63470
          -0.03661
           0.14783
           0.00861
          -1.07865
          -0.42507
          -0.69963
          -0.44420
           0.04284
           1.45924
          -1.37884
          -0.16352
          -0.09982
          -2.15493
          -0.14052
           0.34288
          -1.70098
           1.00281
           2.24515
          -0.01823
          -2.41152
          -0.63429
          -2.29542
           1.92660
          -0.13172
          -3.23093
           1.39863
          -3.42858
          -2.99184
          -0.01092
           0.68265
           1.76893
           0.04825
           0.30563
           0.80662
          -2.48196
           0.61607
           0.84053
          -1.37509
          -1.39803
          -0.00539
          -2.72922
           0.94114
          -1.53182
          -0.72204
           3.68942
           0.20540
          -1.37547
          -2.60620
           0.52487
          -0.17953
           1.17770
           2.18050
           0.30564
          -0.56873
          -3.15189
          -4.24017
          -2.47971
          -1.61244
          -3.81783
          -0.32736
           0.99866
           0.20860
          -0.43879
           1.16868
           2.82917
          -1.22544
          -0.87533
          -0.29621
          -0.65934
           0.68984
          -1.91784
          -0.67081
           2.07838
           2.95382
           1.81746
           1.87039
          -5.38506
          -0.85143
          -0.86876
          -3.74341
           2.25381
          -2.92385
           1.34511
          -2.57084
           1.17322
          -0.31062
          -5.20180
           0.82022
           0.21904
           1.45479
           0.47162
          -2.27955
           1.01690
          -0.44084
          -1.34965
          -2.89013
          -3.58415
           1.14180
          -0.04486
           2.57716
          -2.08274
           1.60426
          -0.52349
          -3.78382
           1.62093
          -1.71353
          -0.49289
           1.32686
           1.01673
          -2.70572
          -1.14920
           3.72709
          -1.27453
          -0.63610
          -1.58303
           0.17737
           2.47398
          -2.92484
           2.30097
          -2.09960
          -2.00493
           0.53179
           0.45748
          -1.00460
          -2.74792
           0.23310
          -0.38987
          -0.60094
           0.62558
          -0.34441
          -2.35170
          -0.39502
           0.66771
          -2.20879
           2.91242
          -2.74241
          -2.64438
          -3.42033
          -0.96166
           1.92508
          -2.69258
          -2.76869
          -0.77609
           2.07118
           1.36982
          -0.32687
          -0.63362
          -2.19777
           0.54002
           0.65725
           1.54679
           3.70216
           0.26110
          -1.50850
          -2.39001
           0.65123
          -0.96801
          -4.34141
          -0.62503
          -1.72044
          -0.81404
           0.20933
          -1.44198
          -3.62828
          -3.59673
           3.29618
          -2.73919
           1.53115
          -2.76034
          -0.18398
          -2.38577
           0.10476
           2.04313
          -0.59660
           0.57755
           1.79623
          -2.70390
           0.53084
           1.24017
           0.28610
          -2.08795
           2.54214
          -0.06278
          -1.11190
          -0.36421
          -1.42284
          -2.32813
           1.87992
           1.68015
           0.66916
           2.84684
          -3.04346
          -0.97382
          -1.82012
           0.61165
          -0.51980
          -2.12736
          -2.87819
          -0.89838
           0.23098
           0.76116
          -0.94152
          -3.59857
           0.19904
           2.01256
          -1.14448
           3.60967
          -1.64963
          -2.17589
          -0.91897
          -1.72160
          -0.08856
          -0.10002
           0.41156
           0.44043
          -0.73318
          -0.14086
          -0.72814
          -0.16849
          -0.27855
          -0.59913
          -1.71082
          -0.95213
           0.30007
          -0.74670
          -1.12355
          -1.81170
          -0.64981
          -0.96818
          -0.87467
          -0.85986
          -1.21897
          -1.91731
          -2.59372
           1.68434
          -2.79238
          -0.44600
          -2.66712
          -0.13660
          -2.97329
          -2.21765
          -1.50725
          -2.32700
          -0.92814
          -0.77978
          -0.06747
          -2.03102
           0.63998
          -2.13928
          -0.23604
           1.46636
          -1.79506
           0.54562
          -1.31558
           1.73948
           1.60265
          -0.27475
          -0.84599
           0.92781
          -2.22802
          -0.21789
          -1.63718
          -1.42786
          -0.12134
          -1.51779
           1.39573
           1.02945
          -0.57875
           0.27092
          -2.04444
          -0.47829
          -0.34716
           0.82760
           2.09924
           1.50091
           0.89226
          -3.36171
           1.57453
           2.07750
          -0.61411
          -2.08242
           0.47801
           2.12929
          -2.69216
          -2.95467
          -1.58015
          -0.36948
          -2.20108
          -0.25393
          -0.50684
          -2.69000
          -0.26769
          -2.73162
          -1.50468
           1.38452
           0.21418
          -0.96570
          -0.69673
          -1.83032
          -2.11306
           0.81647
           0.27950
           0.35760
          -2.48594
          -1.85016
           3.99019
          -2.74686
          -0.26681
          -4.25314
          -2.06499
           0.76985
          -1.81336
           0.14904
          -0.32151
          -1.76541
          -4.84504
           2.64877
          -0.29513
           1.97590
          -2.40125
          -1.33476
          -3.68534
           0.67451
           1.50322
          -1.39946
          -1.09610
          -3.61663
          -0.35238
          -2.01855
          -3.02864
          -2.51260
           0.39251
           1.44610
          -0.12146
          -4.39247
          -0.89895
          -1.05564
           2.45961
          -1.57257
           2.56292
          -0.39971
           0.49334
          -2.36384
          -0.23533
           0.52169
          -2.40442
          -0.28293
           2.45631
           1.72839
           1.86796
           3.32813
           0.00007
               NaN
           0.94827
           0.94990
          -2.87640
          -2.98267
          -1.31040
          -0.59416
          -1.32416
          -0.95518
           1.62290
           1.88889
           4.27142
          -0.61314
          -1.85093
          -2.50787
          -1.36780
           0.63470
          -2.64368
           2.66417
          -1.69297
           2.45663
          -2.57627
          -2.92833
          -6.09948
          -1.05040
           0.33843
           0.87121
          -0.54653
          -0.07543
           1.23007
          -2.04515
          -0.97284
           0.49840
          -1.40869
           0.00148
           0.42385
          -0.10345
          -2.85608
           1.04414
          -2.33635
           1.46306
          -2.45098
           0.30604
           3.28247
           0.71656
          -2.96863
           0.06649
          -3.18960
           1.57056
           1.46566
          -1.51557
           0.64278
          -3.63990
           3.69793
          -0.91991
          -1.04693
           0.23210
           1.97941
          -1.17630
          -4.54597
          -1.37757
          -3.32842
          -0.06442
          -2.39322
           0.21613
          -0.65723
          -1.20817
           2.72567
           3.47262
          -0.67250
           3.54009
          -0.84540
          -2.78724
          -0.03989
           0.86404
          -3.62401
           2.59274
          -2.68596
           0.42734
           2.03653
           3.60236
          -4.47587
          -0.82954
               NaN
          -2.01438
           1.44619
          -1.05790
           0.27449
           1.15224
          -0.95609
          -4.09174
           4.62119
           0.69286
           0.62424
          -4.79952
          -2.76577
          -2.97015
          -2.28814
           0.23381
          -6.03162
           2.51715
           0.41131
          -0.56265
          -0.31561
          -3.28146
          -0.06507
          -2.48240
          -1.95327
           2.01784
          -2.58722
          -2.43495
           2.92575
           1.31755
          -2.18381
          -1.41822
          -1.33192
          -0.66000
          -0.61574
          -2.56127
          -1.50187
          -1.59837
          -2.03908
          -0.46098
          -4.17505
           0.91040
          -3.80241
           1.44896
          -0.03683
           2.09341
          -1.20383
          -1.06144
           0.24828
           0.08258
          -2.23351
           0.63601
           1.91003
           0.80331
           0.39323
          -0.52041
           3.22273
           0.90918
          -0.50988
          -1.73439
          -0.79550
          -0.80812
          -4.60519
           0.85943
           0.17610
           1.89782
          -5.01453
          -3.20093
           2.38974
           1.39172
           1.12039
           4.31468
           1.06912
           2.04327
           1.85727
           0.93348
          -2.47502
           1.15102
          -0.66170
          -0.64352
          -2.76833
          -0.66924
          -3.22216
           3.28131
           0.00628
          -0.79412
           2.84151
           0.29023
           0.92752
          -0.08378
           0.47585
          -5.60456
           1.15218
           1.18044
           0.81172
          -2.97103
          -1.10298
           3.88367
          -3.30468
          -1.08824
          -4.03369
          -0.87095
           0.96600
           1.87942
          -1.94172
           2.73425
           1.13991
           3.52104
          -2.56993
          -1.32711
           0.65014
           4.10034
          -2.00152
          -4.24340
          -2.93267
          -0.75174
          -2.47453
          -2.86690
           0.03477
          -1.65274
           0.57331
          -1.36991
          -0.37106
          -2.12566
           0.47930
          -2.53574
          -4.17182
           1.05810
          -2.61843
           4.70093
          -2.45951
          -0.77433
          -0.56806
          -1.87909
          -0.48336
          -2.40910
           1.43596
           0.28894
           0.29861
          -3.59131
          -1.48499
          -1.20830
          -5.28385
          -0.29125
           3.49009
           2.69741
          -0.40457
          -1.74655
           3.35264
          -1.17176
               NaN
          -2.32298
           1.55656
          -0.80493
          -0.76242
          -3.08998
          -2.19510
          -2.73507
          -0.92696
           4.65334
          -0.07809
           2.30007
           0.75155
          -0.79217
           0.11326
          -1.81732
          -4.78888
          -2.56393
          -0.44936
          -2.40637
           2.14779
           0.90412
          -3.42326
          -3.40127
           4.18056
           0.78264
          -1.14441
           1.78170
          -4.65676
          -2.67560
           1.04434
          -3.05875
          -0.30658
           2.14249
           4.07939
          -2.61960
          -3.33927
          -2.58827
           0.49974
           4.94610
          -3.38459
           0.23723
           0.57980
          -0.85382
           2.21682
          -1.40071
          -3.18070
          -3.08335
          -2.93629
           0.04774
          -2.30870
           3.30915
           1.37406
           3.12854
          -2.52930
           0.77554
          -3.23310
          -4.01590
           0.05351
          -3.08904
          -0.00633
          -1.73957
          -1.26463
          -1.53687
          -0.59226
          -0.73958
          -0.99113
          -0.03640
          -1.27358
          -0.81373
          -1.81649
          -1.87210
          -4.59561
           1.72993
          -2.20516
           2.63650
           1.73908
          -0.09099
           0.12168
          -2.45028
          -3.01124
          -2.28491
          -1.54344
           0.70614
          -0.11173
           0.69420
           1.29729
          -4.55520
          -2.34357
          -0.05091
          -1.19129
          -2.15064
           1.23058
           1.86946
           0.53505
          -3.26554
          -0.87515
          -1.60648
          -5.09706
          -2.19069
           0.18685
          -1.88725
          -3.57059
          -1.62113
           1.61265
           0.83399
          -1.35212
          -1.18536
          -0.91281
          -4.08863
           3.33469
          -0.20199
          -0.97852
           2.09363
          -0.36767
           0.20296
          -0.24325
          -2.38767
          -3.76856
          -2.61800
           1.88561
          -0.05446
          -0.88079
          -0.80365
          -3.16507
          -0.70709
          -1.02246
          -1.10968
           1.49216
           1.67970
           0.40810
          -5.51486
           1.16342
          -3.08286
          -2.48739
          -1.67424
          -3.53424
          -1.11102
          -0.48302
          -0.15910
          -0.24328
           0.92500
           0.57087
           0.64986
           1.19690
          -2.28428
          -0.35266
          -0.13221
          -2.76108
           0.86610
          -3.64280
           0.35114
          -3.16031
           0.81434
          -0.53284
           0.53692
           0.36729
               NaN
           0.40433
           1.25990
          -1.70019
           1.91704
           2.08504
          -1.36983
          -2.22330
          -1.72084
           0.63009
           1.54012
           0.77579
          -0.60941
          -3.14253
          -2.81894
           1.57332
          -1.97519
          -1.79120
          -0.85196
           2.92219
          -2.47227
          -0.64309
          -2.16307
          -1.81188
          -1.28077
          -2.03027
          -1.24304
          -2.81114
          -2.00615
           1.03831
          -0.15272
           1.13518
          -0.10026
           0.22312
          -3.60607
           1.25154
          -2.98999
          -2.17379
           2.69730
           1.44322
          -4.75410
          -2.88725
          -3.19053
          -0.70446
          -2.85201
           0.03572
          -2.21830
          -3.32632
           0.02621
          -2.19833
           2.07228
          -1.56819
           0.01829
          -1.92021
          -4.09822
           0.12065
          -1.11028
          -4.42411
           0.06052
          -0.11701
          -0.54332
           0.38738
          -1.28409
          -2.39442
          -0.99439
          -0.27740
           1.79376
           1.55337
          -0.91985
          -1.30472
           1.86610
           0.28814
          -3.24886
           3.76791
          -1.00362
          -5.78208
          -1.69144
          -3.04824
           0.29618
           2.10012
           0.62153
           2.24777
          -2.92610
          -1.23122
               NaN
           3.48347
           0.37374
          -0.71571
          -3.34045
           1.23522
           1.86430
           1.10635
          -0.27881
           2.90641
          -0.70998
           0.07654
          -0.27611
           0.00795
          -1.24033
          -2.27426
           0.82068
           0.14752
           0.30038
          -0.44261
           2.17613
          -2.09316
          -3.14784
          -0.45212
          -1.80239
           0.92588
           0.91087
          -3.60096
          -1.55502
          -1.28690
           2.86282
          -3.65119
          -0.73226
           1.18419
           1.81143
           2.26713
          -1.54022
          -0.16048
               NaN
          -1.42209
          -0.78531
          -0.19989
          -3.97222
          -5.91884
           1.71624
           0.68673
           0.98008
          -3.29479
          -2.24021
          -0.49828
          -2.01470
          -0.17334
           2.84527
          -0.48728
           2.33278
          -3.26138
           2.15585
          -0.94511
          -1.69165
          -3.82644
          -3.54102
          -0.69421
          -4.82424
          -0.38517
          -3.03207
          -0.59326
          -4.79220
           0.73088
          -1.56086
           0.34809
           0.06515
          -3.12902
          -1.97999
          -4.19531
          -3.02714
          -1.06906
           0.16987
          -2.47387
           0.81920
           0.90988
          -2.56648
           0.44891
           0.54047
          -0.85924
           2.00562
          -2.06568
          -0.92880
           3.05505
          -0.92048
          -0.79570
          -2.39398
           0.69549
          -4.02614
           0.35531
          -1.23189
           2.73492
          -1.24678
          -1.51406
          -1.47004
          -2.96986
          -0.06692
           3.68629
           1.19783
          -3.35721
           3.88532
           0.29606
          -0.46692
          -0.59771
          -4.73871
          -1.40189
           1.30036
           3.21051
          -1.98280
          -1.09769
          -0.75840
           3.00321
          -1.08088
          -0.28992
          -0.86959
           1.42249
          -0.76446
          -0.33511
           0.18220
          -1.21450
           0.02121
          -2.87909
          -0.28116
           2.63055
          -3.42797
           0.19415
           0.98600
          -3.00837
          -2.71665
          -0.79744
          -1.20395
           3.23098
           1.85998
           3.86898
          -2.93960
          -2.36928
          -1.95999
          -2.45963
          -0.13439
           1.71088
           2.83992
          -0.47269
          -2.80637
          -0.39703
           3.61356
          -0.00346
          -2.14661
          -2.41148
          -0.52572
          -2.72712
           0.19591
          -0.89972
          -2.93051
           1.06718
          -1.22349
           0.08923
          -1.45823
          -2.58727
           0.69584
          -4.45966
           1.59861
          -0.64942
          -2.74746
          -0.88412
          -4.83371
          -3.16168
          -0.74346
           0.70291
          -2.04683
          -0.31687
           0.45379
          -0.33614
           1.37024
          -1.19609
           1.92623
           4.49725
           0.05364
           1.02030
          -1.90956
          -1.01476
           0.32605
          -1.85190
          -2.15840
          -1.73617
           2.58643
           1.66721
           1.28621
           2.49484
          -0.23975
           2.37435
           4.96239
          -1.30720
           0.79352
          -1.24812
          -3.22578
           0.37482
          -0.66884
           0.99808
          -3.65944
           1.82691
          -1.32198
          -0.51236
           2.10156
          -0.77921
          -2.04766
           0.84592
           1.76260
          -2.60816
          -2.78099
          -1.87385
          -1.01830
          -1.51694
          -5.06412
           1.19663
           3.09942
           3.04961
          -2.78857
           2.01161
           1.87993
          -1.13598
           0.66467
          -2.82135
           3.01538
          -3.67804
          -2.38753
          -0.42906
           1.10999
           0.61275
          -4.07386
          -3.62847
           0.73174
           0.38113
          -4.96076
           0.08572
           0.87349
          -2.85587
           1.91973
           2.21383
          -5.59999
           0.64474
          -0.05348
          -4.87348
           2.41884
          -1.24423
          -2.42094
          -0.90663
           1.23013
          -0.95846
          -2.73196
           2.33043
          -0.28282
           0.85348
          -2.44913
          -0.55987
           0.45097
           2.54302
          -2.51024
           1.98597
          -0.74100
          -2.98200
          -1.34278
          -1.91841
          -0.94032
          -1.79103
           0.31148
          -1.48103
          -1.54585
          -1.31889
          -3.09887
           0.36890
          -3.14751
          -2.39398
          -0.73217
           2.01595
          -2.52910
           0.55831
           1.70250
          -0.09666
          -2.48642
          -0.07001
          -5.30893
           0.15346
           2.39966
           0.30731
           0.54755
           2.50091
          -0.55778
          -2.11007
           0.55304
          -0.57079
          -0.01216
          -0.11440
          -0.16055
           1.28525
           1.00274
           0.31898
          -2.27280
          -2.51966
          -0.21605
          -2.66394
          -2.15046
          -1.14291
           0.32812
           2.33113
           4.29765
          -0.79878
          -5.05034
          -1.16682
          -2.70961
          -1.27614
           1.09036
           0.66718
           0.23118
          -1.77213
          -4.23860
          -4.53236
          -4.17487
           0.18044
           2.59832
          -4.16438
           0.60805
           0.03880
          -0.23578
           1.33359
           0.50692
           0.08334
          -2.24120
          -4.38316
          -1.31900
          -1.82927
          -2.79763
           2.15045
           1.17976
          -2.01336
          -3.69013
           0.20812
          -1.95782
           0.16938
          -2.48227
          -0.67924
          -1.16734
          -3.45278
           1.15201
          -0.68978
          -2.00286
           2.28302
          -3.07155
          -2.76834
          -4.64960
           0.94538
          -0.15484
          -3.19604
           1.30404
          -3.13363
           0.12607
          -3.08705
          -3.09260
          -1.15555
           0.80439
          -1.43033
           2.11837
          -1.05610
          -3.52879
          -4.51024
          -1.80516
           1.14509
          -0.57018
          -3.01353
          -0.94055
          -1.89667
           0.07968
          -0.18303
          -3.92592
          -1.54671
          -2.41610
          -2.71124
          -1.17604
           2.02145
          -1.61170
           2.55330
          -1.18014
          -0.75470
          -1.22664
           1.06602
           2.09147
          -1.84337
           2.05802
          -0.74791
          -1.54760
          -2.68241
           1.91669
          -2.34388
           0.90348
          -2.22884
           2.33941
          -0.52003
           1.60572
          -2.32306
           1.98035
          -1.24818
          -2.08920
          -1.34153
          -0.87369
          -3.39750
           1.36852
          -1.36133
               NaN
           0.27725
          -1.59137
           1.72372
          -2.71583
          -6.41127
          -2.04444
           3.43391
           1.69639
           4.53259
           1.81774
          -0.13750
          -3.39967
          -3.01304
          -1.70793
           2.28474
           2.99829
           2.14111
           1.72903
          -1.07597
          -6.42138
          -3.93032
           1.67392
           0.17061
           1.96992
           1.29861
          -0.66687
           0.74772
          -2.04166
           3.10270
          -0.89875
          -3.35756
          -0.44733
          -3.85171
           1.63486
          -1.51516
           2.27860
           1.35085
          -2.39493
           1.18405
           3.08313
          -1.31226
           2.50093
          -2.03720
           0.98089
           1.87794
               NaN
           1.16392
          -3.73331
           1.45476
           0.97743
          -1.26559
          -3.92850
          -4.33627
          -3.09779
          -0.17696
          -3.23756
          -0.16297
          -0.94563
          -0.12731
          -1.92922
          -1.43485
          -0.36471
           2.28002
          -0.72283
