           6.37350
           7.23272
           8.96992
           2.02265
          -7.57084
          12.32815
          -2.92490
          12.02040
         -10.51896
           2.73231
           2.74909
          18.59434
           1.67039
           8.21866
           0.97802
           6.13358
           1.10768
          -3.92941
           5.31538
           5.52062
          -6.00738
         -18.83510
          -0.29157
           2.02181
          -5.67774
           8.50531
          -5.72877
           1.34264
          -1.36469
          -7.77645
           7.29352
          11.18505
          -4.03487
           2.26044
           6.19930
           3.54500
          -2.61061
           7.21522
          -7.05726
          13.32888
          -3.71958
          11.18188
           3.49899
           2.65410
           3.18773
          -6.05156
               NaN
          -1.12288
          -2.27989
          -0.21373
           8.35210
          14.53674
               NaN
          -1.38953
          -0.83327
          10.44147
               NaN
         -13.13672
           3.89914
          -5.66915
           3.18644
          -2.87295
          -1.77808
           3.09621
           8.08570
          17.33217
               NaN
           4.07812
           3.76392
           1.10517
          16.13259
           7.63090
          -1.40173
          -0.60262
           3.58185
               NaN
         -10.97356
         -10.07629
           8.73155
           4.49119
          -0.27090
           7.76676
          -0.54910
          -7.90886
          -0.00127
          -3.76790
           8.44964
           9.76003
         -13.10452
          -3.71711
          11.68521
          -3.65339
          -5.21560
           0.39492
          -4.87754
           2.82428
           1.81572
          -2.96715
          -9.24212
           6.61121
          -2.77514
          -1.12796
          -2.75858
          -8.33934
           4.47335
          -1.82762
          -4.57426
          -7.88699
         -17.73718
          -3.03275
           0.43707
           4.90460
           8.04470
           1.67009
          13.25110
          -7.52421
           1.40488
          -0.20578
           4.86622
          15.07133
          -5.40456
          -6.63003
          -0.15517
          -8.33099
          -7.27664
          -0.54536
          13.91855
          -3.53533
          -8.17897
          -3.62898
          -5.61449
           4.96879
           9.44686
           0.71694
           3.46020
           4.33475
           8.31150
           4.20035
          19.42634
          -2.16958
           1.26953
           7.44589
           9.69084
          -4.57755
          -0.13337
          -6.86072
          11.98432
           3.60969
          -3.45949
           4.75728
          18.15449
          -4.59669
           5.05719
          -0.04176
           0.34504
          12.86155
           7.39315
          11.05904
          -5.23264
          -4.97844
          19.63463
          -3.64938
           0.26188
          -1.54568
          -2.44520
          -3.44527
           7.49920
           4.05593
         -10.67394
          -0.63122
         -10.86376
           6.43766
           7.73629
          -5.46474
           2.45988
           1.21286
           7.71762
          -3.52662
          -1.92697
           5.12338
          10.91708
           1.26786
          -0.38363
           0.57554
          -8.22019
          -1.18025
          -3.30351
         -11.38415
          -7.42412
          -5.49492
          12.83520
           1.97344
           9.16133
          10.26128
          -2.84616
           3.11535
           8.31247
           9.08043
          -2.17807
           6.83878
          15.41934
           3.87228
          -6.39290
          -4.18383
         -17.12032
          -2.70771
           8.48124
          -1.34536
           0.13426
           6.93607
           3.25205
          14.64809
           5.00263
               NaN
          -3.24436
         -10.52517
           5.88509
           3.11205
          -5.40211
          -3.79815
          13.14050
           2.58459
           1.04620
           3.05570
           1.06286
         -11.02603
           3.50164
           3.91099
          -5.28639
          -4.33791
          -1.10538
           3.57367
         -10.29791
          -1.50519
          -9.16386
          11.52344
           5.58289
           4.90997
           8.35308
          -3.15146
           2.14596
          -0.96544
               NaN
           4.69933
           7.29661
           1.46054
           4.28837
         -11.04972
          -0.19504
           9.50199
               NaN
          -6.34718
          18.17038
          -6.03889
         -11.27204
          13.43449
           1.35919
         -15.90817
           3.51547
          -4.32706
           7.84636
          -5.51958
           5.47904
          -7.93385
          -1.94877
           7.17232
           6.93923
          -4.44875
          -3.61718
          -3.29006
           3.72836
          -2.97629
           2.56649
          -5.79716
          -1.32218
           1.58655
          -3.33024
          11.00490
          10.16877
           1.74601
           2.00670
           6.78052
          -3.22221
          -0.63300
          -0.49352
          -6.87895
           5.91939
          14.86896
          -1.24298
          12.89411
           9.35623
          -1.38817
          -2.38001
           8.36722
         -11.27028
          -1.64170
          12.13600
           0.48174
           0.81848
           3.70778
          -2.09445
           1.55899
           8.11457
           2.73859
          12.27111
           7.55771
           0.79059
          10.69055
           0.53858
           5.43825
          -0.43789
          -4.37260
           3.88439
           0.58954
          -1.53360
          -0.66077
           1.01466
           0.23216
          -1.45644
           4.37049
           6.31733
           0.24817
           8.10091
           5.36541
           8.83335
          -3.07802
           4.93179
         -11.21148
           0.81748
           0.82441
          -9.74170
           6.65296
         -10.87405
           4.71122
         -11.91046
          -4.30877
           6.77720
          -2.91935
          -1.65685
           6.11558
           4.61122
          -1.50771
           1.65934
          -3.87113
           4.55186
           4.96314
           9.47693
           0.87902
           0.33705
           2.31340
          -9.49654
          -6.07182
          -2.17404
          -6.32480
           5.23268
           3.79308
           0.97671
          -0.20848
          -6.80647
          10.16498
          -3.56975
          -7.27400
          -1.25103
         -12.54625
          -0.17140
         -15.20753
          -6.91631
           0.52812
           3.72499
           5.81394
          14.08920
           1.30220
          -2.95577
          -1.88010
           7.32068
           7.08062
          -1.79793
          -8.97043
           7.41449
           3.04525
           4.42917
          -4.90986
          17.90573
           0.26574
          12.01460
          -3.42887
           4.35003
           2.57785
          17.43382
          -5.22831
           1.65362
           5.55801
          -0.23761
           8.78637
           0.15730
         -12.48610
           9.72156
          -1.36505
           1.05269
          14.05233
          -5.15830
         -10.22081
           3.44514
           8.55673
           5.07230
           6.71649
           6.13201
          -3.94133
           7.20724
           6.08733
           6.16724
          14.15628
          -1.78157
          14.23823
          15.86595
           1.48940
           5.71737
          -2.50724
          -6.56812
          -3.74238
           1.73307
           5.26196
          -2.88755
           0.56772
          -4.27492
           5.34627
          13.06853
           9.29586
           9.84106
          11.41283
           5.77079
          -3.31884
          -1.55614
          -4.11945
          -7.04456
          10.10070
           5.48911
          -0.10579
          -4.30327
          -0.49427
           0.21183
           9.77136
           7.66931
          -0.86157
          -1.46275
           3.45926
          -1.48090
          -2.64245
          -8.53857
          -8.79346
         -14.76771
          -6.95796
           2.18475
           5.53332
           8.91252
           1.13588
          -5.48119
           0.52865
          -0.50264
          -1.12075
          -3.02069
          -6.31404
           1.98952
           4.53401
          -0.92960
           2.76227
          -7.59488
         -12.03517
          -3.49756
         -11.63114
          -3.29742
           7.70462
          -1.37804
           9.01698
           3.71505
           1.70141
          -8.07473
           9.54074
          14.80317
          -7.55171
           6.27011
           8.00368
           6.43811
         -11.28692
          -4.87792
           0.83513
          -8.07349
         -13.24056
           2.45034
         -11.75501
           7.53425
           5.03147
           3.18580
          -4.75665
           6.22110
           0.29586
           3.28925
          -0.39271
           5.90260
           7.53210
           4.40472
           7.22171
          -3.90459
           1.20183
          -7.51866
           1.87412
           6.15073
           6.46657
           2.41845
          -1.66555
           1.56725
          17.88227
          -3.84878
         -12.99364
          11.46360
           3.25913
           4.70159
         -12.62526
           7.61663
          -5.10206
           3.44078
          -6.59317
          -5.01983
           5.43176
          12.81734
           0.81819
          -3.21252
           6.70186
           6.68343
          12.85161
           3.69490
          -9.45166
          -1.48990
           0.69353
          -7.82318
          -2.82428
           7.28841
           9.48630
          -5.52130
           5.14028
           2.34894
         -10.66052
           9.94786
          -8.10583
          13.02589
          -6.30929
           6.67273
           1.30039
           0.36817
           3.22243
           8.12239
          -5.79908
           3.46670
           1.66491
           4.08768
           1.21450
           0.07741
          -8.23758
          -3.03406
          12.97872
          -2.06408
          18.06820
          -1.83429
          -2.66559
           5.01066
          16.92277
          -9.73538
          11.54789
           1.00080
          -0.14863
           6.45667
          -2.75493
           3.27460
           5.67405
           1.54794
           9.48648
          -2.99859
         -15.44058
           4.34388
          -8.37939
           0.66333
         -12.29169
          12.18458
           8.07736
           6.14831
           3.38084
         -12.79299
           2.35816
           0.86055
          -1.19204
           9.04929
           0.26402
           6.86370
           6.60973
          -2.78820
           4.86234
          -6.06157
           5.29450
          14.56707
               NaN
         -10.40791
          -9.07433
           9.49902
          -7.98047
          -3.87104
          -9.37780
           4.09735
          11.10095
           3.48074
          18.52321
          14.94641
           8.28377
           0.98906
           7.85670
          -0.32515
          -0.33359
           5.53958
          -0.55503
          13.62361
          -2.19030
           6.84492
           6.05223
          10.44656
         -13.13678
           2.96665
          11.06343
          -3.99882
           1.90165
          -0.00306
         -10.79020
          -8.39594
           6.34747
           0.09522
          -3.26093
               NaN
           6.66181
           4.81023
           2.89135
           3.40620
           3.35739
          17.38238
           2.62921
           3.08576
           1.91966
          14.45219
           3.90386
          -0.84159
           8.26306
           6.27907
           1.54080
           8.44379
           5.91121
          -3.36702
          -5.63510
          13.47086
          -3.91910
          10.82332
          -0.05445
           1.58325
           0.34344
           7.74710
          -4.83338
           0.10442
           0.70410
          -1.88181
          21.09801
           1.85594
          -6.68782
          -2.85009
          15.41776
         -11.60534
           0.46748
          -1.57761
           0.53066
           7.83269
           2.72150
           0.03192
          -5.86435
          -6.88253
           4.29149
           7.75685
          14.38052
          -9.41074
          -6.00803
          -8.03763
           8.94225
          -5.80559
          -3.72177
           0.16748
           5.91081
          -9.61610
           3.72364
           1.43783
          -7.28498
           1.31087
           7.18790
         -12.94901
          -2.52068
          -6.30182
          13.82168
           4.87698
           8.17941
           2.55205
         -15.38284
          -0.44245
          11.31998
          -3.88525
          -7.48629
           0.54783
           4.00376
          -1.52466
           8.83415
           6.75953
           6.34034
           1.27469
           6.37145
          -8.98919
           8.69138
           8.25193
           2.60589
           6.54374
          -4.77876
           1.15316
           6.42851
          -4.72963
          -7.39398
           7.82672
          -2.14687
          11.10676
          16.53497
           0.72757
           1.27122
          -5.16231
           0.91486
          -2.70790
           4.56916
          14.00906
           7.27374
           6.83786
           3.93129
           5.30435
          -8.86226
           9.72473
           3.10739
          -0.64802
           0.98666
          13.52858
           5.29319
           3.16050
           6.51627
           6.77440
           5.41814
           0.08660
         -10.68258
          -0.34019
           6.12926
           5.29219
          -3.24342
           4.13680
         -10.80484
          -5.90128
           6.86306
          -4.64171
          -4.32290
           8.98448
           7.30365
         -13.19123
           4.55064
           2.16835
           5.66925
          19.95330
          -7.68017
           5.46888
          -1.04982
           4.50118
          -3.74885
          -7.17940
          -1.49650
          -5.86075
          -6.07392
         -17.99345
           1.33865
         -12.36486
         -10.50123
               NaN
           7.19297
           4.02705
           4.75207
           4.90728
          -0.72296
         -10.46895
           0.50392
           4.68783
           3.64323
           0.90379
           1.98691
          -7.56125
          -4.47776
           0.41405
           8.08098
          -4.74043
           5.39549
         -11.57735
          -7.16332
           2.05393
         -10.09675
           2.69267
           9.17300
          -0.09194
          -0.62375
          16.57150
          11.08790
           2.88245
          -2.69718
          16.78733
           6.60445
          -8.49413
           2.29079
           4.28732
           1.86470
           1.26542
          13.11502
           8.83917
           8.16878
          10.87019
          -9.07684
           3.07322
           3.64127
           7.64797
           1.16424
          -1.80457
         -10.81541
         -10.79558
           2.50137
           7.51190
          -5.46791
          -6.98874
           5.80652
          -9.53517
          -1.13626
          -1.61278
           7.60748
          -2.77347
           7.82937
          14.84026
           6.44704
           6.03480
           1.31223
          -3.00746
           3.21118
          -1.35201
          -3.45790
          -1.49285
          -0.58192
          12.33269
           0.11621
         -10.23405
          10.10028
           0.64069
           6.97025
          -9.97017
          -5.99670
          20.86466
          -4.28809
          12.14715
          -5.81348
          -1.25652
           8.33249
           1.44388
          -8.21230
          -5.80689
           1.03573
           2.49144
          12.35652
           9.62864
         -11.78071
          10.76096
          -4.80023
           3.24836
           2.82333
           2.05634
          -5.75752
          -1.02633
         -18.11732
          17.63913
          17.23283
          -3.57631
          -0.83626
           6.43287
          10.19968
          -9.38847
           2.85152
          -1.62833
          -5.32349
           0.30062
           6.30743
           4.09745
           8.62141
          -0.52298
           3.96940
          14.10293
          -6.49339
         -16.86700
         -10.11873
          -5.34908
          -0.52649
           4.91928
          -9.38790
          -4.35848
           0.73667
         -16.00124
           3.37239
           6.59765
          -2.48177
          14.75823
           1.53048
          11.87682
         -11.12981
          -2.14326
          -7.85543
          -0.80854
          16.21709
          10.41702
          -2.05118
          -4.86089
          10.97241
           2.23489
          -4.73092
          -2.36610
          14.39618
          -1.00534
          -2.72047
           7.61445
          -5.82477
           9.95120
           1.46376
           7.92545
          -0.69704
           1.93558
         -14.80096
          10.16094
          -4.62799
           0.64406
          -3.05624
          -8.48468
           9.75568
          -1.65369
          -5.63288
          -6.92802
          -9.74553
          -2.49105
               NaN
         -10.32467
          -0.05878
           3.69209
          17.56072
           2.62519
           0.21884
         -11.76622
           4.62949
          -8.94058
           5.82033
           2.56905
          -7.71821
          -3.67227
          -5.44852
           6.21484
          -3.96603
          16.37225
          11.85386
          -1.15331
           3.83949
          13.97791
          -9.34541
           4.38347
          -5.60617
          -7.19322
          -2.86410
           3.12809
           6.91739
           7.84027
           6.40045
          12.98274
           3.13800
           6.13046
               NaN
           3.48848
         -13.11115
           4.45822
          -6.91149
           2.60548
          -4.24602
          -5.17711
          -3.85120
           8.70680
           3.86971
          -0.91290
          -7.41064
          13.74638
         -12.67098
           0.73069
          -4.59136
           1.46197
           1.26700
           0.96916
           1.61042
           0.26831
          -1.36680
          -1.01941
           0.77288
               NaN
           0.09042
           2.63176
           0.22636
          -0.61572
           0.11315
          -2.28053
           1.23497
           0.18780
           0.16842
           4.45575
          -1.06029
          -0.77654
          -0.39439
           0.11475
          -1.09359
           3.85320
           0.53504
          -1.93218
          -0.14847
          -3.98048
          -1.84064
           1.55961
          -2.22958
          -3.29387
           0.20291
          -0.42136
           2.23680
          -0.82254
          -0.22025
           1.58678
          -3.75236
          -1.72178
           4.51927
           0.50766
           1.25131
           0.76737
          -2.49929
           2.41186
          -0.62211
          -3.58068
          -0.45343
           1.73849
           2.80068
           1.48536
           0.90450
          -1.73305
           2.20282
          -2.12359
           1.48565
           0.42398
           1.41048
           2.60952
          -3.53813
          -2.31520
          -1.29711
           0.83133
          -0.73351
          -0.58599
           1.55102
          -0.47453
          -2.65427
           0.14443
          -0.88781
           0.57299
          -0.99271
           0.65433
          -2.98926
           2.22742
           1.91889
           1.03524
           0.70051
          -1.54844
           4.56607
          -1.50392
           3.51342
          -0.85966
          -1.29828
          -2.25744
           0.13698
           1.23724
          -1.38359
           0.35079
          -1.84010
          -2.42353
           3.00694
          -1.33535
          -2.53933
           4.37550
           3.98772
           1.79152
          -1.67967
           0.93727
           0.05293
          -0.22517
           0.06727
          -0.82354
          -1.24671
           3.86933
          -0.80982
           1.09283
           1.03230
          -1.30382
           2.27611
          -3.58399
           0.79721
          -0.52943
           0.59490
           0.37491
          -1.34590
           0.77110
          -0.27995
          -2.33442
           1.85821
           0.75969
          -0.81609
          -2.04386
           2.26125
          -0.31246
           0.96486
          -0.10234
          -1.40767
               NaN
           4.82146
           0.22210
           3.12298
           3.30494
          -0.33717
          -0.75952
          -0.25289
           0.85087
          -1.08772
           0.83197
           1.76099
           2.08728
           0.37255
          -2.43755
           0.47579
          -1.72348
           0.26097
           1.18107
           0.01091
          -1.53336
           2.79349
           0.83461
          -2.59260
          -2.92435
          -1.89013
          -2.43915
           0.49180
          -2.55318
          -2.14600
           3.72419
           0.45215
          -1.83437
           1.08303
           1.35602
           1.00688
           1.85021
           2.51047
          -2.58138
           2.18251
           3.07252
           2.59500
          -2.84686
           1.09016
          -1.92902
           3.04064
          -3.87477
          -2.13339
          -1.80113
          -0.12383
          -3.18982
          -3.74255
           1.74546
           2.06145
           3.36515
          -3.37571
           1.07977
           1.63539
          -0.65495
          -0.78840
          -2.31354
          -1.26242
           2.04624
           0.63337
          -1.22280
          -2.78349
           1.85845
          -0.63968
          -0.22461
           1.59294
          -0.59019
          -1.38943
           0.56968
          -0.56868
          -2.06307
          -0.29957
          -1.46147
          -1.45983
          -2.20501
           1.91538
           3.43622
           2.28052
           1.38304
          -1.62020
           2.09100
           2.12271
          -1.92879
          -0.25269
          -2.05049
          -1.89800
           1.10716
           0.85025
           0.23453
          -0.89216
          -1.82212
          -0.40352
          -1.51552
           2.42267
           2.24828
          -4.58973
           1.55353
           3.90539
           1.56784
          -0.25876
          -0.00410
          -1.78381
           1.16764
           0.35892
           1.48846
          -2.12875
           1.49850
          -1.47492
          -4.57048
          -2.24839
          -0.98046
          -2.44767
           1.54551
           1.00201
          -0.13009
           0.05404
          -2.45250
          -4.45784
           2.00659
           0.29876
          -0.65170
          -0.14079
          -2.61104
           0.28322
          -1.98893
           0.95472
           2.07448
          -1.54084
           1.84146
               NaN
           4.82810
           0.70509
               NaN
           2.00703
           2.29639
           2.75910
           1.06312
           1.12867
           3.56322
           2.05124
           1.60457
          -0.37903
           2.05410
           1.71041
          -1.52727
          -0.06318
          -1.02175
           0.16118
           2.48354
          -0.27975
          -2.86939
          -2.23263
          -0.86556
          -3.90865
           0.80442
           1.27298
          -0.20697
           1.85617
          -1.17300
          -1.69148
          -1.41655
          -1.37048
           0.45685
          -1.50408
          -0.29838
          -1.03878
          -0.57721
           1.90898
          -0.04932
           0.21252
          -0.07014
          -0.80892
           0.52670
          -2.83781
          -0.44346
          -0.88319
          -3.43441
          -1.08777
           1.56948
           0.90703
          -1.14083
           2.79403
           1.19682
          -1.69060
          -0.65673
           0.02209
          -2.10041
          -2.06896
          -0.15519
          -1.35670
          -0.22428
           0.76453
          -4.01450
           2.60200
          -2.71081
          -1.25324
          -2.39933
          -2.43430
          -1.33303
           1.45433
           0.69718
           0.13538
          -1.77233
           1.46285
           0.22932
           1.30640
          -0.93633
           2.58309
           1.15987
           0.15012
          -0.57060
          -1.93066
           0.12043
          -0.78426
           0.60892
          -1.18095
           4.90819
           2.87743
           0.09395
          -0.62715
          -2.67135
           1.80193
           2.85661
           0.58566
          -1.61972
           2.95555
           1.40380
           1.82408
          -0.23069
           4.56539
          -0.57273
          -3.13936
          -0.21607
          -0.11908
          -1.37503
           1.25865
           2.69404
          -0.44998
           1.56443
           0.21950
           0.86813
           1.58443
          -0.14158
          -2.35962
           1.45557
           1.56352
          -2.55456
          -0.50159
          -1.09301
          -1.44492
           0.31936
          -1.21645
          -1.00870
           0.87075
           1.59426
           1.50539
          -3.50438
           2.38538
          -2.27514
          -2.40252
          -3.74934
           1.10616
           2.72739
           0.46038
           1.25029
           2.87042
          -2.73995
          -2.99874
          -2.33318
          -1.24778
          -0.42782
          -0.49662
          -0.92572
          -0.21884
          -3.69268
           1.35467
           1.37385
          -3.41841
           1.20681
          -3.40506
          -2.11252
          -2.52104
          -1.98201
           2.78294
           0.70959
          -1.30723
           1.45384
           0.38648
           1.40089
          -1.21984
           0.92432
           1.12080
           2.46948
          -1.96876
           0.26460
          -1.64294
          -0.88288
           0.15666
           0.53582
           1.41196
           0.92034
           1.42476
          -0.68998
           2.36222
           2.39105
          -1.13202
          -0.40403
          -2.10663
           0.28424
           0.68510
          -1.34054
           0.83669
           3.27807
           3.10947
           2.06085
          -1.43179
          -2.47490
          -0.68885
          -0.32312
          -0.64995
          -0.55647
           1.10768
           1.83624
          -5.15336
           5.40553
          -0.39436
          -3.21339
           1.02359
           1.77581
          -0.48886
          -2.66616
          -1.27903
           1.14786
          -1.31644
          -0.30927
          -1.48318
          -3.21274
          -1.09930
          -1.37328
          -0.16874
           1.39298
          -0.85376
          -0.11460
           2.10555
          -2.11609
           2.35504
           0.60602
          -0.45617
           1.41832
           2.43822
          -0.99206
          -2.40912
          -2.01318
           2.30885
           0.75200
          -0.83907
           1.18323
          -1.73308
          -5.27229
           1.14638
           0.55996
           3.67359
          -2.70770
           0.50530
          -0.76575
           0.45662
          -1.60778
           1.35816
           0.98859
           0.27618
          -1.35541
          -2.38782
          -0.05827
          -0.28448
           0.15036
           3.21320
           4.02560
          -1.80977
          -4.24630
           2.54953
           2.03974
           4.35279
          -0.45123
           0.70180
           1.00132
           0.83839
           1.74218
           1.27857
          -3.11947
           0.04179
          -3.08843
          -0.45152
          -0.62745
          -0.73226
          -1.80443
           1.45665
          -0.41527
           1.22930
           1.44656
           1.15716
          -0.54266
          -1.88814
          -1.12318
           2.47745
          -0.29209
           2.44865
          -2.18734
          -1.37947
          -3.58450
          -1.35157
           1.66316
          -3.01866
          -1.40284
          -2.14501
          -1.17684
           2.43760
          -0.70096
          -0.40559
           1.73746
           2.23250
           2.35052
           1.26971
          -0.89476
           1.26676
               NaN
          -4.50116
           2.04661
           1.35485
          -0.65826
          -1.06411
           3.34876
          -1.94971
          -1.05735
          -0.20872
           0.06524
           0.55307
          -1.73870
           0.63448
          -3.03607
           3.27987
           1.91841
           4.35341
           0.94417
          -1.55449
          -2.38674
           0.35173
          -2.84528
          -0.73493
          -0.78481
           0.52515
          -0.05574
          -1.05495
          -1.02471
          -0.99239
          -1.45942
           2.81170
          -1.78576
           1.33024
          -3.17094
          -0.65813
           1.54878
           0.95111
           0.45331
          -2.69427
           1.78492
          -2.77300
          -2.03850
           2.46209
          -2.32421
           0.54615
           2.64121
          -0.25844
           3.56494
           1.30941
           1.94624
          -2.14018
           0.37057
          -2.71091
           2.63014
          -0.05834
          -3.11031
           1.17549
               NaN
           2.98103
          -2.40067
          -2.09037
           1.03402
           4.36782
          -0.39594
          -0.73685
          -0.51979
           2.24998
          -2.88477
           0.49399
          -0.48971
          -2.01484
          -1.93143
           0.86677
           0.80766
           2.31842
          -0.12741
           2.19424
           1.38749
           0.63881
           1.70862
          -0.10416
           2.24423
           0.42864
           1.38589
           1.05801
          -0.23112
          -1.62943
          -3.32446
          -2.12552
          -2.30196
           3.61896
          -3.10546
           1.01304
           3.43515
          -0.69527
          -4.91410
          -1.84564
           0.70711
          -0.68225
           2.23825
          -1.39233
           0.62703
          -0.82241
           1.06262
           0.21590
          -1.19506
          -1.15638
           0.46869
           0.26903
          -0.43483
          -1.70422
           0.47207
           0.12177
          -2.26024
           1.20548
          -2.17267
           0.34693
          -2.98519
          -0.19737
           0.86798
           0.06462
           4.03376
           1.67037
           2.27578
          -5.12856
           1.93488
          -0.91409
           1.76441
           0.73815
          -3.49536
          -0.22703
          -2.00075
          -1.34484
           2.79397
          -2.48711
          -1.87388
          -0.06833
          -0.17050
           2.43142
          -1.26266
           0.16507
           1.31592
           0.17952
          -3.48529
           0.44454
          -0.55027
          -1.50465
          -3.32887
          -0.65677
          -0.38651
          -1.74494
          -1.11932
           1.16022
           1.75215
          -1.99846
          -0.06743
          -3.06913
           1.91773
          -3.71936
           3.23058
          -1.05118
           2.32403
           3.49723
           4.11804
           2.03357
          -2.80462
          -2.25314
          -1.38184
          -4.96655
           2.49625
          -1.18468
          -2.70056
           2.27434
          -0.05154
           0.37831
          -0.18997
           2.08081
          -2.57038
           0.73774
          -0.96999
           1.58648
           0.49374
          -1.43303
           0.66440
           0.25708
           0.24082
           3.05902
           1.55047
           1.05073
           0.64784
          -2.91516
          -0.96708
          -2.30376
          -0.82368
          -0.69169
          -3.96958
          -0.20354
          -0.51099
          -0.06532
           0.98809
           0.41397
          -4.32821
          -2.28601
           1.44589
          -0.93154
           2.93051
           0.49108
           0.63898
           1.92199
           0.48793
           2.62127
          -0.03073
          -0.83714
           1.00793
          -1.04532
           0.37433
          -2.71435
          -2.65853
           1.28619
          -1.05097
           3.98250
          -1.80664
           0.41666
           1.56062
           0.39778
          -1.61119
          -0.60568
           4.17913
           2.98359
          -0.28863
          -1.70882
          -4.44000
          -3.86301
          -2.30759
           0.91990
          -2.26595
           0.77786
          -2.34984
          -2.19889
           1.01433
          -0.67323
           0.86770
           1.11716
          -0.06579
          -0.70908
           1.61321
           2.69064
           2.19300
          -0.78673
          -3.08329
          -0.54341
           1.38059
           2.24189
           0.67424
          -0.25534
          -2.29575
          -1.58629
          -0.94097
           1.98889
           0.52135
           1.24217
          -0.12246
          -0.39297
          -0.00209
           0.22451
          -0.07095
           0.37457
          -2.61802
           2.17030
          -0.51547
          -0.08450
          -1.85550
          -0.82518
           2.53942
           1.80403
          -1.64923
          -0.33550
           2.05274
           0.11484
           1.63346
           2.80683
          -2.16770
           1.22900
          -2.24348
           0.82675
          -2.07996
           0.35686
          -1.30734
          -0.28541
          -1.34622
           1.69709
          -3.75473
          -1.73717
          -1.91653
           0.79360
           1.41309
          -0.69991
          -0.93022
          -4.72479
           1.69080
           0.18162
           0.74648
           0.63660
          -0.08799
           5.37663
           2.38804
          -0.84502
          -0.58002
           0.95150
          -2.12346
           1.23810
           0.41735
          -0.87204
          -0.88001
           1.42743
          -0.89730
           1.67657
          -1.05795
          -0.48260
          -1.13097
           2.93010
          -1.09971
           0.01542
          -2.63471
          -1.03929
          -4.07015
           1.63821
          -0.43855
          -2.82917
          -2.53112
           0.96987
           2.46010
           2.70621
           0.78686
           1.17337
           0.21143
           0.61232
          -1.98155
          -1.87244
          -3.02366
           1.50946
           2.76024
           0.99141
           2.82264
           0.64957
           1.51512
          -2.66614
           0.85356
           1.12512
               NaN
           0.26033
          -0.71130
           1.17974
          -0.23105
          -0.24753
          -0.94261
           0.85673
          -2.76075
          -0.87348
          -1.61225
           0.89951
           0.44147
          -4.28511
          -2.66773
          -0.97129
          -0.37390
           0.97945
           1.41961
           0.79704
           0.11036
           2.99606
           2.33812
           0.65775
          -0.78051
           2.16742
          -4.16910
           1.56067
          -2.31416
           0.65449
          -2.36132
          -2.05738
          -2.04353
          -0.34588
           0.11867
          -2.91036
           1.57292
           0.02706
           0.12182
           0.90431
           0.13488
           0.51566
           0.46323
          -0.97240
          -1.62769
           3.14202
           2.42392
          -0.60095
          -1.33389
          -0.51801
           0.57080
           0.55119
           1.99548
           0.16620
           1.65597
          -1.17753
           1.35425
           3.65907
           1.57220
           0.17610
           3.02577
          -1.86515
           1.57827
           0.71330
          -1.66617
           1.37830
           2.67803
           1.60523
           1.87109
           0.06466
           1.89443
          -1.61257
           1.77664
           0.22370
          -3.28283
           1.60005
           1.60175
           1.93703
           1.13293
           1.19765
           0.04881
           1.11610
           1.12112
           0.40213
           0.69423
           1.32954
           1.03283
          -0.62401
          -3.39545
           0.39831
          -0.09344
          -5.23483
          -0.08767
           1.49633
           2.10935
           0.27893
           1.04987
          -2.29465
           0.16787
           0.59800
               NaN
          -3.41460
           2.69513
          -1.01022
          -0.92258
          -0.15211
          -0.72417
           2.05792
          -0.67276
          -0.81128
           4.77696
           1.17784
          -0.50107
          -0.83329
           0.60983
          -2.57832
           4.91770
           0.65473
          -1.49303
           1.02801
          -5.39657
          -2.98487
           1.92440
          -2.24041
          -3.93656
           0.30318
          -0.66777
           1.01658
          -0.34188
          -2.30973
           2.37845
          -5.42101
          -1.46670
           4.34058
          -0.20638
           1.89158
           3.54616
          -2.01227
           2.82543
          -0.93478
          -4.25784
          -1.89690
           4.15275
           3.00990
           2.14899
          -0.98242
           0.93910
           4.03659
          -2.58017
           2.78976
          -0.11747
           2.20424
           3.02795
          -4.27109
          -3.38466
          -3.19768
          -1.65154
          -1.27535
          -1.61723
           1.47977
          -2.49225
          -3.23472
           0.44824
          -0.47252
           0.47327
           2.28655
           2.21050
          -1.44352
           0.86303
           1.95491
           1.13677
          -0.34460
          -1.20004
           5.49334
          -1.78288
           3.86841
          -2.64838
          -2.81466
           0.01485
           0.38911
           1.95561
          -0.97200
           1.31818
          -1.10924
          -1.71504
           3.25430
          -1.71076
          -1.51634
           5.27745
           2.79949
           1.62681
          -0.90714
           0.98615
           2.03543
          -1.50276
          -0.32872
           0.11763
           0.03271
               NaN
           0.23812
           0.62049
           0.39205
          -2.15296
           1.61678
          -4.35431
           2.26558
          -1.24705
          -0.09146
           0.02718
          -3.81738
           2.16693
           1.16874
          -1.70733
           4.45285
           1.28171
          -1.10594
          -4.87950
           2.25844
           1.08349
           1.47997
           1.13311
          -1.38662
          -5.61721
           4.38974
          -0.66750
           2.10730
           2.01040
           0.37137
          -3.77171
           0.58967
           0.69827
          -1.66331
          -1.41806
           2.36387
           1.39698
           0.90629
          -4.22769
          -0.22245
          -1.26131
           0.07442
          -0.60112
           1.34858
          -2.76890
           2.28338
           0.90199
          -4.23360
          -4.74930
          -4.11849
          -1.94177
           0.93451
          -4.91705
          -2.11394
           4.12577
           0.91545
          -1.23638
           1.41076
           0.67087
           1.01284
           3.82498
           2.30115
          -0.88402
           0.50461
           2.20710
           2.59062
          -2.38122
           1.68038
          -2.54413
           2.79161
          -2.94536
          -2.75307
          -2.80574
          -0.16666
          -3.12477
          -4.07933
           2.52326
           2.30571
           3.40364
          -2.68601
           2.00155
           3.13341
          -2.51557
          -0.93329
          -4.28051
          -2.80830
           3.07689
           0.88719
          -2.25478
          -4.35765
           2.86970
          -1.67803
          -2.79441
           1.31731
           0.63039
          -0.63763
           2.33544
           0.40650
          -2.47729
          -0.56354
          -1.42010
          -2.44674
          -2.83369
          -0.37586
           3.01711
          -1.27380
           2.11444
           0.54191
           1.51014
           2.10456
          -1.35230
           0.77866
          -4.43419
          -2.35118
           1.38077
           0.73019
          -0.63028
           0.54988
          -2.73507
          -1.46204
          -0.88910
           2.70862
           1.84122
          -4.92335
           2.41321
           3.40521
           2.54538
          -2.34454
          -0.89121
          -1.83767
          -0.17382
           1.23157
           2.49866
          -2.39867
           5.41103
          -2.44970
          -4.22378
          -2.92430
          -0.57743
          -0.79331
           1.40285
           1.02720
           2.14814
           1.31672
          -5.50865
          -3.97313
           3.58261
          -0.87424
          -1.25734
           1.53237
          -3.25508
           0.48171
          -3.53481
           1.82306
           1.50975
          -0.83224
           2.69353
               NaN
           4.36723
           0.51300
           5.79615
           2.63338
           1.60183
           3.16619
           1.06842
           1.82097
           3.33009
           1.81931
           2.92058
          -1.83460
           0.72109
           1.10890
          -0.76160
          -1.28178
          -1.30156
          -0.00164
           1.84431
           0.85860
          -4.18425
          -4.51548
          -1.06729
          -5.23891
          -1.23605
           1.37703
          -0.03096
           0.28266
           0.89945
          -1.66761
          -2.68088
          -0.74868
           0.40330
          -2.15170
          -0.06257
          -0.16484
          -1.39712
           0.86294
          -1.15940
          -0.37960
           0.50083
          -2.50108
           0.74049
          -2.92490
           0.07394
           0.28442
          -3.80389
          -0.90157
           2.13920
           1.75362
          -1.33458
           2.47791
           0.42193
          -2.56688
          -1.48183
           0.60704
          -2.68310
          -2.59380
          -1.60961
          -1.35820
          -1.53937
           1.94307
          -3.72503
           2.63992
          -1.27220
          -1.96301
          -1.01490
          -3.51898
           0.72610
           2.05148
          -0.03355
           0.65937
          -0.86236
           0.28818
          -0.76916
           1.60248
          -0.91788
           4.43106
           1.14790
          -0.41191
          -2.63114
          -1.50683
          -0.66257
          -1.66102
           1.61516
           0.48615
           6.19225
           3.73166
          -1.24779
          -1.23116
          -3.02718
           2.57312
           3.81673
           0.11316
          -1.30602
           3.76523
           0.85748
           3.60587
          -0.89273
               NaN
           0.16964
          -1.89462
          -0.47935
          -1.48345
          -1.69803
           1.20616
           2.18157
          -0.28530
           0.98797
          -1.16836
           0.48169
           2.30523
          -1.07959
          -3.04576
           0.84108
           3.27419
          -4.06894
          -0.37522
          -3.29644
          -1.33451
          -0.23975
          -1.89970
          -3.72330
           0.97757
           2.28960
           1.14103
          -3.36202
           1.35182
          -1.90624
          -0.99500
          -5.09410
           1.45705
           2.73265
          -0.96955
           2.10628
           4.83638
          -2.28008
          -3.91775
          -3.18640
          -1.89790
          -1.16003
           0.58758
          -1.46394
          -1.10924
          -4.38024
           0.07995
           1.34283
          -5.78830
          -0.15241
          -3.61202
          -2.41307
          -2.26175
          -1.24172
           3.37224
           1.51359
          -2.12997
           2.77643
           0.64172
           1.44919
          -1.83479
          -1.41326
           0.41846
           0.52131
          -3.57769
          -0.29531
          -1.16105
          -0.16168
           0.70832
           1.60666
          -0.74964
          -0.21754
           0.71610
          -0.08865
           3.44939
           2.13696
          -1.93002
           0.23357
          -1.90633
           0.21447
           0.05518
          -0.44246
           1.30470
           4.43474
           4.21037
           5.44418
          -0.52703
          -1.88249
          -1.85613
          -2.01641
          -0.66408
           0.38691
           1.10965
           1.40086
          -4.81962
           5.17078
           0.06703
          -3.42797
           0.69641
           2.22527
          -0.57556
          -2.31495
          -0.09522
           1.69736
           0.33350
           0.39646
          -2.41855
          -3.10831
          -2.07299
          -2.03301
          -0.09210
           2.47446
          -2.48001
          -0.95109
           3.49259
          -3.23758
           1.41576
          -0.79403
           0.99145
           1.86577
           2.27028
          -0.35792
          -0.35774
          -2.90156
           4.69361
           0.77861
          -1.74329
           1.43813
          -0.98084
          -6.01562
           1.87128
           0.48414
           3.73664
          -3.65254
          -0.72609
          -2.15945
          -0.69688
          -1.09869
           1.92888
           2.46157
          -0.17995
          -1.90046
          -2.75171
          -0.72962
          -0.00147
           0.15662
           0.89996
           4.68388
           0.50738
          -6.47939
           2.18923
           2.57516
           5.91725
          -0.89341
           1.42306
           1.12462
           1.72829
           2.71798
           0.13068
          -5.48283
          -0.19707
          -3.01325
          -1.82443
          -1.06278
          -2.87187
          -1.70466
           2.47864
          -0.20817
           1.36579
           2.76202
           1.32340
          -1.99867
          -2.99231
          -0.09217
           1.78075
          -0.29222
           3.90215
          -3.09005
          -0.78696
          -4.99205
          -1.18167
           1.13052
          -2.39666
          -0.50725
          -2.48810
          -1.71207
           2.74797
          -1.03212
          -1.65187
           1.40128
           1.77299
           1.71230
           2.68704
          -0.01391
          -0.26148
          -5.22892
               NaN
           1.95203
           1.62174
          -0.42043
          -3.60523
           4.23931
          -3.20442
          -0.73002
           0.38057
          -1.05358
           1.43565
          -2.40957
           0.31341
          -3.82020
           2.15954
           3.47275
               NaN
          -0.55090
          -0.70995
          -1.28931
           2.69071
          -4.12255
          -1.66175
          -1.31353
           0.67368
           1.66552
          -1.02391
          -1.01555
          -0.65953
          -3.10056
           1.76376
          -2.66704
           0.62338
          -2.56435
          -1.07131
           2.45301
           0.34656
          -1.80373
          -6.36309
           4.22403
           0.21643
          -2.54827
           3.67136
          -1.98095
           2.24527
           2.30715
          -1.25036
           3.45829
          -0.61931
          -0.32014
          -3.27071
          -0.34650
          -2.85895
           2.53690
          -0.20295
          -3.33170
           1.20518
               NaN
           2.71583
          -2.43979
          -1.24839
          -0.24471
               NaN
          -0.88236
          -2.70182
           0.51261
           1.45315
          -1.52206
           2.28745
           0.30279
          -2.49085
          -0.72930
           1.62899
          -2.45699
           1.04741
          -0.46146
           0.96063
           1.14317
           0.14739
          -1.03550
          -0.93490
           1.65779
           0.45052
          -1.51563
           1.30228
          -0.49156
          -3.15846
          -4.27335
          -2.28521
          -3.93174
           3.65581
          -2.73046
           2.05582
           1.23418
           0.10182
          -6.38610
          -2.25953
          -0.33405
          -0.43425
           0.96055
          -0.65780
           1.16799
          -0.69835
           1.94588
          -3.47747
          -1.08738
           0.48805
           0.68149
          -1.99091
           0.49912
          -2.03092
           0.45621
          -0.65196
          -3.71179
           0.89954
          -1.36995
           2.20531
          -1.80052
          -1.07142
           0.33514
          -1.59027
           5.26719
           2.78265
           3.11664
          -6.34943
           2.85783
          -0.03401
           1.23690
           0.06628
          -1.59041
          -0.99696
          -2.54453
          -0.00127
           2.64179
          -2.34116
           0.66493
          -0.14174
           1.28723
           0.99104
          -1.72770
          -1.05482
           0.31187
           2.95981
          -3.75647
          -1.48281
          -0.62302
           1.67563
          -3.17190
          -0.69316
           0.75536
          -2.56470
          -1.95996
           0.20564
           1.28154
          -2.09713
           1.78749
          -4.19957
           0.55821
          -3.78983
           3.19280
           0.55366
           2.97608
           2.74547
           5.06720
           2.16368
          -4.42218
          -1.87838
          -3.30410
          -6.14254
           1.97230
          -1.28636
          -1.75970
           2.06499
           0.22965
          -0.77996
          -2.24037
           1.66466
          -3.04824
          -0.44379
          -1.45519
           2.65757
          -1.03190
          -2.08676
           0.47355
           1.04581
          -1.35761
           1.57423
           1.05803
          -0.10307
          -0.32267
          -3.17529
          -0.73377
          -1.06877
          -0.59132
          -1.80034
          -4.38408
          -1.06735
          -1.85761
           1.26608
           1.62435
           0.08242
          -3.43408
          -1.24992
           0.03969
          -1.78848
           4.26567
           0.24746
           0.64848
           1.38465
          -2.82402
           3.29532
          -0.96324
          -0.59865
           0.39392
           0.15710
           1.80865
          -2.52944
          -1.90915
           1.62866
           2.35655
           3.90761
          -0.30065
           2.41933
           4.50944
           0.16258
          -1.70842
          -1.11442
           4.04385
           2.38745
           1.34777
          -1.81964
          -4.61779
          -4.55886
          -0.99669
           0.68134
          -0.69520
           1.10362
          -2.72501
          -3.53962
           1.52035
          -1.92678
           2.41275
           1.66558
          -0.49515
           0.58977
           0.75983
           0.69401
           2.29566
          -0.10985
          -4.95448
          -1.70638
           1.22802
           2.10061
          -2.00987
          -1.24183
          -1.41896
          -2.52587
          -0.72856
           1.69015
           0.46724
          -0.46286
           0.02556
          -1.49070
          -1.11546
           2.02195
           0.02666
           1.02834
          -3.53423
           1.93759
          -0.53020
           1.18351
          -0.09316
          -0.41592
           1.54209
           2.35558
          -0.01791
          -0.87872
           3.39255
           0.17299
           2.16851
           1.26787
          -1.29046
          -0.18012
          -3.05302
          -0.19008
          -2.47811
           0.04042
          -0.76565
          -0.41167
          -0.59658
           1.85296
          -3.26058
          -0.97571
          -4.20690
           0.09255
           3.07597
          -1.56558
          -1.07446
          -6.34268
           2.60650
           1.61276
          -2.49005
           0.79938
          -1.84536
               NaN
           1.87886
          -2.68433
          -0.59499
           1.84907
          -1.43787
           0.80138
           0.10043
          -3.08067
          -2.21565
           3.74790
          -1.94858
           2.12727
          -1.79248
          -1.50263
          -1.55853
           3.31524
          -1.13438
           2.63721
          -4.24218
          -3.26901
          -4.29485
           1.22383
          -1.44577
          -4.83187
          -1.24799
           0.48415
           2.71493
           4.81875
           0.61117
           0.87424
           0.48645
          -0.50456
          -1.40620
          -2.84114
          -4.23561
           3.01830
           6.11065
           2.20554
           3.41718
           0.05426
           0.51084
          -0.63845
           1.85686
           1.53727
               NaN
          -0.38399
          -2.32612
           2.11712
          -1.72552
           0.31880
          -2.45166
           2.51606
          -2.22954
          -0.33041
          -1.78982
          -1.81781
          -0.99726
          -3.55077
          -2.23052
          -2.71197
           0.02820
           1.42380
           1.58772
          -1.19321
           0.34108
           3.90197
           0.73729
           1.35968
          -2.54250
           1.79757
          -5.04331
           1.96695
          -1.58246
           2.16103
          -3.43800
          -0.19715
          -1.70256
          -0.54379
           1.51136
          -2.91412
           1.69908
           0.19502
           0.97554
           1.85359
           0.75177
           2.99011
           1.84622
          -0.77130
          -1.49224
           0.40401
           2.23266
          -0.07244
           0.50577
          -1.20582
           1.09038
          -0.05583
           1.84849
           0.74936
           2.23146
          -0.89236
           0.78253
           4.64240
          -0.66003
          -0.59282
           2.71894
          -2.55067
          -0.16871
           1.94047
          -2.51361
           1.47405
           3.86045
           1.97230
           1.07733
          -0.97254
           1.11716
          -1.80404
           0.69389
          -0.49497
          -3.60657
           4.48948
           0.30078
           3.61411
           0.61620
           2.84463
          -0.69281
           2.10262
           1.87199
           1.48541
          -0.24260
           1.35603
           0.68546
           0.08218
          -5.35826
           2.24098
           1.93288
          -3.65270
           3.72252
           0.93247
          -0.69408
           3.55273
          -0.87180
          -0.01332
          -2.75136
           1.02799
           6.33524
           5.20336
           2.53933
           2.03022
          -0.16809
           0.50011
          -4.55087
           0.03448
           1.44313
           1.59756
           3.98719
          -4.32516
          -1.17838
           0.24585
          -0.60746
           1.07225
           2.30037
           0.36045
          -2.57280
          -1.86466
          -1.91475
          -0.17150
           1.02747
          -2.21379
          -2.35634
           0.05665
          -0.06191
           4.01680
          -1.52371
           2.82778
           0.43194
          -1.31824
          -2.09386
           4.77994
           1.54927
           0.31733
          -3.28617
          -3.20972
           1.80857
          -0.16601
          -2.59288
           1.65222
          -1.78329
           2.49547
           0.51728
           3.65705
          -5.63105
          -0.47220
          -1.45756
          -0.41673
           1.21383
           0.25259
           1.99912
          -2.46892
          -0.75512
           1.47533
           4.45320
           0.05690
           0.91833
           1.65494
           2.46881
          -1.80753
          -0.29876
          -1.49362
           0.71846
          -5.77634
          -1.61572
          -5.24409
           4.21772
           1.86635
           0.88712
           2.22505
          -2.05668
           3.21341
          -1.09698
           2.99559
           1.74962
           0.91374
          -5.57213
          -0.23080
           0.18933
          -1.98400
          -1.06038
          -2.90625
          -3.45703
           2.64611
          -0.78773
          -4.03162
           3.05978
           5.72105
           2.03180
          -2.80659
           0.86596
          -2.83903
           1.63850
           0.64494
          -2.19649
          -3.11306
           0.19719
          -2.33851
           1.78187
           1.96627
          -0.06515
           3.23791
          -2.46030
          -1.34476
           0.51738
           1.59612
           0.88215
           2.25937
          -1.26507
          -2.39323
          -3.24920
          -1.92672
          -0.00182
          -0.39328
           2.09262
           2.26535
          -2.34880
           0.21345
          -1.90456
          -1.43838
          -5.60393
           5.45123
           1.51980
           4.60458
           5.19335
          -1.37074
           3.63451
          -1.48197
           1.07349
          -0.24808
           4.11421
           0.88154
           3.09427
          -0.40604
           0.17382
           1.49435
          -2.39766
           0.53311
           3.78084
          -1.94042
           0.26899
           3.53760
           0.73632
          -0.19881
          -0.26222
           1.36048
          -3.16470
          -0.15400
           0.89512
          -2.19278
           3.13839
          -0.22369
          -2.70667
           0.60494
           2.35548
           0.99819
          -1.03049
           2.81583
          -5.05740
           4.63015
           4.33495
           2.60138
          -3.52611
           0.22919
          -1.03173
           3.40392
          -5.23054
          -1.22943
          -0.33566
          -0.06137
          -3.28472
          -3.25128
           0.61083
           1.70513
           3.30900
          -4.38181
          -0.26488
          -0.54985
           2.05923
          -0.57703
           0.55578
           0.99262
           0.54277
           0.26312
           0.28259
          -0.48718
           0.38329
           0.87502
           3.52407
           1.99500
          -2.37070
          -2.48611
          -2.00611
          -1.99123
          -1.45882
           0.08549
          -1.52183
          -0.02018
          -1.28793
           5.25774
           4.04759
               NaN
           0.31612
          -4.77416
           2.93833
           2.14918
          -2.76975
          -1.75717
           1.42672
          -1.23693
           0.70804
           1.02539
           1.49607
          -2.99572
          -0.49036
           1.14059
          -2.42931
           2.00554
           2.84207
          -4.10307
           0.29946
           4.63502
           0.14186
           2.78386
           1.28998
          -1.70524
           3.12449
          -0.91405
           0.01483
          -1.73500
          -4.20890
          -0.05297
          -5.07621
          -1.26240
          -1.56837
          -4.86095
           1.75362
           0.96527
          -3.45346
          -1.78790
           2.00565
          -5.16491
          -0.29242
           2.00987
           0.23179
          -2.58151
          -1.67156
          -0.00633
           0.26610
          -0.31197
           2.89827
          -2.57450
           0.59851
               NaN
           5.50039
           0.98530
           5.23578
           1.09335
           3.30958
           2.16526
           1.05539
           0.11879
           3.90330
           2.38957
          -0.31515
           1.74428
           3.99863
           2.58785
          -2.64419
           1.71445
          -0.61357
           0.39870
           3.41601
          -1.94031
          -0.95134
           1.09748
          -0.57129
          -1.96813
           3.78095
           1.12119
          -0.46372
           4.15151
          -4.19618
          -1.72628
           0.42779
          -2.27754
           0.53496
          -0.55936
          -0.64237
          -2.31363
           0.61884
           3.43490
           1.56999
           1.07628
          -0.90304
           1.65951
           0.21484
          -2.71075
          -1.19823
          -2.58644
          -2.89544
          -1.35940
           0.73841
          -0.32792
          -0.85820
           3.25517
           2.32719
          -0.41232
           0.54689
          -0.83120
          -1.25042
          -1.30336
           1.96645
          -1.35451
           1.69409
          -0.95466
          -4.43676
           2.54667
          -4.80938
          -0.21786
          -4.41885
          -0.85203
          -4.33678
           0.58324
           1.76312
          -0.62900
          -3.09975
           3.17639
           1.68586
           0.87449
          -0.96325
          -0.11263
           1.17733
           0.96997
           2.43521
          -2.54891
           1.26263
           0.49471
          -0.85894
          -3.61283
           3.03507
           1.63131
           2.05122
           0.25394
          -2.15227
           0.67697
           1.45604
           1.27492
          -2.07734
           1.77443
           2.20073
          -0.77510
           0.73507
           0.78619
          -1.65567
          -4.95512
           0.16799
           1.87121
          -0.90386
           1.33522
           3.44161
          -0.69021
           2.40534
           2.24405
           1.43186
           0.53298
           1.22673
          -1.35871
           2.35197
          -0.93191
          -0.34545
          -0.68594
           2.12124
          -1.60599
           1.13496
          -0.21977
           2.95121
           0.71494
           0.57993
           2.03690
          -3.71205
           3.89308
          -2.81326
          -4.45574
          -1.78768
           0.59429
           2.71972
           2.54628
           0.00163
           0.00258
          -3.41078
          -1.65814
          -1.08856
          -0.29941
           0.64030
          -2.07820
          -0.14060
           1.08005
          -2.68971
           3.21416
           1.41911
           0.03868
           3.18958
          -3.10315
          -1.67409
          -2.89927
          -3.06190
           1.92331
          -0.46324
          -0.10706
          -0.47548
           0.01415
           1.33044
          -0.32278
           4.33427
           2.14535
           5.31138
           0.37827
           1.08137
          -2.34590
          -1.93493
          -0.64808
          -1.02627
           4.56518
           2.58023
           2.45851
          -1.56717
           0.77632
           2.76171
           0.03208
          -1.33413
          -2.39882
           0.38603
           1.60400
          -2.65060
           0.15399
           1.59078
           1.50355
          -2.87457
          -2.75160
          -3.33907
           1.01392
           2.14695
          -0.62933
          -1.93262
           1.10479
           2.47136
          -5.64019
           5.74796
          -1.06741
          -2.90038
           1.50088
           1.12018
          -0.36239
          -3.17849
          -3.00591
           0.34627
          -3.72329
          -1.33876
          -0.11873
          -3.36508
           0.32108
          -0.41092
          -0.28053
          -0.18464
           1.51851
           1.10564
           0.08222
          -0.48012
           3.72521
           2.64833
          -2.56789
           0.76561
           2.68319
          -1.91710
          -5.40157
          -0.71725
          -1.16992
           0.71319
           0.47996
           0.81140
          -2.83040
          -4.18796
           0.08893
           0.67055
           3.58163
          -1.32941
           2.30159
           1.26732
           2.13928
          -2.35042
           0.52562
          -1.16012
           0.94156
          -0.56032
          -1.85698
           0.92106
          -0.69732
           0.14124
           6.58765
           3.06533
          -5.18990
          -0.98879
           3.07511
           1.25870
           2.07063
           0.19381
          -0.35035
           0.82146
          -0.45974
           0.31874
           2.95305
           0.32809
           0.39023
          -3.19810
           1.55120
           0.00759
           2.38889
          -1.94997
          -0.03417
          -0.71739
           1.03021
          -0.47236
           0.91465
           1.58130
          -0.27743
          -2.62717
           3.49377
          -0.29190
           0.32836
          -0.87051
          -2.24380
          -1.53123
          -1.59940
           2.44014
          -3.92599
          -2.70928
          -1.64453
          -0.39607
           1.98485
          -0.21789
           1.41242
           2.22784
           2.90280
           3.28151
          -0.79783
          -2.17969
           3.49607
               NaN
          -0.27755
           2.18458
           0.96552
          -1.00518
           2.64274
           2.04966
          -0.11941
          -1.53484
          -1.06835
           1.69730
          -0.73438
          -0.76006
           1.10283
          -1.89223
           4.91416
          -0.34899
           1.03227
           3.12510
          -2.78646
          -3.98761
          -3.06027
          -0.98207
           0.61708
          -0.01353
           0.30848
          -2.56663
          -1.10024
          -1.03807
          -1.47795
           0.93460
           4.34038
          -0.50018
           2.36138
          -4.05581
          -0.05542
           0.22975
           1.83298
           3.74576
           2.65760
          -1.77314
               NaN
          -1.29488
           0.69807
          -2.82495
          -1.93243
           3.12850
           1.18852
           3.72051
           4.12292
           5.25231
          -0.49102
           1.41659
          -2.49496
           2.76615
           0.15262
          -2.78735
           1.13218
          -3.74264
           3.36789
          -2.34360
          -3.31861
           2.89935
           0.91254
           0.31362
           2.12954
          -2.02581
           3.41236
          -4.87262
          -2.12221
          -1.64577
          -1.32045
          -3.68503
          -0.24511
           5.56995
           4.17250
           0.35990
           3.99375
           1.74389
           1.35566
           5.71161
           1.10769
           3.09969
           0.39671
           5.61846
           0.70169
           0.14878
           0.60106
          -1.94026
          -1.89258
           0.07549
           3.56519
          -3.65248
          -0.50810
           6.64581
          -1.85803
          -2.76682
          -1.24189
           2.22591
          -1.04402
           4.10209
          -2.46383
          -0.16211
          -1.00338
          -0.22582
           5.60359
          -1.35212
          -3.55519
           0.15827
           3.56571
          -1.79724
          -1.22766
           0.49520
           1.25045
          -0.14280
           1.65176
          -3.34364
          -2.36397
          -4.71333
           1.07766
           1.64526
           2.47870
           2.23451
           0.04782
           1.04917
          -3.34763
           0.58853
          -2.19791
           2.53391
           1.71824
          -6.27420
           0.89610
          -1.20751
          -3.30476
           3.01596
          -2.70002
          -5.57736
           0.03877
          -2.29697
           4.53256
          -0.58428
           1.94458
           2.78057
          -3.87622
          -3.08970
           3.25607
          -0.44413
          -6.14387
          -3.55786
          -0.60367
          -2.05222
          -0.54912
           0.10696
           2.55270
           2.43867
          -1.85453
          -2.77330
          -1.42010
           3.90093
          -3.61656
           3.28570
          -3.39225
           1.37285
           4.59386
           2.73345
           1.84378
          -0.44500
          -2.79983
           1.42226
          -3.25108
           3.26056
          -1.03635
          -4.07305
           2.57973
          -0.46171
           2.06793
           2.80106
           2.68787
          -1.87329
           2.46128
          -0.26219
           0.02402
           2.71928
          -0.47940
           0.94279
          -0.89349
           2.57254
           5.22495
           2.26883
           2.73383
           2.06356
          -2.53571
          -1.30742
          -4.10530
          -1.16264
           0.92554
          -3.36493
           1.05655
           1.45340
          -2.00749
           0.05993
           0.89763
          -5.63252
          -3.79741
           3.49718
           0.31852
           0.98284
           0.84647
           0.62513
           2.70584
           5.31924
           1.63800
           1.32956
          -1.18504
           1.90362
          -2.79935
          -1.71799
          -2.98407
          -3.75169
           0.78660
          -6.02168
           4.09174
          -4.00349
          -2.50472
          -2.74096
           0.74087
          -1.46936
           0.13644
           4.37647
           3.85322
          -2.67572
          -1.54718
          -4.18066
          -2.84795
          -4.21986
           1.26789
          -4.55729
           0.30265
          -1.80255
          -0.24311
           0.27616
           1.15539
          -1.38614
           0.31717
           0.56055
          -2.60378
           2.85808
           5.60322
           2.04324
          -1.77413
          -0.35369
           1.15308
           1.60315
           2.44798
           4.58969
           1.18370
          -3.57478
          -0.21569
          -1.25082
           2.42467
           0.60028
           3.72937
          -0.33839
           1.20835
           1.62205
          -2.39750
          -0.21333
          -0.57911
          -1.28149
           2.50977
          -0.49398
          -1.93421
          -4.42632
          -1.42219
           3.99427
           0.99945
          -4.02893
           0.45692
           0.09830
           0.03002
           0.85296
           5.05179
          -3.44736
           3.28455
          -1.06256
           2.31005
          -1.49917
           0.81846
          -2.09753
          -0.10123
          -2.43977
           1.46973
          -4.47558
          -2.84794
           1.42454
           1.81627
          -1.01264
           0.56289
          -0.71980
          -2.36468
           0.35502
          -1.90606
           5.46776
           0.39915
           2.47557
           3.40038
           3.13081
           1.83808
          -0.55819
          -0.35783
          -3.12358
           1.87517
           0.87966
           2.34980
           1.06835
          -1.95756
           0.63626
           1.01911
           0.01355
           1.00536
          -0.50729
           2.36827
          -1.04914
          -3.80911
          -0.28981
           2.21331
          -3.74238
           2.24269
           1.03073
           0.09227
          -4.40287
           1.67841
           2.08835
          -0.37546
           1.04315
           1.60973
          -0.18975
           2.24158
          -2.82085
          -0.45935
          -1.25574
          -0.69157
          -2.12716
          -0.77971
           1.95535
           1.51798
           2.98012
          -5.62402
          -0.61001
           0.52389
           2.55392
           1.20023
           1.64430
          -0.18766
           1.94900
          -1.07365
           1.25873
          -1.56382
          -3.53566
          -1.66567
          -1.35323
           4.86341
           2.54022
          -5.35632
          -3.30550
           1.56792
          -0.96047
           0.33125
           1.17439
           3.70032
          -0.22619
           1.67457
           4.67332
          -0.36618
           1.78978
           2.70695
          -2.89384
           0.96801
          -3.38152
          -1.54316
          -0.79071
          -4.77099
          -2.54093
          -0.05719
          -1.91292
          -2.90488
           1.38889
          -0.21794
          -1.12353
          -0.48044
          -0.76501
          -3.09394
          -1.55422
          -1.26574
          -1.82529
               NaN
           2.70293
          -1.37191
          -4.01748
           0.48534
          -0.18713
           1.43669
           2.20991
          -0.68449
           0.81649
          -1.59352
           2.18825
           2.22464
           4.82846
           1.29777
           3.47335
          -0.86515
           4.12668
          -1.07682
          -0.42996
           1.23862
           0.95317
           1.06977
           3.02898
           1.57768
           3.02827
          -1.33325
           3.35610
           1.27206
          -2.81057
          -2.61490
           3.49955
          -0.50941
           1.88671
          -1.20487
           1.13066
          -0.32299
           0.02578
          -1.17810
           2.06083
           1.29090
           1.53955
          -1.65415
          -0.53222
          -2.28968
