         119.97450
         106.65916
         127.25171
         120.42952
         110.09885
         132.18403
         128.52295
         125.76155
         119.37327
          83.73799
         109.55603
          92.41330
         113.67800
         123.19129
         116.89561
         121.57843
         136.55085
         141.01807
         115.11400
         154.78030
         147.47380
         120.88215
          96.28734
         126.14877
         145.89313
         112.83942
         107.93287
         110.50040
         107.31662
         139.89867
         125.19264
         106.14167
         119.33690
         102.76802
         126.64674
         116.46064
         126.27503
         111.37093
         115.61671
          99.03732
         110.88413
         128.75170
         123.91602
               NaN
         121.85440
          96.15572
          79.46936
         126.40598
         103.12192
         107.61677
         126.79165
         119.11717
         126.20995
         117.17340
         124.85907
         127.53239
         131.99121
         100.89034
         143.30853
          85.41599
         139.14516
         122.22227
         112.47153
         106.97550
         106.09136
               NaN
          97.11844
          91.85919
         120.04168
         129.36936
          93.71450
         121.06195
          99.80829
         100.09110
         144.70981
         101.50521
         116.37841
         104.34442
         107.67356
         112.94748
         123.38170
          93.58777
         109.50994
         121.09608
         126.86142
          89.94330
          90.56781
         117.81062
         141.76317
         123.79838
         148.22496
          89.79094
         137.84033
         141.36547
         121.81348
         111.24033
         127.43060
         122.38899
         130.54628
         117.63086
         132.71496
          96.56599
         133.47268
         133.55711
         115.13210
         114.77293
         101.36752
         134.60131
         117.46329
         123.11028
         108.47111
         113.18589
         105.56694
         103.63392
         121.98183
         125.93297
         139.64964
         101.80762
         104.49487
         101.96510
         134.90820
          99.58433
         131.33420
         117.43049
         106.84536
         124.26554
          86.97502
         113.13814
         109.29861
         121.71154
         121.24240
         127.67459
          96.39826
          95.71718
          95.79405
         100.73064
         133.70610
         125.12580
         109.67676
         100.50270
         123.60586
         101.24990
         112.59702
         123.65789
         131.03672
         127.31920
         127.05752
         146.69253
         131.07600
         104.34130
         117.63042
          91.94165
         121.40526
         125.77582
         113.19968
         134.69415
          94.60547
         125.35500
         128.38485
         115.05735
         127.86222
         109.52874
         110.79176
         139.38628
          86.88540
          87.62596
         116.63684
         113.18947
         118.61037
         115.53620
         103.73461
          99.52708
         126.50296
         111.38215
         143.56152
         113.93596
         103.37878
         115.85307
         100.54905
         135.55848
          90.97779
               NaN
         123.89265
         124.98963
         107.36594
         108.29643
         110.34857
         103.29412
          95.84441
         113.62684
         136.77525
         123.72466
         112.19212
         153.22709
         117.90318
         110.53120
         106.66963
         122.20150
         113.83535
          92.65292
         114.46409
         106.07406
         106.43803
         104.01387
         125.75333
         127.58949
         134.71920
         120.85249
         124.24820
         108.61791
         106.54634
         125.15923
          98.63125
          93.97620
         132.92392
         125.51640
         123.04928
         129.24919
         128.67560
         122.82220
         106.94272
         127.41839
         127.83076
         123.32308
         108.04205
         102.16130
         142.14871
         136.19284
         121.07821
         124.04170
         104.71623
         135.13059
         116.94958
         142.71369
         149.28480
         139.92599
         138.45365
         100.57643
         108.05525
         128.37127
          94.85871
         115.83841
         102.01213
         123.33238
          96.25028
         123.70937
          94.41655
         111.36834
         110.24674
         145.14765
         106.73588
         110.54337
         101.00456
          94.95076
         122.89571
         121.30842
         111.84474
          93.16270
         110.74001
          85.57363
         118.88585
         109.57536
         117.74960
         106.65939
         116.40488
         117.72099
         117.46422
          95.36469
         108.06235
         104.60902
         122.33286
          90.34333
         114.21686
          94.17205
         125.12880
         112.62065
         117.39670
         128.18796
         130.32582
         121.35084
         131.40181
         107.90399
         105.67970
         126.18365
         116.75237
         112.04194
         107.58017
         109.61729
          98.59729
         123.54307
         104.00025
         112.67859
         111.33711
         106.24065
         121.65792
         131.99015
         125.81142
         125.39688
         121.08399
         109.24900
         112.38208
         139.08336
         138.57310
         117.84913
         111.31121
         109.32170
         113.94825
         106.42265
         125.99722
         127.00593
         130.25313
          99.87293
         106.91824
         113.22850
         141.93580
          81.62498
         134.47994
         137.35809
         121.08602
         102.75440
         124.17439
         119.70290
         113.63487
         119.25217
          86.56680
         107.47897
         107.02271
         120.41254
         133.07918
         134.84637
          94.91038
         103.88306
         130.19512
         102.18213
         132.70657
         127.91941
         128.81444
         110.52855
         106.65789
         108.97634
         112.08394
         104.04003
         111.96465
         108.00661
         133.92532
         131.76959
         106.98769
          93.93202
         108.33532
          81.68178
         138.84329
         108.91078
         113.95264
         122.87850
         100.55793
         119.87537
         133.79878
         112.45043
         135.87574
         117.92021
         131.05333
         128.36961
         134.88302
         118.95873
         114.42417
         101.77750
         123.29383
         151.69883
         120.37068
          88.18359
         122.23098
         121.01848
         106.63214
         110.69713
         138.31347
         107.16054
         122.39198
         130.17488
         112.38412
         121.44328
         120.01537
         140.16095
         124.88288
         122.33883
         142.06954
          88.79445
         122.72574
         102.14518
         104.07633
         139.43978
         142.39924
          99.85938
         108.48119
         118.88843
         101.38515
         145.78474
         109.32708
         109.40176
         108.55131
         107.23369
         101.09856
         105.55016
          98.17146
         113.01162
         130.68162
         133.22927
         138.44905
         101.17785
          96.62369
         131.30656
         132.54401
         130.54075
         129.17897
         110.22052
         100.22580
         115.35608
         122.67104
         108.12070
         102.86716
         103.01941
         131.03951
         141.60212
         123.53714
         112.43262
         112.61036
         105.30426
         131.41627
         136.76140
         135.40813
         131.14766
         128.14870
         138.80375
         129.26531
         110.39328
         106.38972
         105.17153
         110.47404
         109.28058
         132.08144
         103.20760
         104.40268
         115.09184
         108.54527
         109.46523
         124.11888
         122.40331
         125.78764
         132.03064
         112.54355
         103.85447
         116.99922
         146.59292
         114.87595
         132.78807
         117.35238
         130.99584
         120.98069
         101.25194
          97.31476
         113.63888
         110.27516
         121.92662
         112.53202
          98.03492
          91.59903
         118.46507
         123.34053
         101.61819
         103.55885
         122.97917
         110.24162
         106.10445
         120.26416
         132.24172
         111.53366
          98.77000
         144.28663
          86.83212
         146.43229
         117.54205
         100.32176
         123.78208
         114.23799
         136.34094
         135.23199
         107.21619
         102.78821
         112.28663
         141.23468
         138.88713
         125.44431
         116.58959
         140.44493
         116.12842
         128.41873
         114.77383
         117.21529
         131.30381
          97.32640
         130.66176
         111.13956
         112.96215
         118.82725
         103.73665
         128.68660
         124.75628
          93.97173
         113.62355
         106.09872
         117.14033
         139.27484
         127.40260
         123.97054
               NaN
         145.29838
         123.61630
         114.34138
         116.16747
          96.88998
         130.74826
         114.90349
         103.17218
          98.13957
         132.09832
         119.58154
         106.41505
         127.31074
         117.19900
         123.68089
         116.10679
         121.65700
         141.30717
         125.70245
         137.16074
         111.74789
         119.73613
         107.86525
         105.22537
         103.14349
          97.30025
          88.46877
          97.90609
          92.18879
         120.38479
         134.29027
         119.86653
         113.90254
         106.45355
         112.85364
         101.25800
         118.07643
         111.03065
         101.07468
         122.81841
         128.91607
         135.76649
         131.88813
         107.98572
         133.64999
         152.55042
         126.25492
          97.07422
         129.30377
         118.75380
         100.90478
         103.20469
         115.31431
         107.49336
         108.65125
         101.12785
         120.03790
          96.56782
         112.15269
         111.30379
         104.50734
         113.24651
          83.85494
         130.42453
          99.80298
          78.64746
         109.45347
         108.12719
          97.52916
         119.34130
         140.34837
         124.19211
         106.66741
         118.43939
         125.64418
         148.01036
         121.31045
          98.94515
         137.33601
          99.38477
         127.03244
         113.12912
         120.47382
         120.62322
         117.33208
         113.50365
         129.30106
          99.63300
         138.45025
               NaN
         133.08795
         112.59370
         118.38125
         120.63043
         113.77664
         118.48506
          88.69017
         142.83622
         153.80648
         114.49015
         131.98956
          95.18370
          97.17353
         130.95970
         134.81572
         120.55133
         134.71403
         107.42759
         131.27268
         117.93413
         129.92088
         111.64294
          97.53712
         108.40219
         140.11375
         111.20653
         123.04941
         114.61915
         102.62151
         126.62660
         131.14752
         131.38620
         118.30690
         142.99097
         114.43709
         132.84694
         135.49448
         111.39026
         114.70892
         108.90996
         120.93992
         116.21640
         132.25850
         126.25204
         122.78559
         136.96390
         140.63179
         131.75680
         125.69882
         112.65687
         111.87824
         123.28140
         111.51928
         133.11597
         143.47479
         119.90335
         145.43326
         104.18504
         127.02205
         104.84123
         114.60166
         116.09782
          97.45557
         121.29376
         113.22409
          99.57422
          99.38527
         127.32948
         151.89878
         130.31934
         112.88146
         121.04962
          88.25751
         113.15180
         138.90168
         117.04778
         146.52455
          97.09100
         123.82238
         103.52295
         134.76406
         139.45837
         125.79674
         134.30260
         125.84419
         118.39293
         118.71684
         132.11157
         103.75657
         101.94905
         108.10908
          99.42529
         136.74469
         114.49276
         149.03649
         123.71180
         121.09603
         121.84205
         129.29939
         118.16712
         111.71680
          93.69701
               NaN
         111.53221
         105.69971
         125.06926
         147.93422
         107.24477
         121.78598
         126.72636
         135.71929
         126.63387
         147.98161
         104.73727
         125.04926
         110.41835
         126.21459
         103.62866
          90.38621
          99.90302
         138.07881
         138.54715
         126.88267
         109.64455
         110.39030
         114.00377
          97.49802
         106.37797
         126.98404
         104.37662
         126.90335
         102.86057
         122.16204
          82.98492
         106.59184
         145.07279
         105.32206
         115.89600
         115.52856
         128.93020
         110.58828
         121.20895
         124.83493
          92.34963
          94.48660
         129.46836
         111.59109
         115.77865
         133.89573
         122.96541
         113.88997
         125.15370
         117.88533
         107.92913
         129.11593
         115.05155
         108.64890
         113.32407
          98.91484
         114.51835
         129.07793
          90.96679
         120.92110
         117.44771
         125.51375
         116.17077
         125.34154
         113.79661
         111.98454
         107.23079
         112.35766
         108.91591
         122.77974
         117.74886
          99.49344
         106.73462
         131.55362
         130.36901
         120.71243
         134.72261
          99.26652
         125.70866
          98.24808
         117.19934
         124.91949
         126.74622
         129.58025
         126.32114
         114.73722
         120.48169
         133.92675
         147.45018
         145.92035
         107.53760
         106.87004
         118.29997
         113.01654
         128.80329
         119.89279
         122.70612
         113.50448
         109.51899
         121.94830
         113.59780
         118.36035
         133.94247
         124.48908
         129.10679
         119.60734
         114.93679
         120.48023
         127.87574
         103.27305
         112.46881
         119.84187
         128.09758
         115.22157
         107.39062
         129.76570
         127.19239
         133.63280
         110.85990
         133.89866
         116.70499
         109.27282
         123.17859
          86.98211
         112.68234
         117.53231
         109.40731
         112.98168
         128.80122
         126.00597
         100.83712
         121.69019
         131.94758
         113.90618
         113.59641
          80.36106
         134.25116
         107.63091
         107.25006
         117.82723
         121.09386
         102.03187
         130.66811
         139.70689
         106.31486
         106.74421
         124.02077
         129.89602
         125.31579
         114.88885
         115.47921
         126.48611
         106.03425
         101.16085
         132.62361
         119.20703
         108.77835
         122.15025
         121.44338
          97.50550
         131.36628
         113.66462
         122.39805
          93.51245
         111.17140
         114.69668
         100.27699
         109.49855
         133.38285
         128.75100
         122.05137
         123.61350
         135.00969
         119.27322
         114.86877
         141.09814
         117.49822
         124.75754
         118.23966
         136.75313
         128.94553
         135.87549
          89.39009
          93.48224
         108.30390
         141.37181
         116.61627
         120.83371
         122.45985
         139.34899
         117.18570
         121.81026
         132.95837
         131.63848
         123.22288
         110.84545
          87.26473
         103.02224
         106.13519
          95.22892
         120.40024
         133.72106
         125.01861
         101.77278
         115.35559
         110.46225
         148.10486
         123.45551
         118.42869
         106.65344
          88.96435
         123.25494
         121.98531
         122.40988
          96.74283
         108.35296
         124.09279
          79.44775
         133.70042
         128.37206
         103.38250
         110.35641
         109.72774
         114.93079
         117.93836
         136.84884
         113.17369
         116.79846
         116.33772
         139.82982
         141.93331
          83.75501
         119.60664
         119.93026
         115.49583
         101.14386
         135.05365
         123.32654
         119.01251
         142.94223
         123.90193
          99.59868
         122.88198
         107.89037
          98.47707
         115.20453
         137.07534
         138.07787
         133.20487
          98.93421
         106.80185
         140.88578
         108.96933
         103.00539
         107.58925
         120.35792
         111.00245
         105.48277
         117.30561
         123.56704
         118.15935
         101.02042
         119.19293
         118.79300
          99.12861
         116.54565
         103.38124
         106.88443
         108.28257
         105.12316
         120.83007
         121.10448
         122.38572
         144.09637
         120.46686
          88.16991
          89.90461
          97.35953
         116.77196
         117.31314
         127.20983
         107.34066
         128.96160
         114.52104
         138.38767
         120.84953
          96.28646
         127.42138
          99.26083
         116.83051
         138.20755
         115.56127
         135.64790
         -56.36769
         -55.99420
         -55.59446
         -55.84992
         -54.26393
         -55.02752
         -55.76669
         -56.39487
         -55.67338
         -56.42911
         -56.00591
         -55.83638
         -54.94103
         -56.55585
         -55.43877
         -55.23274
         -56.03504
         -56.62134
         -56.76884
         -56.05641
         -55.20369
         -54.39202
         -55.59658
         -54.78414
         -56.67981
         -54.32445
         -55.70601
         -56.31976
         -55.24951
         -55.86207
         -55.57743
         -56.04874
         -55.88117
         -56.72975
         -56.36357
         -55.79274
         -55.54811
         -56.55087
         -55.54679
         -55.28138
         -55.31865
         -57.42767
         -55.61171
         -54.50231
         -55.75723
         -56.76852
         -55.91082
         -55.40316
         -55.96237
         -56.55176
         -55.52663
         -55.89038
         -54.84689
         -55.34277
         -55.97146
         -56.23954
         -55.94842
         -55.69365
         -55.29801
         -57.14344
         -55.60456
         -55.66177
         -55.36280
         -55.07182
         -56.55500
         -55.75798
         -56.27238
         -55.27484
         -55.46812
         -55.43556
         -55.74620
         -55.20521
         -55.40920
         -56.01465
         -55.87205
         -55.18351
         -56.15695
         -55.73505
         -55.20066
         -55.57399
         -56.15634
         -56.22638
         -56.35734
         -54.65983
         -55.83983
         -55.31141
         -54.61993
         -55.67845
         -56.01514
         -55.66059
         -56.46382
         -55.36472
         -55.23482
         -55.75703
         -55.07070
         -55.86478
         -56.52812
         -54.12934
         -54.61737
         -56.64547
         -55.21538
         -55.77918
         -55.12915
         -56.48470
         -56.14168
         -56.99459
         -55.23632
         -56.35316
         -55.12602
         -55.90717
         -56.90175
         -56.41134
         -55.27440
         -55.32571
         -55.46669
         -56.66003
         -56.39673
         -54.44772
         -54.33506
         -55.13180
         -55.41534
         -57.15741
         -55.56344
         -56.70203
         -55.21115
         -56.30432
         -56.91074
         -55.93737
         -55.68605
         -55.22749
         -55.96091
         -55.28496
         -54.94105
         -56.11308
         -55.64189
         -55.12968
         -56.25764
         -56.25209
         -55.56896
         -56.68262
         -55.84330
         -56.22349
         -55.51418
         -56.18917
         -55.43961
         -55.88246
         -56.55981
         -55.22836
         -55.66395
         -54.84186
         -55.51807
         -54.90083
         -56.79473
         -55.28490
         -56.15905
         -55.79065
         -55.18209
         -56.74081
         -55.60809
         -54.89555
         -56.04665
         -56.16113
         -56.07483
         -55.54502
         -56.61092
         -55.64120
         -55.00445
         -57.10043
         -56.03358
         -55.95612
         -55.69261
         -55.07556
         -55.71352
         -55.88604
         -55.85206
         -55.93396
         -54.79939
         -55.69508
         -55.60255
         -55.45524
         -56.30490
         -54.96723
         -56.44747
         -55.36387
         -56.89434
         -57.06690
         -57.06814
         -56.38437
         -56.72124
         -54.99025
         -56.55429
         -55.83912
         -56.76802
         -55.52749
         -55.89179
         -56.70808
         -56.51091
         -55.58183
         -56.16761
         -57.06578
         -56.34433
         -55.47012
         -56.72589
         -55.85289
         -56.84615
         -55.52787
         -55.28635
         -56.01784
         -55.74947
         -54.63905
         -55.93210
         -56.80024
         -55.36878
         -56.05351
         -56.69254
         -55.98158
         -57.37668
         -54.68624
         -55.63344
         -56.42412
         -55.13433
         -56.69743
         -55.98771
         -56.98608
         -55.68102
         -55.87477
         -56.39641
         -55.27671
         -54.60776
         -55.99010
         -54.78089
         -55.38213
         -56.55035
         -55.34403
         -55.91066
         -55.85985
         -55.22621
         -55.26210
         -56.37055
         -56.31819
         -55.71538
         -56.33179
         -55.74574
         -56.34622
         -56.49385
         -56.66983
         -56.48053
         -55.20789
         -56.23860
         -55.62536
         -55.81225
         -56.20674
         -55.89039
         -55.73007
         -55.73302
         -54.83707
         -56.29861
         -54.98935
         -54.52721
         -56.71519
         -55.39588
         -55.66557
         -56.19428
         -56.05722
         -55.89211
         -55.71309
         -55.85978
         -56.17807
         -55.44678
         -56.72397
         -54.90512
         -56.01454
         -55.07220
         -56.65855
         -57.12596
         -56.14520
         -54.23399
         -55.92586
         -54.25235
         -56.25560
         -55.49097
         -55.48021
         -56.39920
         -56.16133
         -57.13611
         -55.62352
         -55.53481
         -54.87587
         -55.53415
         -56.82650
         -54.75036
         -55.42361
         -55.38096
         -56.63182
         -55.55522
         -54.74125
         -55.14746
         -55.47404
         -55.02100
         -56.20576
         -56.08580
         -56.05668
         -55.89022
         -57.03852
         -55.35163
         -55.75182
         -55.54839
         -55.86734
         -56.40808
         -55.16731
         -55.87320
         -55.83954
         -56.65670
         -56.80892
         -55.88518
         -56.44380
         -54.93504
         -55.02080
         -55.36325
         -55.52819
         -56.22629
         -55.50772
         -55.39505
         -54.84657
         -56.38148
         -56.16969
         -55.77575
         -56.10633
         -55.81299
         -56.70372
               NaN
         -56.08223
         -55.28878
         -56.99382
         -54.63633
         -56.01246
         -55.42321
         -55.27371
         -56.49594
         -56.30105
         -56.07996
         -56.06873
         -54.81776
         -55.53972
         -56.47715
         -55.11071
         -56.58643
         -54.92747
         -56.35951
         -55.17497
         -55.27591
         -55.72965
         -55.89828
         -56.74218
         -55.66404
         -55.32811
         -55.98999
         -56.46020
         -56.27892
         -55.52969
         -55.03488
         -55.67772
         -56.11448
         -55.07812
         -55.83873
         -55.66155
         -56.35271
         -55.02771
         -55.49629
         -57.01674
         -54.97417
         -55.38664
         -55.71307
         -55.32219
         -56.71513
         -56.78557
         -56.05717
         -55.53063
         -55.31812
         -55.78668
         -56.10557
         -54.98761
         -56.69130
         -54.55922
         -56.03239
         -56.83239
         -55.46467
         -55.41092
         -55.49463
         -55.07402
         -55.11939
         -56.10642
         -55.99300
         -55.92462
         -55.32126
         -54.44967
         -55.71286
         -55.82023
         -55.55840
               NaN
         -55.89334
         -55.56257
         -56.68764
         -55.87234
         -55.96619
         -55.05234
         -55.23383
         -57.17665
         -56.03566
         -57.25866
         -56.47562
         -56.35593
         -55.45637
         -56.91662
         -56.05047
         -56.46221
         -54.80501
         -56.49029
         -55.07593
         -56.52698
         -55.66523
         -55.51221
         -56.22403
         -55.16926
         -55.91330
         -56.39255
         -55.15405
         -55.59191
         -55.54070
         -55.53804
         -54.76372
         -55.06989
         -55.73731
               NaN
         -56.76392
         -55.79218
         -55.30913
         -56.86791
         -56.33152
         -55.93857
         -56.15651
         -54.73758
         -55.65493
         -56.11182
         -55.84712
         -55.48364
         -56.37670
         -55.18489
         -56.17747
         -56.20208
         -54.90327
         -55.63006
         -55.54211
         -56.11565
         -55.34092
         -54.69496
         -55.26022
         -54.93877
         -56.61678
         -57.12044
         -56.21737
         -56.35629
         -55.19892
         -55.62128
         -55.20793
         -56.81777
         -54.85340
         -56.22336
         -55.14865
         -55.52343
         -57.08075
         -54.85464
         -55.31386
               NaN
         -56.20006
         -55.78743
         -56.68807
         -55.62202
         -55.79323
         -57.09691
         -54.92121
         -54.98386
         -55.25083
         -55.78679
         -55.73929
         -55.72430
         -56.16855
         -55.26722
         -54.94221
         -55.13421
         -54.61141
         -57.02870
         -54.23370
         -56.14766
         -56.31652
         -56.47065
         -56.34300
         -56.11194
         -55.74405
         -56.28735
         -56.26242
         -56.18887
         -56.79953
         -54.90468
         -55.98939
         -56.09093
         -55.62814
         -55.74585
         -57.58073
         -56.35169
         -55.21933
         -55.89196
         -56.39314
         -56.11575
         -55.81164
         -56.64720
         -56.58482
         -55.77369
         -56.83351
         -55.54967
         -55.11784
         -55.86851
         -56.69430
         -55.68231
         -56.10831
         -56.67822
         -56.39213
         -56.01947
         -56.58545
         -56.53410
         -55.02538
         -55.91396
         -56.77223
         -55.82933
         -55.91721
         -55.57212
         -55.40166
         -55.96400
         -56.24355
         -55.07916
         -55.70720
         -56.57066
         -56.52829
         -56.29863
         -55.85043
         -55.74659
         -55.54956
         -56.64906
         -56.02238
         -55.29555
         -57.07173
         -55.57498
         -56.29953
         -56.13796
         -55.72751
         -56.66493
         -55.58404
         -55.44134
         -55.68821
         -55.98712
         -55.58482
         -55.17241
         -54.81190
         -54.89435
         -56.68039
         -55.69769
         -56.48227
         -55.69501
         -56.22229
         -56.45137
               NaN
         -56.46893
         -56.76967
         -55.89856
         -55.33817
         -55.33297
         -56.48993
         -55.92316
         -56.33513
         -56.02344
         -55.99603
         -55.73255
         -55.72295
         -56.08628
         -55.15966
         -54.42044
         -55.73412
               NaN
         -55.90351
         -56.24991
         -56.22017
         -56.29956
         -55.33974
         -55.22941
         -55.29054
         -55.93916
         -56.74453
         -55.83113
         -56.62790
         -55.64447
         -56.70112
         -55.60183
         -56.17133
         -55.78283
         -56.53376
         -55.30826
         -55.72299
         -56.12560
         -54.68712
         -55.47495
         -56.45955
         -55.60717
         -55.29909
         -55.65846
         -55.90931
         -55.98081
         -56.14396
         -56.58326
         -55.08531
         -57.34469
         -56.08684
         -55.85218
         -55.69490
         -55.38629
         -55.77667
         -56.16797
         -54.89444
         -56.29377
         -55.87686
         -55.36648
         -56.10577
         -56.02983
         -55.58938
         -56.68822
         -55.90127
         -54.64573
         -56.69573
         -55.51233
         -56.23338
         -55.21323
         -55.56449
         -55.86141
         -56.17643
         -55.94579
         -56.92412
         -55.91055
         -54.77055
         -55.63042
         -55.62177
         -56.02194
         -55.21438
         -55.68741
         -55.75211
         -55.66447
         -55.56151
         -55.14081
         -55.86361
         -56.54836
         -55.82109
         -54.65869
         -55.92628
         -56.27260
         -54.97462
         -56.73008
         -56.20695
         -55.41980
         -56.12266
         -55.95131
         -55.79563
         -55.53661
         -56.33978
         -56.19488
         -54.79516
         -55.55433
         -55.18250
         -56.45446
         -55.20515
         -55.27908
         -54.27494
         -55.38899
         -55.65481
         -55.99101
         -55.54789
         -56.49206
         -57.32718
         -55.51439
         -55.87327
         -56.17042
         -57.17949
         -55.72654
         -56.65158
         -55.60384
         -57.60133
         -55.84302
         -56.43160
         -56.10436
         -55.37042
         -56.45235
         -56.65052
         -56.82652
         -56.61453
         -56.71083
         -57.24145
         -56.22250
         -55.60492
         -56.35599
         -56.01501
         -54.93045
         -56.28098
         -56.18261
         -56.40034
         -55.30693
         -56.37060
         -56.02301
         -55.48527
         -56.92629
         -56.37855
         -55.31264
         -55.71390
         -54.99748
         -55.68618
         -55.70134
         -56.08873
         -56.89819
         -55.72007
         -55.50216
         -56.76227
         -55.32189
         -55.65744
         -55.68432
         -55.96398
         -56.72635
         -56.49182
         -55.90107
         -55.98163
         -55.30184
         -56.05278
         -55.67864
         -56.88246
         -56.47022
         -56.09285
         -54.71589
         -54.22408
         -55.57455
         -54.78170
         -56.02530
         -56.06475
         -56.94243
         -56.13044
         -55.38133
         -55.57112
         -55.96981
         -55.44088
         -55.56242
         -56.39014
         -55.00094
         -55.72275
         -56.37443
         -54.59163
         -56.18092
         -55.24771
         -55.54836
         -55.89762
         -55.10042
         -55.05319
         -55.05021
         -55.99240
         -55.49696
         -55.39671
         -55.40540
         -56.49241
         -55.04496
         -55.71662
         -56.79741
         -55.33098
         -57.14127
         -55.91490
         -56.73118
         -56.39281
         -54.56552
         -55.91491
         -55.76401
         -55.40305
         -54.46682
         -55.93893
         -56.00985
         -56.32031
         -56.19993
         -56.49014
         -56.35832
         -54.74735
         -54.71789
         -55.47360
         -55.32345
         -56.60790
         -55.62181
         -56.90052
         -55.97191
         -56.32982
         -55.66997
         -56.43105
         -55.41147
         -54.88912
         -55.20596
         -56.09899
         -55.42400
         -55.60112
         -56.17247
         -56.04860
         -55.62729
         -55.89406
         -56.01149
         -55.64446
         -55.65576
         -54.76609
         -54.46765
         -55.41470
         -55.65162
         -56.07212
         -56.69334
         -55.32656
         -55.98700
         -56.72486
         -55.25590
         -54.66881
         -55.88834
         -55.85710
         -55.73329
         -55.55080
         -56.62028
         -56.10223
         -55.79314
         -56.33090
         -55.87434
         -56.08280
         -55.22573
         -55.68111
         -55.28381
         -56.37199
         -55.92613
         -56.85202
         -55.83258
         -55.05103
         -55.94198
         -55.59333
         -56.20180
         -55.57204
         -56.30010
         -55.58655
         -55.68588
         -56.65570
         -55.19071
         -54.99995
         -56.20635
         -56.71681
         -54.58063
         -55.30532
         -55.72840
         -54.81846
         -56.19590
         -55.73781
         -55.83308
         -56.26441
         -54.89231
         -54.68871
         -55.26125
         -56.00931
         -54.94683
         -56.34495
         -56.11372
         -56.04247
         -54.44052
         -55.89778
         -55.73755
         -55.54895
         -55.61446
         -55.69728
         -55.24473
         -55.66442
         -56.18481
         -56.33793
         -55.91408
         -56.51406
         -55.60833
         -56.31713
         -56.32574
         -55.62283
         -56.34192
         -55.61258
         -55.88904
         -55.68583
         -54.76589
         -55.42351
         -55.98783
         -55.76180
         -56.13970
         -56.21678
         -55.70859
         -56.02801
         -56.20246
         -55.81897
         -55.70072
         -56.53313
         -56.26094
         -56.26443
         -56.09936
         -56.17137
         -55.49415
         -55.03652
         -55.15384
         -56.13133
         -54.34187
         -56.16730
         -56.92743
         -55.77643
         -57.45103
         -54.63806
         -56.29550
         -57.10860
         -55.07883
         -56.02248
         -55.30204
         -55.38258
         -56.13173
         -55.47759
         -55.52248
         -55.76856
         -55.45068
         -56.66372
         -56.06913
         -56.17434
         -55.63050
         -55.28561
         -56.52974
         -56.11651
         -56.07776
         -55.04107
         -55.81146
         -55.45256
         -54.73600
         -56.79566
         -54.25885
         -56.16585
         -56.01167
         -55.83579
         -57.28686
         -56.35208
         -56.76509
         -56.11176
         -55.46585
         -54.96500
         -56.44631
         -57.01794
         -56.49944
         -56.22519
         -55.66245
         -55.55500
         -54.84584
         -54.32813
         -56.47014
         -55.69969
         -55.87557
         -56.00372
         -56.34884
         -55.83346
         -56.01979
         -56.25605
         -54.82343
         -56.09077
         -55.81347
         -54.99773
         -55.14271
         -56.23466
         -56.28184
         -55.36924
         -56.53020
         -55.13338
         -56.22369
         -56.39580
         -55.04334
         -54.95669
         -54.92600
         -56.90302
         -55.01925
         -55.37354
         -55.49549
         -56.27787
         -56.71307
         -55.47111
         -55.44086
         -55.90201
         -54.96832
         -54.30994
         -54.39950
         -56.66878
         -55.14285
         -56.59948
         -55.95089
         -54.51924
         -56.28783
         -59.50339
         -58.81125
         -58.91194
         -58.54015
         -57.08700
         -58.50872
         -58.64020
         -59.56170
         -58.57638
         -58.61197
         -58.83013
         -58.26431
         -57.94476
         -59.83796
         -58.37559
         -58.66963
         -59.43018
         -60.18506
         -59.24411
         -60.25789
         -59.17922
         -57.59289
         -58.05256
         -57.75232
         -60.21871
         -57.32569
         -58.20364
         -59.00949
         -57.53593
         -59.39439
         -58.67641
         -58.84482
         -58.73441
         -59.19773
         -59.44687
         -58.82252
         -58.75527
         -59.36926
         -58.74067
         -57.74558
         -58.41427
         -60.69854
         -58.86883
         -58.51233
         -59.14855
         -59.05608
         -57.89589
         -58.83619
         -58.62452
         -59.50426
         -58.74646
         -58.53109
         -57.86742
         -58.44715
         -59.21719
         -59.85083
         -59.32765
         -58.35333
         -59.34676
         -59.50467
         -59.33593
         -58.99081
         -58.19404
         -57.57423
         -59.22208
         -59.91129
         -58.80551
         -57.67077
         -58.70176
         -58.87505
         -57.98682
         -58.39973
         -57.86938
         -58.75528
         -59.72322
         -57.92767
         -58.99228
         -58.06981
         -58.21511
         -58.50202
         -59.26503
         -58.44761
         -59.09876
         -57.85734
         -59.30449
         -57.46754
         -57.10087
         -58.62031
         -59.73443
         -58.93593
         -60.28594
         -57.81503
         -58.99067
         -59.13214
         -58.28373
         -58.58307
         -59.81096
         -57.41102
         -57.94447
         -59.51348
         -58.72842
         -58.22708
         -58.43541
         -59.80296
         -59.23833
         -59.81269
         -57.70477
         -59.78161
         -58.15637
         -59.02432
         -59.47700
         -59.07191
         -58.11348
         -57.98897
         -58.62189
         -59.97649
         -59.73635
         -57.13277
         -56.91670
         -57.83198
         -58.73161
         -59.63708
         -59.04020
         -59.38705
         -58.18610
         -59.45621
         -58.85348
         -58.45716
         -58.27835
         -58.52529
         -59.13004
         -58.46484
         -57.45535
         -58.56330
         -58.24349
         -58.00523
         -59.62692
         -59.42725
         -58.34846
         -59.33788
         -58.65149
         -58.84794
         -58.49324
         -59.40415
         -59.02038
         -58.87170
         -59.09440
         -59.07979
         -59.08527
         -56.93407
         -58.52964
         -57.49679
         -59.49084
         -58.20286
         -59.09347
         -59.35421
         -57.35766
         -59.82633
         -58.83066
         -58.16268
         -59.47997
         -58.94906
         -59.01149
         -59.22005
         -58.89733
         -57.75634
         -58.07520
         -59.97457
         -58.93288
         -59.10341
         -58.15663
         -57.24285
         -58.93430
         -59.00517
         -59.34814
         -58.71593
         -57.48347
         -58.37365
         -58.02181
         -58.84993
         -58.71024
               NaN
         -59.36133
         -58.51039
         -59.61830
         -59.72531
         -59.95464
         -59.00882
         -59.43486
         -57.84832
         -59.99365
         -59.06114
         -59.61175
         -59.70613
         -58.89337
         -59.25398
         -59.29213
         -58.85442
         -59.08464
         -59.24418
         -59.32351
         -58.37262
         -59.58675
         -58.58712
         -59.86645
         -58.74715
         -58.52495
         -58.85138
         -59.03787
         -57.50826
         -58.51034
         -59.75924
         -57.99111
         -58.46390
         -59.83496
         -59.13820
         -60.34601
         -57.77612
         -58.79463
         -59.39155
         -58.08587
         -59.80270
         -59.01472
         -59.98427
         -57.84409
         -58.32963
         -60.03893
         -58.66384
         -57.62269
         -59.32379
         -57.21449
         -58.62594
         -59.74909
         -59.32223
         -59.46821
         -59.63244
         -59.12628
         -58.03170
         -59.05689
         -59.23421
         -57.93620
         -59.29053
         -58.56552
         -59.76304
         -58.70409
         -59.78276
         -58.77902
         -58.10070
         -58.90163
         -59.12751
         -58.42918
         -58.89418
         -58.50002
         -58.18298
         -58.78862
         -58.12920
         -59.25592
         -57.44228
         -57.24473
         -58.57869
         -58.61054
         -58.27507
         -59.07353
         -58.62871
         -58.94429
         -58.80398
         -58.88948
         -58.79727
         -58.35506
         -59.40029
         -57.75241
         -58.39481
         -57.71882
         -58.99013
         -60.50344
         -58.73168
         -57.37645
         -59.18086
         -57.74856
         -59.27161
         -58.98551
         -58.09189
         -59.02511
         -59.12107
         -59.91861
         -58.64686
         -58.34907
         -57.56288
         -57.99996
         -59.98450
         -57.38413
         -58.68061
         -58.46034
         -59.20924
         -58.54340
         -58.24361
         -58.59999
         -58.65233
         -58.11252
         -59.16739
         -59.06335
         -59.55153
         -59.33186
         -59.98844
         -58.11298
         -58.62531
         -58.50510
         -58.53148
         -59.77479
         -58.10406
         -59.46685
         -58.28059
         -59.53004
         -59.54077
         -59.28164
         -58.37598
         -58.45355
         -58.75613
         -58.48518
         -58.36006
         -59.38480
         -58.52767
         -58.33914
         -58.17366
         -58.76300
         -58.81595
         -58.65702
         -59.21156
         -59.00042
         -60.11533
         -60.24820
         -58.90199
         -58.62314
         -59.71652
         -58.23783
         -59.38419
         -58.85465
         -57.94696
         -58.96734
         -59.00998
         -59.32429
         -58.31173
         -57.45711
         -58.55112
         -60.08917
         -58.66458
         -59.13350
         -57.43735
         -59.13661
         -57.25248
         -58.67263
         -58.47052
         -58.64462
         -59.94894
         -58.01488
         -58.40236
         -59.41709
         -59.39774
         -59.91154
         -58.18095
         -58.42312
         -58.99476
         -59.82774
         -57.98847
         -58.92520
         -58.14403
         -59.68637
         -59.20689
         -58.71653
         -58.93797
         -58.42628
         -58.36774
         -58.55131
         -57.95620
         -60.16463
         -59.41475
         -59.29171
         -59.06620
         -58.32778
         -58.98613
         -59.10995
         -58.56664
         -59.99275
         -57.90004
         -59.57347
         -59.25654
         -58.55400
         -58.09117
         -58.06694
         -58.68035
         -58.46810
         -58.60659
         -59.03743
         -58.80650
         -57.85908
         -58.36672
         -58.48927
         -58.53126
         -58.56320
               NaN
         -58.58363
         -58.38895
         -59.22963
         -58.62318
         -59.42981
         -58.68133
         -58.80532
         -59.85921
         -58.66720
         -60.68452
         -59.67314
         -59.92113
         -58.81750
         -59.63084
         -58.24668
         -59.56357
         -57.53538
         -59.23778
         -57.69153
         -58.90197
         -59.08492
         -59.16595
         -59.41531
         -58.19740
         -58.94326
         -59.16890
         -58.62963
         -59.23036
         -59.44891
         -58.66439
         -57.61049
         -58.96987
         -59.15837
         -56.92179
         -59.11273
         -58.40206
         -58.14809
         -59.24229
         -59.68597
         -58.63240
         -58.41858
         -57.82034
         -58.34840
         -58.85592
         -59.02776
         -58.57657
         -59.78936
         -58.45444
         -59.10100
         -58.93814
         -57.93637
         -59.19680
         -58.57933
         -59.54750
         -58.42948
         -58.45036
         -58.29328
         -57.52839
         -58.79995
         -59.98776
         -58.96836
         -59.45799
         -57.82248
         -58.07333
         -57.76443
         -59.89581
         -58.24584
         -58.75165
         -57.76732
         -58.93001
         -59.74766
         -57.59441
         -58.66423
         -56.94492
         -58.91667
         -58.26357
         -60.55122
         -57.54290
         -59.51579
         -59.91082
         -57.65255
         -58.37976
         -58.12263
         -59.46276
         -59.27792
         -58.62975
         -58.56281
         -58.27660
         -58.94056
         -58.99203
         -57.59940
         -60.05428
         -57.71217
         -59.19257
         -59.68591
         -59.38266
         -59.22988
         -59.53056
         -58.15513
         -59.39035
         -59.09878
         -59.13745
         -59.50736
         -57.49428
         -59.17089
         -59.27501
         -58.05962
         -58.61851
         -60.37026
         -59.49833
         -58.86887
         -59.04732
         -59.30950
         -58.30434
         -59.52873
         -59.76531
         -59.37265
         -58.70603
         -59.46287
         -58.77487
         -58.18270
         -58.59480
         -59.31781
         -59.20673
         -59.25427
         -59.01840
         -59.38114
         -58.92759
         -59.56594
         -59.43128
         -58.09250
         -59.41735
         -59.89512
         -59.30756
         -58.74834
         -58.54870
         -58.34192
         -58.83303
         -59.07149
         -57.58900
         -57.74970
         -59.07576
         -58.73600
         -59.58716
         -59.38327
         -58.92918
         -58.28883
         -59.17394
         -58.98532
         -58.25699
         -59.83181
         -58.28931
         -58.93067
         -59.23155
         -59.07558
         -60.09746
         -59.18060
         -58.25549
         -58.98616
         -59.88977
         -58.55387
         -57.72647
         -58.30285
         -58.13629
         -59.12239
         -58.27922
         -59.30857
         -58.20398
         -58.91347
         -59.25107
               NaN
         -59.06933
         -59.73827
         -58.97304
         -58.10977
         -58.14560
         -58.41382
         -59.13177
         -58.77330
         -57.79464
         -58.62196
         -58.62748
         -58.41044
         -59.28829
         -58.89026
         -57.85177
         -58.54466
               NaN
         -59.16317
         -60.13169
         -59.32579
         -58.68370
         -58.85171
         -57.76446
         -58.60896
         -58.95088
         -59.71680
         -59.00057
         -59.91887
         -58.51969
         -59.91686
         -58.23640
         -59.46290
         -59.78875
         -59.82535
         -58.18195
         -58.83064
         -59.37161
         -57.55636
         -58.78047
         -58.28089
         -59.14476
         -59.26400
         -58.74843
         -58.93040
         -58.29543
         -58.47802
         -59.85261
         -58.26631
         -60.33048
         -59.64446
         -58.61497
         -59.24568
         -58.48364
         -59.07523
         -58.96463
         -57.39850
         -59.23258
         -59.43366
         -58.34564
         -59.51794
         -59.05289
         -58.18543
         -59.60894
         -59.42775
         -58.26720
         -59.33232
         -59.06121
         -58.75424
         -58.72164
         -58.83972
         -58.30221
         -58.94585
         -58.75602
         -60.01852
         -58.85130
         -58.23426
         -59.04703
         -58.72793
         -59.66129
         -58.73803
         -58.83618
         -59.16715
         -58.58194
         -58.53830
         -57.98114
         -59.03885
         -59.82335
         -59.82110
         -57.27594
         -59.76802
         -58.70765
         -58.26333
         -59.15497
         -59.32696
         -58.41774
         -58.77899
         -59.09983
         -58.88855
         -58.04955
         -58.68068
         -59.45050
         -58.00174
         -58.97747
         -58.15820
         -59.43744
         -57.19078
         -58.25474
         -57.91465
         -58.54573
         -59.62848
         -58.77489
         -58.96680
         -59.13462
         -60.67661
         -59.01050
         -59.30562
         -59.73520
         -60.29510
         -58.16636
         -59.79321
         -59.25279
         -60.16774
         -58.74831
         -58.86512
         -58.62578
         -58.91284
         -59.45828
         -60.49087
         -59.94991
         -59.56972
         -59.96439
         -60.45376
         -58.91621
         -58.64563
         -58.82736
         -57.73958
         -57.87210
         -58.48893
         -59.34075
         -59.98253
         -58.17867
         -59.46989
         -58.80957
         -58.94149
         -60.13265
         -60.09198
         -57.84495
         -58.49604
         -57.74979
         -59.27893
         -58.57877
         -58.05794
         -59.58287
         -59.49006
         -58.75847
         -59.64792
         -57.76519
         -58.63758
         -58.69207
         -58.66571
         -59.40288
         -59.56980
         -58.60198
         -59.13998
         -57.71289
         -59.43753
         -57.88672
         -59.57462
         -60.30994
         -58.71041
         -57.85796
         -57.54149
         -58.82583
         -57.65233
         -58.86970
         -59.08866
         -59.12349
         -58.50740
         -58.87947
         -58.38632
         -58.56581
         -58.79120
         -58.59239
         -59.35907
         -57.86971
         -58.70740
         -59.00572
         -57.95168
         -59.17086
         -57.95310
         -58.45648
         -58.47664
         -58.25376
         -58.25617
         -57.40765
         -59.01549
         -58.41474
         -58.85736
         -58.52965
         -59.53093
         -57.91859
         -58.53698
         -59.47873
         -58.25963
         -59.93651
         -58.90129
         -59.43971
         -58.89938
         -57.38120
         -59.44542
         -59.05956
         -58.18740
         -57.98835
         -58.35231
         -59.38258
         -58.86278
         -59.06855
         -59.80588
         -59.34426
         -58.21716
         -58.07155
         -58.46232
         -58.54034
         -60.24993
         -59.12499
         -60.62399
         -58.53910
         -58.63113
         -58.86077
         -59.12687
         -59.00041
         -58.21366
         -58.34545
         -58.85413
         -58.32607
         -58.68416
         -58.85400
         -59.31222
         -59.19347
         -58.63793
         -59.47207
         -58.93769
         -58.70105
         -57.92189
         -57.89469
         -58.12524
         -58.25612
         -59.21536
         -59.53310
         -58.29829
         -58.79861
         -60.22466
         -58.58490
         -58.31963
         -58.70851
         -59.46383
         -58.18896
         -58.51650
         -59.71570
         -58.23793
         -58.72006
         -59.20417
         -58.69269
         -59.01786
         -58.55054
         -58.90137
         -58.06267
         -59.27619
         -59.43550
         -59.70089
         -58.37744
               NaN
         -59.06500
         -58.36929
         -58.94610
         -58.58996
         -59.31464
         -58.14291
         -59.20868
         -60.11307
         -57.62597
         -57.44336
         -58.77049
         -59.77533
         -57.89902
         -58.35124
         -58.28398
         -58.21373
         -59.07451
         -58.41646
         -59.37433
         -59.35226
         -57.60332
         -57.78138
         -58.42149
         -58.06379
         -58.36340
         -59.32464
         -59.27293
         -58.56466
         -57.63675
         -58.93327
         -58.36643
         -58.36272
         -59.21396
         -59.08969
         -58.31261
         -58.72388
         -59.49385
         -59.42334
         -58.70456
         -59.85487
         -58.49522
         -59.48617
         -59.19828
         -59.30458
         -59.51008
         -58.87009
         -58.15895
         -58.12547
         -57.57887
         -59.16427
         -59.06243
         -58.63174
         -59.30330
         -59.89793
         -58.57373
         -59.33579
         -59.79332
         -59.06605
         -58.99059
         -59.63589
         -58.51666
         -58.90893
         -58.50952
         -58.47092
         -58.84771
         -58.50139
         -58.66123
         -58.55247
         -57.46942
         -58.79906
         -60.28198
         -58.66162
         -60.35244
         -57.62133
         -58.59638
         -59.98579
         -58.23421
         -59.39147
         -58.01859
         -58.35083
         -59.21384
         -57.56430
         -59.10757
         -59.07721
         -58.17937
         -59.34200
         -58.70290
         -59.02759
         -58.31286
         -58.94408
         -59.10400
         -58.65901
         -58.97243
         -58.87936
         -59.73097
         -57.88025
         -58.06005
         -59.60144
         -56.97282
         -58.61388
         -59.46148
         -58.75811
         -59.91020
         -60.22580
         -59.57787
         -58.36073
         -58.70407
         -57.65042
         -59.07159
         -59.66782
         -60.20839
         -59.33359
         -59.11644
         -58.12228
         -57.74727
         -57.90500
         -59.41025
         -58.01961
         -58.55251
         -59.30004
         -59.02296
         -58.71614
         -58.95542
         -59.49093
         -58.01272
         -58.51553
         -59.04384
         -58.09348
         -57.39102
         -59.09938
         -58.75683
         -58.20782
         -59.19424
         -57.71068
         -59.33612
         -59.22440
         -58.27270
         -58.52409
         -58.06620
         -58.92222
         -57.17804
         -57.73074
         -58.47028
         -58.85216
         -59.93972
         -57.84008
         -58.66224
         -58.86840
         -58.58112
         -57.75771
         -56.93936
         -59.79157
         -57.48330
         -59.50985
         -59.37979
         -57.47012
         -59.53846
         -50.88119
         -51.06523
         -49.78992
         -51.14286
         -49.32445
         -48.93649
         -50.73894
         -50.85392
         -50.59403
         -52.60978
         -51.06443
         -51.58824
         -49.68544
         -50.81319
         -50.30027
         -49.21926
         -50.09460
         -50.38595
         -52.43790
         -48.70515
         -48.24775
         -48.79151
         -51.29938
         -49.59076
         -50.48783
         -49.07323
         -51.33595
         -51.61358
         -51.24899
         -49.68162
         -50.15520
         -51.15648
         -50.88889
         -52.41156
         -50.96876
         -50.49158
         -49.93657
         -51.61958
         -49.95851
         -50.96979
         -49.90228
         -51.70466
         -49.91278
               NaN
         -49.82347
         -52.76601
         -52.43757
         -49.39643
         -51.30443
         -51.38579
         -49.89293
         -51.26996
         -49.56191
         -49.91108
         -50.29245
         -49.92091
         -50.03584
         -51.04004
         -48.21398
         -53.01203
         -49.07583
         -49.83701
         -50.40902
         -50.69339
         -51.88844
         -48.49101
         -51.84020
         -51.08271
         -49.81027
         -49.41754
         -51.82583
         -49.61581
         -51.10467
         -51.21941
         -49.13369
         -50.38209
         -51.19602
         -51.64996
         -49.92632
         -50.45087
         -50.71710
         -52.33993
         -51.56071
         -49.06519
         -49.77774
         -51.53887
         -50.27905
         -50.53112
         -49.50754
         -49.92978
         -49.77629
         -51.07744
         -48.66327
         -49.85166
         -49.44891
         -51.10862
         -50.78418
         -48.38742
         -48.79598
         -51.62737
         -49.06867
         -51.49611
         -49.34423
         -50.67876
         -50.72350
         -52.06378
         -50.91731
         -50.35446
         -49.82385
         -50.45314
         -52.39589
         -51.75617
         -50.30692
         -50.66585
         -49.94608
         -50.85726
         -50.55344
         -49.74973
         -49.81801
         -50.40733
         -49.61291
         -52.81875
         -49.48021
         -52.00409
         -50.00594
         -50.78950
               NaN
         -51.52852
         -51.15035
         -49.45739
         -50.41592
         -49.72116
         -50.54180
         -51.82595
         -51.08992
         -50.09835
         -50.36246
         -50.69655
         -50.70570
         -52.03675
         -50.92984
         -51.63152
         -50.30174
         -50.56396
         -49.17438
         -50.65224
         -52.12507
         -48.48955
         -49.67771
         -51.18115
         -50.24876
         -50.35872
         -52.07739
         -50.17940
         -51.02474
         -49.55553
         -51.37552
         -51.34211
         -49.96959
         -49.17909
         -50.03940
         -51.28313
         -50.93660
         -49.11485
         -52.61042
         -51.94037
         -49.63160
         -52.07158
         -50.96071
         -50.44934
         -51.38135
         -51.28349
         -50.07815
         -50.42855
         -49.73502
         -51.06638
         -50.10308
         -51.00843
         -51.36961
         -49.51560
         -52.09632
         -51.79445
         -51.34913
         -49.85845
         -52.12825
         -52.41552
         -52.01768
         -51.79240
         -51.97327
         -49.98954
         -50.53648
         -50.20161
         -51.79237
         -48.21617
         -50.63997
         -52.25356
         -51.64465
         -49.85583
         -51.06373
         -53.25427
         -51.13170
         -50.39165
         -51.72027
         -51.06883
         -51.56156
         -49.89515
         -49.61981
         -51.06004
         -49.99581
         -49.61883
         -51.42099
         -51.62293
         -50.78052
         -51.83610
         -51.19429
         -50.45847
         -52.18130
         -49.27992
         -50.10234
         -51.23204
         -49.97007
         -51.26420
         -50.69140
         -51.74019
         -51.89632
         -51.57953
         -50.02316
         -49.35030
         -49.33258
         -50.15720
         -50.52286
         -49.70647
         -50.95356
         -48.38342
         -49.68607
         -49.25899
         -48.40231
         -50.41616
         -51.67029
         -51.21607
         -51.82965
         -51.15493
         -50.81200
         -50.36785
         -52.62662
         -51.22317
         -52.45888
         -50.14639
         -51.57914
         -49.49769
         -51.23344
         -51.50456
         -51.32436
         -51.43823
         -50.38666
         -49.07687
         -51.12423
         -50.69749
         -49.77240
         -53.45464
         -49.77124
         -51.09975
         -51.15648
         -51.55793
         -50.55174
         -50.30499
         -50.55876
         -51.59528
         -50.35820
         -52.04126
         -49.92324
         -51.84982
         -50.44143
         -52.57902
         -51.21642
         -51.61967
         -48.73566
         -50.23063
         -48.13508
         -50.97853
         -49.37663
         -50.91059
         -51.80468
         -50.98269
         -52.26762
         -50.33362
         -50.61073
         -50.17445
         -51.21976
         -51.30099
         -50.14209
         -49.72490
         -49.99303
         -52.12213
         -50.32684
         -48.61321
         -49.10662
         -49.91303
         -49.61180
         -51.02383
         -50.87603
         -49.94180
         -49.86841
         -51.87710
         -50.52014
         -50.72411
         -50.37508
         -51.20593
         -50.51738
         -50.02891
         -49.58544
         -51.56846
         -51.62926
         -52.02903
         -49.94242
         -53.06309
         -48.77875
         -48.48514
         -49.90086
         -50.57331
         -50.69990
         -50.22376
         -50.24381
         -49.02519
         -52.21456
         -51.53956
         -50.73443
         -50.67316
         -50.23599
         -50.73446
         -53.43210
         -51.14854
         -49.45469
         -52.22995
         -48.33483
         -50.11297
         -49.41926
         -50.59637
         -52.17176
         -51.56128
         -50.40340
         -52.14416
         -50.19972
         -50.27071
         -50.15726
         -48.89255
         -52.12987
         -50.53596
         -51.50046
         -51.53998
         -49.33271
         -50.93397
         -51.09304
         -51.13136
         -51.55082
         -49.94913
         -49.99365
         -51.32042
         -49.92296
         -50.89083
         -49.10653
         -49.87393
         -49.61744
         -49.98592
         -50.43839
         -51.31799
         -50.51986
         -47.71547
         -49.86187
               NaN
         -48.93407
         -50.17066
         -50.74703
         -50.71350
         -50.67958
         -52.18534
         -50.39774
         -49.34450
         -50.05215
         -50.18864
         -50.84886
         -48.72544
         -50.91481
         -48.71384
         -49.83661
         -52.59089
         -50.05931
         -50.72131
         -50.99391
         -48.76407
         -49.26020
         -51.73191
         -50.66620
         -50.88223
         -50.88087
               NaN
         -50.85501
         -51.07677
         -50.30095
         -48.99581
         -51.18617
         -50.61731
         -52.23995
         -51.05922
         -49.90596
         -48.70274
         -48.98486
         -52.48303
         -51.43128
         -51.26450
         -50.88094
         -50.11794
         -49.57543
         -52.16757
         -52.20779
         -51.03580
         -50.02771
         -51.68304
         -50.49946
         -52.37151
         -49.68183
         -49.11930
         -50.64031
         -49.87096
         -50.61181
         -51.53479
         -49.07288
         -49.22577
         -48.70257
         -50.06792
         -49.78276
         -48.24615
         -49.75154
         -48.76979
         -52.65424
         -51.22570
         -50.34182
         -52.71348
         -50.46228
         -51.22522
         -52.19859
         -49.34371
         -50.94221
         -51.31052
         -50.28198
         -50.07198
         -50.40562
         -49.46420
         -51.06221
         -51.41485
         -49.59628
         -49.38940
         -50.22793
         -50.11097
         -49.93691
         -48.12419
         -49.95332
         -50.40775
         -52.79691
         -52.10353
         -51.40399
         -50.92929
         -50.60850
         -51.33094
         -50.73484
         -51.43216
         -48.91769
         -51.79963
         -50.56679
         -49.56300
         -52.41449
         -50.06090
         -49.45177
               NaN
         -51.44684
         -51.45495
         -49.92876
         -52.26107
         -49.27992
         -52.17346
         -50.14222
         -49.04209
         -50.22609
         -49.35499
         -49.54781
         -50.64067
         -51.97935
         -50.00177
         -47.94637
         -48.38424
         -49.38337
         -51.73488
         -48.14748
         -50.82001
         -50.42115
         -51.37555
         -51.29186
         -50.13044
         -51.52540
         -50.85809
         -51.29968
         -51.02978
         -52.06169
         -50.37368
         -50.42277
         -50.51980
         -51.37381
         -50.71958
         -52.69992
         -50.84605
         -48.83379
         -50.37107
         -51.29043
         -52.28639
         -49.30788
         -51.19148
         -51.70699
         -50.64301
         -52.23296
         -49.90658
         -49.75527
         -51.09838
         -52.10397
         -49.51568
         -50.60386
         -52.58365
         -51.16229
         -50.93116
         -51.37051
         -51.46494
         -49.65887
         -49.78413
         -51.30814
         -49.74352
         -50.96361
         -50.36404
         -50.25712
         -50.94409
         -51.29553
         -50.68773
         -52.13347
         -52.18752
         -52.66549
         -50.54473
         -49.66906
         -50.17806
         -50.75669
         -52.23131
         -50.83815
         -50.11396
         -52.24245
         -50.82576
         -51.69585
         -50.72515
         -49.86944
         -50.65906
         -49.29118
         -50.51748
         -49.91784
         -49.15870
         -50.38991
         -50.70360
         -48.70383
         -49.22198
         -52.40767
         -51.18081
         -51.53713
         -51.30510
         -51.51357
         -51.55278
         -52.33146
         -51.91904
         -51.57554
         -50.51918
         -50.48874
         -50.41175
         -53.12373
         -50.30911
         -52.06910
         -52.92438
         -51.40147
         -50.66732
         -51.02067
         -50.48377
         -48.63229
         -48.41670
         -50.81655
         -52.64734
         -50.20012
         -49.45800
         -50.78629
         -52.12806
         -49.19489
         -50.79387
         -49.48433
         -50.66960
         -51.54399
         -50.28561
         -50.86974
         -50.61372
         -51.07460
         -50.99215
         -50.41212
         -48.77373
         -50.77452
         -50.28022
         -50.28559
         -50.44609
         -49.66686
         -49.69131
         -53.27278
         -49.41750
         -48.36174
         -50.25198
         -50.62334
         -51.93094
         -52.06008
         -50.86292
         -49.51957
         -52.12048
         -49.86212
         -51.01816
         -49.48217
         -49.96689
         -50.00523
         -51.27469
         -50.51313
         -51.15179
         -49.65357
         -50.15389
         -50.13554
         -50.74041
         -51.04710
         -51.57786
         -49.73104
         -48.30928
         -52.08253
         -49.30292
         -51.82265
         -49.07460
         -49.83388
         -51.59077
         -51.33081
         -51.02877
         -51.50987
         -50.76515
         -48.71015
         -49.65242
         -50.18697
         -49.65422
         -49.04909
         -50.17806
         -49.77687
         -50.55982
         -50.35308
         -50.17112
         -50.30793
         -50.81815
         -48.82233
         -50.07932
         -49.20446
         -52.01204
         -49.22042
         -52.48727
         -50.74791
         -50.17436
         -51.47492
         -50.44239
         -50.38398
         -51.13975
         -52.24394
         -50.49857
         -49.18465
         -49.56490
         -49.97597
         -51.23519
         -51.73092
         -50.07261
         -47.90658
         -49.86570
         -48.70214
         -51.12009
         -49.56588
         -51.86841
         -51.46672
         -49.39729
         -49.86774
         -49.93318
         -51.72814
         -51.45762
         -51.15473
         -49.21932
         -53.11090
         -50.75968
         -52.17371
         -51.69266
         -49.17231
         -51.19292
         -49.93112
         -51.36157
         -51.44388
         -51.01812
         -51.62091
         -51.50936
         -50.28463
         -52.03185
         -52.99756
         -49.78348
         -52.41775
         -50.65685
         -50.13263
         -50.28229
         -50.94781
         -51.14740
         -49.43797
         -51.31618
         -49.88120
         -50.88190
         -50.84603
         -50.18179
         -49.40001
         -50.66675
         -52.64324
         -52.20083
         -49.12376
         -49.80463
         -51.71330
         -51.04687
         -50.44314
         -50.42171
         -51.23680
         -52.04324
         -51.10633
         -51.17532
         -50.45551
         -51.08325
         -50.13055
         -51.81518
         -52.17203
         -49.75193
         -51.51295
         -49.21824
         -48.41965
         -49.88581
         -49.75900
         -51.04849
         -50.77388
         -53.12627
         -51.97150
         -49.26068
         -50.64540
         -51.42762
         -49.57887
         -50.26091
         -51.19542
         -49.98150
         -50.50056
         -51.77049
         -48.71261
         -50.94945
         -50.51414
         -50.46005
         -51.38514
         -49.58306
         -49.44896
         -50.92542
         -50.70293
         -50.39176
         -49.34166
         -49.93893
         -51.17594
         -50.01701
         -50.78187
         -52.10594
         -50.20675
         -52.25048
         -50.68965
         -51.99212
         -52.00710
         -49.63896
         -49.73763
         -49.99784
         -50.53131
         -48.30523
         -51.71628
         -50.10862
         -51.87179
         -51.18074
         -50.68864
         -51.13387
         -48.67628
         -48.85004
         -50.24429
         -49.69490
         -50.23548
         -49.49234
         -50.38563
         -51.48012
         -52.30324
         -50.08708
         -51.71421
         -49.13197
         -49.07220
         -49.71283
         -51.27834
         -50.34629
         -50.20676
         -51.48063
         -50.33830
         -49.38758
         -51.09316
         -49.95656
         -49.88232
         -50.32746
         -49.24443
         -48.47142
         -50.67212
         -51.09457
         -50.57244
         -51.72465
         -50.12695
         -51.06757
         -50.60130
         -49.43120
         -48.28102
         -50.95392
         -49.54645
         -51.43665
         -50.36176
         -51.20428
         -52.36544
         -50.67193
         -51.30358
         -50.94310
         -50.94737
         -49.40836
         -50.04665
         -50.42167
         -51.29055
         -49.78583
         -51.86739
         -51.37988
         -51.85024
         -50.47768
         -50.73628
         -51.40012
         -50.29162
         -51.02560
         -51.11372
         -49.52209
         -50.60638
         -50.92976
         -50.72475
         -51.71993
         -51.36534
         -48.77448
         -49.97592
         -51.25695
         -48.87779
         -51.15923
         -51.05102
         -49.63700
         -50.86164
         -50.14888
         -49.27753
         -49.73183
         -52.41461
         -48.96892
         -51.13142
         -50.58610
         -51.62944
         -48.84811
         -50.58662
         -51.13784
         -50.62574
         -49.31648
         -49.76162
         -49.87690
         -50.31134
         -50.39503
         -50.93945
         -51.03160
         -50.66868
         -50.55718
         -50.77230
         -51.29968
         -49.18093
         -50.79864
         -49.91295
         -51.91741
         -51.41722
         -49.84406
         -48.87834
         -50.60825
         -50.74030
         -50.60440
         -49.77590
         -50.69550
         -50.24042
         -49.91958
         -50.13760
         -49.94448
         -51.10427
         -52.31413
         -51.63739
         -51.88232
         -52.14788
         -49.62648
         -48.97408
         -49.01702
         -51.89510
         -48.86963
         -51.56254
         -51.05802
         -50.72826
         -52.37446
         -49.41828
         -52.26967
         -52.07442
         -49.55790
         -50.12781
         -50.54895
         -50.18906
         -50.73900
         -51.82650
         -49.24970
         -49.97944
         -50.67631
         -51.97757
         -51.46086
         -51.18203
         -50.93721
         -48.88444
         -52.02561
         -51.66794
         -51.01300
         -48.32527
         -48.95354
         -51.20488
         -48.91993
         -51.88642
         -49.51026
         -51.88257
         -49.97558
         -50.72265
         -52.69682
         -49.57429
         -51.84360
         -52.17677
         -49.79999
         -50.26635
         -51.85288
         -52.38148
         -50.00993
         -50.78647
         -49.61905
         -51.06305
         -49.76924
         -48.06972
         -51.32588
         -51.64054
         -51.19175
         -50.23619
         -51.66997
         -50.78966
         -50.88336
         -50.59603
         -49.24318
         -51.84820
         -50.16134
         -49.58114
         -51.20887
         -51.22230
         -51.95136
         -50.40262
         -51.86897
         -50.62393
         -50.77790
         -51.44664
         -49.39296
         -48.71486
         -49.43163
         -53.37004
         -51.24204
         -51.24918
         -50.29054
         -51.77366
         -51.06744
         -51.32616
         -49.80445
         -50.71176
         -48.64706
         -48.27743
         -49.95554
         -51.20487
         -51.04780
         -51.50725
         -49.95137
         -49.35612
         -50.60024
